AG AXG AOGA AOXGA G
0.25,1.179166666666667,0.9166666666666666,1.234333333333333,1
0.8333333333333333,0.9331666666666667,1.616666666666667,1.400166666666667,1
2.566666666666666,2.708333333333333,0.2,0.5416666666666666,2
1.416666666666667,1.972833333333333,4.233333333333333,2.557666666666667,2
0.7,2.005833333333333,2.133333333333333,1.728333333333333,1
0.8333333333333333,0.7083333333333333,1,1.410833333333333,2
0.2,0.9533333333333334,1.116666666666667,1.425,1
1.416666666666667,1.337666666666667,0.2,0.8981666666666666,0
1.083333333333333,0.8123333333333334,2.483333333333333,2.336,1
0.5,0.7523333333333333,1.033333333333333,2.581333333333333,1
2.533333333333333,1.756333333333333,3.65,2.387,5
2.033333333333333,2.084333333333333,0.25,1.005666666666667,1
1.283333333333333,1.105333333333333,1.416666666666667,1.109333333333333,1
0.95,1.697666666666667,1.2,0.9169999999999999,0
1.15,1.766166666666667,1.2,1.035333333333333,2
2.566666666666666,2.1335,2.583333333333333,2.174833333333333,3
2.866666666666667,2.630333333333334,1.316666666666667,2.073166666666667,4
1.116666666666667,0.5658333333333333,0.7333333333333334,1.621333333333334,2
1.9,1.9945,0.6666666666666666,0.6908333333333334,0
1.65,0.8258333333333333,1.5,1.294833333333333,2
1.666666666666667,1.729166666666667,1.483333333333333,1.389166666666667,1
0.3333333333333333,0.6988333333333333,1.666666666666667,1.075833333333333,0
0.7333333333333334,0.7205,0.5,0.8238333333333334,1
0.8333333333333333,1.638333333333333,1.783333333333333,0.9445,1
1.866666666666667,1.2915,1.75,1.242833333333333,0
2.616666666666667,1.825833333333333,1.233333333333333,0.7256666666666667,2
1.533333333333333,1.5825,1.283333333333333,0.9891666666666666,1
1.083333333333333,1.485,2.7,2.398333333333333,0
0.75,1.103666666666667,2.533333333333333,2.303166666666667,1
1.083333333333333,1.724666666666667,0.5333333333333333,1.925,1
0.7833333333333333,0.6531666666666667,1.616666666666667,1.098,0
0.7,0.577,1.733333333333333,1.749833333333333,0
1.033333333333333,1.640333333333333,2.416666666666667,1.813333333333333,0
1.166666666666667,1.1185,2.516666666666667,2.1535,0
2.2,1.7845,1.45,1.1875,1
4.983333333333333,3.937833333333333,0.75,1.602833333333333,3
0.45,0.3828333333333333,1.4,1.067666666666667,0
1.416666666666667,1.3475,1.65,0.891,0
3.816666666666666,2.62,2.083333333333333,1.692166666666667,2
2.116666666666667,2.011333333333333,2.833333333333333,2.1465,0
4.166666666666666,2.694,2.25,2.022,1
1.816666666666666,1.6285,1.283333333333333,1.028666666666667,2
2.816666666666666,2.395666666666667,4.666666666666667,3.005166666666667,1
0.7,0.875,2.7,2.254833333333333,3
0.3333333333333333,0.5135,1.433333333333333,1.6445,1
1.983333333333333,1.609,0.65,0.8194999999999999,1
2.333333333333333,1.8155,2.116666666666667,1.88,0
1.9,2.3205,1.3,1.085,1
1,0.9811666666666667,1.65,1.598166666666667,1
3.433333333333334,2.373666666666667,1.15,1.552,1
1.15,1.323166666666667,0.5,0.9571666666666667,3
3.3,3.043333333333333,3.366666666666667,2.775833333333333,0
0.95,1.318166666666667,1.75,1.907833333333333,0
2.816666666666666,2.295333333333333,1.5,1.074166666666667,0
0.75,0.9775,2.333333333333333,2.157166666666666,0
1.833333333333333,1.592333333333333,0.8333333333333333,1.347333333333333,3
0.5333333333333333,0.8713333333333334,1.033333333333333,1.456,1
1.95,2.362666666666667,1.066666666666667,0.9183333333333334,1
1.5,2.362333333333333,1.9,1.290166666666666,0
2.033333333333333,1.341,2.233333333333333,2.261333333333333,0
1.033333333333333,0.8155,1.45,2.031333333333333,0
1.166666666666667,1.305833333333333,1.65,1.843833333333333,2
0.95,1.096,1.116666666666667,0.8393333333333333,0
0.65,0.7481666666666666,1.4,1.7415,1
0.7,1.146833333333333,0.8666666666666667,1.3435,2
0.6,0.9299999999999999,2.183333333333334,2.4775,0
2.083333333333333,1.972166666666667,3.25,2.047166666666667,0
1,1.441833333333333,1.25,0.9368333333333333,1
3.616666666666667,2.5255,0.7,0.7113333333333334,0
2.333333333333333,2.068,1.416666666666667,1.407166666666666,1
2.316666666666666,1.777166666666667,2.233333333333333,1.944666666666667,1
0,0.4675,1.5,1.822166666666667,1
0.7,1.025166666666667,1.116666666666667,1.5965,1
0.7833333333333333,1.259,1.533333333333333,1.142666666666666,1
1.333333333333333,1.634166666666667,0.4,0.7475000000000001,0
1.866666666666667,1.208,1.433333333333333,0.8935,1
1.166666666666667,1.188833333333333,1.75,1.325,1
2.15,1.6325,1.533333333333333,1.238833333333333,1
1.033333333333333,1.418,1.766666666666667,1.687833333333333,1
1.733333333333333,1.677833333333333,0.9333333333333333,0.7438333333333333,0
2.916666666666667,2.116333333333333,1.083333333333333,1.219833333333333,1
1.033333333333333,1.314333333333333,1.783333333333333,1.331333333333333,0
0.8333333333333333,0.8818333333333334,0.3333333333333333,1.348833333333333,0
1.083333333333333,1.720833333333333,1.5,1.165166666666667,1
0.5,0.7893333333333333,0.7833333333333333,1.176,2
1.333333333333333,1.731833333333333,1.333333333333333,1.669333333333333,1
0.9166666666666666,1.250666666666667,1.333333333333333,1.029333333333333,0
2.616666666666667,2.0735,1.183333333333333,1.053833333333333,2
0.7,1.176666666666667,0.25,0.624,0
0.9833333333333334,1.266833333333333,0.9833333333333334,0.8971666666666667,3
1.333333333333333,0.9281666666666666,0.25,0.9901666666666668,1
0.5833333333333333,1.0695,1.483333333333333,1.593666666666667,1
1.983333333333333,1.510333333333333,4.216666666666667,1.987,0
1.55,1.563666666666667,0.7833333333333333,0.9491666666666666,0
0.65,0.7946666666666666,1.283333333333333,1.511333333333333,0
0.4,0.7466666666666666,2.083333333333333,1.9495,1
0.45,0.6764999999999999,3.166666666666667,2.357,1
0.2,0.4498333333333334,0.75,0.6558333333333333,0
0.5333333333333333,1.144333333333333,0,0.5736666666666665,1
3.616666666666667,1.796333333333333,1.95,1.345166666666667,0
3.083333333333333,2.336,0.8666666666666667,0.8243333333333334,1
0.5,0.8136666666666665,0.45,0.7563333333333333,1
0.45,1.701833333333333,1.283333333333333,0.9248333333333333,1
1.7,1.829,2,1.6805,2
0.7,0.7643333333333333,2.2,2.095833333333333,0
1.2,1.200666666666667,0.7,0.84,0
3.316666666666666,1.702,0.5333333333333333,1.519,4
1.533333333333333,1.811833333333333,1,0.5798333333333333,1
2.7,1.783333333333333,0.8333333333333333,1.369333333333333,1
0.5333333333333333,1.239166666666667,2.45,1.910166666666667,0
0.8333333333333333,0.7281666666666666,1.45,1.525666666666667,0
2.116666666666667,2.056,1.833333333333333,0.9798333333333333,3
0.25,1.216833333333333,1.083333333333333,1.060833333333333,2
0,0.3811666666666667,1.383333333333333,1.509,0
0.8333333333333333,1.777833333333333,0.75,1.0175,1
4.033333333333333,2.103833333333333,0.3333333333333333,0.4886666666666666,1
0.6666666666666666,0.8591666666666666,1.483333333333333,1.427,1
0.5833333333333333,0.6198333333333333,2.483333333333333,1.7655,1
0.7333333333333334,0.6621666666666667,2.25,1.993333333333333,3
0.25,0.879,3,3.1005,0
3.516666666666667,3.100166666666667,0.25,0.8486666666666667,2
2.183333333333334,1.729333333333333,1.233333333333333,1.135333333333333,2
0.5833333333333333,0.4596666666666667,1,0.9856666666666667,2
1.75,0.9061666666666667,1.25,1.4825,0
1.6,1.630333333333333,1.533333333333333,1.428,2
1.283333333333333,1.3225,3.033333333333333,1.917833333333333,0
0.45,0.8628333333333333,1.116666666666667,1.115666666666667,0
0.7833333333333333,1.701,0.7,1.348,2
2.4,2.445666666666666,1.033333333333333,0.5698333333333333,1
1.283333333333333,0.9086666666666667,2.033333333333333,1.4745,1
0.5,0.74,1.616666666666667,1.709166666666667,1
1.666666666666667,2.523166666666667,0.5333333333333333,1.299833333333333,0
2.633333333333333,1.611333333333333,1.95,1.514166666666667,0
1.033333333333333,0.6725,1.783333333333333,1.588666666666667,0
0.7833333333333333,1.571666666666667,0.7,1.071,1
1.166666666666667,1.904166666666667,1.816666666666667,1.175666666666667,0
0.95,1.334,2,2.446666666666666,3
1.866666666666667,1.353666666666667,1.166666666666667,1.249833333333333,1
3.566666666666666,2.252333333333334,1.866666666666667,1.533,1
2.166666666666667,1.9215,0.8666666666666667,0.8735000000000001,0
1.866666666666667,1.811,2.416666666666667,1.604666666666667,0
1.283333333333333,0.7146666666666667,1.283333333333333,1.446166666666667,1
0.75,0.9313333333333335,0.9,1.062666666666667,0
0.8666666666666667,1.276166666666666,1.033333333333333,1.044,2
1.666666666666667,0.9881666666666667,2.966666666666667,3.043166666666667,1
0.45,0.654,1.35,1.294333333333333,1
0.95,1.198833333333333,1.2,1.571,2
0.9,1.650333333333333,1.416666666666667,1.270666666666667,0
2.183333333333334,2.214333333333333,1.616666666666667,1.512833333333333,0
1.566666666666667,2.021666666666667,0.3333333333333333,0.5656666666666667,2
1.283333333333333,0.7685,0.7833333333333333,0.9113333333333333,0
1.9,2.098166666666667,1.033333333333333,0.931,0
1.15,2.1395,1.033333333333333,1.000666666666667,1
0.7,0.6613333333333333,1.25,1.306666666666667,1
1.066666666666667,1.661333333333333,2.65,1.697,2
0.4,1.104833333333333,0.5833333333333333,0.8296666666666666,1
1.116666666666667,1.415,1.733333333333333,1.454,2
1.783333333333333,1.617666666666667,1.65,0.9958333333333333,2
1.983333333333333,1.199333333333333,0.5,2.209666666666667,3
1.733333333333333,1.117833333333333,0.9833333333333334,1.079833333333333,1
1.75,1.554833333333333,2.666666666666667,2.4115,1
1.566666666666667,1.023333333333333,1.783333333333333,1.097666666666667,0
2.416666666666667,1.826333333333333,1.483333333333333,1.5605,3
1,0.6113333333333334,1.666666666666667,1.683666666666667,0
1.316666666666667,1.951,0.7,0.771,0
1.783333333333333,1.511166666666667,0.6666666666666666,1.058,2
0.45,1.302,1.983333333333333,1.8755,0
1.666666666666667,1.532166666666667,0.65,1.348333333333333,1
0.7,1.301333333333333,1.183333333333333,1.872,0
0.8333333333333333,0.8114999999999999,1.033333333333333,1.298666666666667,0
2.583333333333333,1.182,1.75,1.953,1
1.566666666666667,2.016833333333333,2.283333333333333,1.751666666666666,0
3.2,1.975,2.533333333333333,1.1385,4
2.083333333333333,2.277,1.666666666666667,2.0445,1
0.6666666666666666,0.787,0.7,1.771666666666667,2
1.066666666666667,1.585333333333333,2.4,1.9885,1
1.95,2.501833333333333,0.5833333333333333,1.019333333333333,0
1.783333333333333,2.807666666666667,1.9,1.946666666666667,1
1.683333333333333,0.9708333333333332,3.583333333333333,1.905833333333333,2
0.4,1.156,1.333333333333333,1.545833333333333,1
2.283333333333333,1.622833333333333,0.45,1.251833333333333,0
0.5,1.263833333333333,1.65,2.488833333333333,2
0.65,0.6631666666666667,1.45,1.338333333333333,1
0.8333333333333333,1.46,0.5833333333333333,0.8119999999999999,0
1.95,0.9553333333333334,1.033333333333333,0.5773333333333333,0
2.516666666666667,1.8245,1.866666666666667,2.2865,1
1.333333333333333,1.622833333333333,1.483333333333333,1.236166666666667,1
1.283333333333333,1.234166666666667,3.533333333333333,1.533,3
1.616666666666667,2.2465,1.333333333333333,1.320833333333333,3
0.65,1.4925,1.483333333333333,2.3095,1
1.15,1.306166666666667,1.566666666666667,1.7025,0
4.183333333333334,2.157,1.95,1.362166666666667,1
0.2,0.7324999999999999,0.45,0.9570000000000001,1
0.9833333333333334,0.849,1.033333333333333,1.791,1
2.15,1.354666666666667,0.95,1.276,1
1.616666666666667,2.4315,1.166666666666667,1.602166666666667,3
1.9,2.447833333333334,0.5,1.5905,1
0.7833333333333333,1.395,2.35,1.333666666666667,1
1.85,1.650333333333333,0.9833333333333334,2.017,3
0.65,1.2815,0.5333333333333333,0.9448333333333334,0
1.883333333333333,2.521,1.65,2.976833333333333,3
0.7833333333333333,0.9143333333333334,1.816666666666667,1.6085,0
0.5,0.8193333333333334,1.783333333333333,1.903,3
1.033333333333333,0.6546666666666667,1.333333333333333,1.546833333333333,0
0.5333333333333333,0.5541666666666667,1.2,1.241333333333333,0
1.833333333333333,1.823833333333333,1.166666666666667,0.8085,3
1.333333333333333,2.105333333333333,1.166666666666667,1.2845,2
0.9166666666666666,1.441,0.45,0.6333333333333333,1
0.8333333333333333,1.512833333333333,0.5333333333333333,1.588666666666667,1
2.366666666666667,2.171,2.283333333333333,2.283333333333333,1
1.7,2.164166666666667,0.5833333333333333,1.473,2
0.2,1.170666666666667,2.15,2.276333333333334,1
2.6,1.825333333333333,2.6,3.185666666666667,1
1.683333333333333,2.299,1.833333333333333,1.274666666666667,0
2.183333333333334,1.790333333333333,1.2,0.9848333333333333,0
1.833333333333333,1.335833333333333,1.683333333333333,1.8795,2
2.033333333333333,1.6215,2.2,2.438333333333333,1
1,2.122333333333334,1.15,1.608666666666667,0
1.116666666666667,1.508833333333333,1.2,0.9951666666666665,0
0.2,0.5559999999999999,1.25,1.4485,1
1.783333333333333,2.051166666666667,1.783333333333333,1.931,0
2.233333333333333,2.1315,1.033333333333333,1.230166666666667,6
0.95,0.6036666666666666,2.65,1.554833333333333,1
2.45,1.749333333333333,1.833333333333333,1.492,0
2.733333333333333,1.4215,1.45,1.362833333333333,1
2.283333333333333,2.050166666666667,2.25,1.2285,0
2.433333333333334,1.851833333333333,2.866666666666667,1.922833333333333,1
0.5,1.009333333333333,1.616666666666667,1.8885,1
2.016666666666667,2.287833333333333,2.2,1.860333333333333,2
0.7,1.993333333333333,1.25,1.8335,0
3.616666666666667,2.398,2,1.553833333333333,1
2.783333333333333,1.559333333333333,1.433333333333333,2.065333333333333,2
2.5,2.078,1.683333333333333,2.283666666666667,1
1.833333333333333,2.080166666666667,0.7333333333333334,1.048833333333334,1
0.85,0.915,1.433333333333333,1.209166666666667,1
1.45,1.527,3.45,1.561,1
1.533333333333333,1.599,2.433333333333334,1.420833333333333,0
0.9,1.733833333333333,1.45,1.6765,1
3.2,2.0415,1,0.8159999999999999,2
1.45,1.2585,1.433333333333333,1.379833333333333,1
2.033333333333333,1.066666666666667,2.483333333333333,2.3045,1
1.583333333333333,1.017833333333333,1.45,1.4775,0
2.116666666666667,1.151333333333333,1.733333333333333,1.754666666666667,2
0,1.309666666666667,2.283333333333333,2.672166666666667,1
2.816666666666666,2.1055,1.366666666666667,1.136333333333333,2
1.083333333333333,0.6693333333333333,1.866666666666667,1.759333333333333,1
2.533333333333333,2.562666666666667,1.416666666666667,1.591,2
2.733333333333333,2.31,1,1.136666666666667,2
1.883333333333333,1.449333333333333,1.483333333333333,1.815833333333333,2
1.333333333333333,1.286666666666667,2.033333333333333,1.477666666666667,2
0.3333333333333333,0.9340000000000002,2.883333333333333,2.048333333333333,0
1.2,1.492333333333333,2.283333333333333,1.7345,1
2.183333333333334,2.261333333333333,3.533333333333333,1.590666666666667,1
1.583333333333333,1.547,1.7,1.179,1
1.333333333333333,1.449666666666667,1.166666666666667,1.795333333333333,3
2.083333333333333,1.502833333333333,2.183333333333334,1.374,1
3.616666666666667,2.422333333333333,0.7833333333333333,1.407333333333334,0
2.2,1.177,0.75,1.212333333333333,2
1.283333333333333,1.3505,0.8666666666666667,1.024833333333333,0
1.366666666666667,1.686833333333333,1.566666666666667,1.245,0
2.116666666666667,2.233833333333333,1.416666666666667,1.308333333333333,4
1.95,1.588833333333333,3.616666666666667,2.841333333333333,2
1.616666666666667,1.920666666666667,1.816666666666667,2.093333333333334,2
2.816666666666666,1.735333333333333,2.066666666666666,1.617166666666667,1
1.366666666666667,1.040333333333333,2.783333333333333,2.472666666666667,0
1.333333333333333,1.539166666666667,1.616666666666667,1.393333333333333,0
1.533333333333333,1.595333333333333,1.283333333333333,1.620166666666667,0
1.916666666666667,1.3985,1.283333333333333,1.3395,2
1.083333333333333,1.312,1.95,2.758333333333333,1
4.033333333333333,1.836166666666667,2.15,2.174666666666667,1
1.45,1.375166666666667,0.7,1.392333333333333,1
0.2,1.205333333333333,1.816666666666667,2.2105,0
2.15,2.803833333333333,1.033333333333333,0.9193333333333333,1
2.766666666666667,2.6795,3.916666666666667,1.4645,0
2.516666666666667,2.186,1.95,1.4525,2
0,0.9993333333333334,1.4,0.8680000000000001,2
1.983333333333333,1.567166666666667,1.65,0.9953333333333332,0
0.9833333333333334,1.543,2.7,1.548833333333333,2
1.7,1.5425,0.85,1.4395,1
1.4,0.6599999999999999,2.316666666666666,2.51,2
3.233333333333333,2.404,2.233333333333333,1.408166666666667,2
1.45,1.236,0.9,0.9854999999999999,1
2.033333333333333,1.424166666666667,2.366666666666667,1.038166666666667,1
3.033333333333333,1.1035,1.333333333333333,1.954,2
1.283333333333333,1.3165,1.866666666666667,2.162166666666667,0
2.5,1.989333333333333,1.583333333333333,1.074833333333333,1
0.8333333333333333,1.772333333333334,2.833333333333333,2.227666666666666,1
1.166666666666667,1.4255,1.683333333333333,1.1955,2
1.816666666666667,1.288166666666667,2.033333333333333,1.910333333333333,1
2.433333333333334,2.123833333333333,1.15,1.694666666666667,2
1.15,1.648333333333333,1.166666666666667,1.351,0
3.166666666666667,2.090166666666667,1.833333333333333,1.926,0
1.833333333333333,1.702,2.5,1.642833333333333,1
2.966666666666667,2.654166666666667,2.566666666666666,2.472666666666667,3
2.566666666666666,2.4755,1.583333333333333,1.895,0
0.6666666666666666,1.010166666666667,2.366666666666667,1.742166666666667,0
1.95,1.766333333333333,2.866666666666667,1.628666666666667,2
1.366666666666667,1.000666666666667,1.783333333333333,1.284666666666667,2
1.483333333333333,1.321,0.9,1.677833333333333,1
2.366666666666667,1.342,1.416666666666667,1.9335,0
1.583333333333333,2.556,2.283333333333333,1.6795,0
1.383333333333333,0.9743333333333334,1.616666666666667,2.671,1
2.066666666666666,2.0055,1.033333333333333,0.9289999999999999,1
2.116666666666667,2.7115,2.233333333333333,1.448333333333333,0
1.816666666666667,1.39,2.483333333333333,1.904333333333333,1
1.45,1.221833333333333,1.633333333333333,1.3135,1
0.4,1.363166666666667,2.4,2.661,0
1.316666666666667,0.6264999999999999,2.016666666666667,1.9215,2
1.366666666666667,1.213833333333333,1.4,2.245166666666667,1
0.75,2.318833333333334,0.7,1.775833333333333,0
1.9,2.1535,1.45,1.482833333333333,1
1.533333333333333,1.538333333333333,2.566666666666666,1.338166666666667,0
1.4,2.258833333333333,1.333333333333333,1.271833333333333,2
2.4,1.576833333333333,1.866666666666667,0.9695,1
1.783333333333333,1.968166666666667,1,1.9885,0
1.65,2.466666666666667,2.783333333333333,1.368,4
0.9833333333333334,1.061666666666667,1.983333333333333,2.529833333333333,1
3.433333333333334,1.583833333333333,0.5333333333333333,0.8801666666666668,1
1.9,1.577333333333333,1.7,1.459666666666667,0
2.45,2.5585,1.583333333333333,1.920666666666667,2
0.5333333333333333,1.874833333333333,2.65,2.275833333333333,1
2.233333333333333,2.132666666666667,0.7,1.654,2
0.45,0.5868333333333333,1.816666666666667,2.331333333333333,0
1.066666666666667,0.5763333333333333,0.75,0.9298333333333333,2
0.9833333333333334,1.248,1.85,2.9895,1
2.866666666666667,2.1715,0,1.1445,0
1.416666666666667,1.3295,1.4,0.9258333333333333,0
1.25,2.637,0.8666666666666667,0.891,0
0,1.2405,1.083333333333333,0.9665000000000001,2
1.433333333333333,1.372,0.9833333333333334,0.5996666666666667,4
1.7,1.624833333333333,4.033333333333333,1.750833333333333,0
1.033333333333333,1.480666666666667,1.5,1.268833333333333,1
2.666666666666667,1.941666666666667,1,1.538333333333334,2
1.033333333333333,1.068,1.833333333333333,1.607666666666667,1
2.483333333333333,1.874833333333333,1.533333333333333,1.234,0
2.033333333333333,1.117166666666667,1.166666666666667,1.595,0
1,1.189333333333333,1.45,1.491666666666667,2
1.866666666666667,1.433,1.866666666666667,1.370666666666667,0
0.5333333333333333,1.6285,4.616666666666667,2.033666666666667,1
4.783333333333333,2.633666666666667,1.416666666666667,0.5216666666666666,1
4,2.073666666666667,0.25,0.5179999999999999,1
2.4,2.1075,0.4,0.7991666666666667,2
1.066666666666667,0.5966666666666667,0.9833333333333334,0.7361666666666666,0
0.6666666666666666,1.091166666666667,3.533333333333333,1.912166666666667,1
1.066666666666667,1.425333333333333,1.833333333333333,2.587,1
2.65,1.68,3.65,2.5275,1
0.45,1.2045,0.65,1.038,1
1.283333333333333,0.9266666666666666,3.666666666666667,2.427,2
0.95,1.119,0.7833333333333333,1.463333333333333,1
1.15,0.761,1.416666666666667,1.483333333333334,1
1.333333333333333,0.7411666666666666,0.65,1.0385,0
0.7833333333333333,1.396833333333333,1.333333333333333,0.6886666666666666,0
0.9166666666666666,1.117,2.55,1.559333333333333,0
4.066666666666666,2.596333333333334,0,0.8076666666666666,0
2.583333333333333,1.508,2.333333333333333,1.605666666666667,3
0.7,1.073,2.166666666666667,1.3155,1
0.5333333333333333,1.253166666666667,2.633333333333333,1.6885,0
2.166666666666667,2.171,0.3333333333333333,1.0365,2
1.333333333333333,1.673166666666667,2.2,1.109833333333333,1
2.233333333333333,1.585666666666667,3.483333333333333,2.003666666666667,1
1.233333333333333,1.1945,0.9833333333333334,1.158666666666667,1
0.9,1.197833333333334,0.2,0.6993333333333334,0
1.2,0.7625,0.3333333333333333,0.7498333333333334,0
0.5833333333333333,0.5331666666666667,1,1.092,1
0.3333333333333333,0.8236666666666667,0.45,0.3758333333333334,0
3.65,2.702,2,1.393833333333333,1
2.116666666666667,1.419166666666666,2.983333333333333,2.61,2
4.283333333333333,2.121166666666666,1.033333333333333,1.364666666666667,1
0.3333333333333333,0.6253333333333334,0.9833333333333334,0.9311666666666667,1
0.2,0.8488333333333333,2.316666666666666,1.692666666666667,0
1.95,2.26,1.833333333333333,1.434,3
0.25,0.6689999999999999,1.083333333333333,1.964666666666667,2
1.283333333333333,1.3205,0.5,0.52,0
2.833333333333333,2.0365,1.533333333333333,1.1735,3
0.8333333333333333,0.523,1.866666666666667,1.0975,1
3.066666666666666,1.8415,1.95,1.7045,1
0.7,0.7518333333333334,1.033333333333333,1.629,0
2.283333333333333,1.172,1.95,1.196333333333333,3
1.083333333333333,1.335166666666667,1.7,1.1535,1
1.566666666666667,0.9793333333333333,1.583333333333333,1.237,0
0.5333333333333333,1.269,0.85,0.4994999999999999,1
0.75,0.604,1.533333333333333,0.839,0
3.383333333333333,2.327,0.5,0.4723333333333333,0
0.5,0.854,1.866666666666667,2.057333333333333,0
0.5333333333333333,0.516,1.333333333333333,1.061,0
1.2,0.8568333333333333,0.4,0.861,0
2.166666666666667,0.9103333333333332,1.5,1.3195,0
2.85,2.213833333333334,1.616666666666667,1.713333333333333,1
0.75,0.4821666666666667,1.25,1.033666666666667,0
2.983333333333333,1.680666666666667,1.95,1.229833333333333,1
2.2,1.611,1.95,1.475166666666667,2
1.283333333333333,1.083333333333333,1.683333333333333,1.727166666666667,0
2.55,2.271666666666667,2.25,1.638,3
0.9,0.6234999999999999,1.733333333333333,1.287333333333333,0
0.25,0.7178333333333333,1.75,1.407833333333333,1
0.65,0.7083333333333333,1.5,1.056833333333333,0
0.9166666666666666,1.071833333333333,0.7,1.023666666666667,0
2.25,1.361,0.3333333333333333,0.6455,0
1.55,1.340166666666667,1.25,0.802,0
1.65,1.908,0.25,1.003666666666667,0
2.583333333333333,1.5645,0.75,1.219833333333333,5
0.5,1.057833333333333,1.616666666666667,0.9043333333333333,1
1.866666666666667,1.4655,0.3333333333333333,0.8613333333333333,3
0.3333333333333333,0.6876666666666666,1.583333333333333,0.8363333333333334,0
0.7,1.013166666666667,2.283333333333333,1.818666666666667,1
0.75,0.4313333333333333,2.283333333333333,1.096166666666667,3
0.5833333333333333,0.5405,1.033333333333333,1.237166666666667,1
2.283333333333333,1.450333333333333,1.533333333333333,1.1615,2
2.483333333333333,1.112666666666667,1.366666666666667,1.0885,1
2.283333333333333,2.344833333333333,0.65,0.8243333333333333,1
1.25,1.570666666666666,0.7,0.7101666666666666,1
0.5,1.599333333333333,1.833333333333333,1.775666666666667,0
0.5833333333333333,0.8196666666666667,1.75,0.9848333333333333,1
1.6,0.7386666666666667,2.416666666666667,1.446333333333333,0
0.95,0.4016666666666667,0.5,1.147333333333333,1
4.616666666666667,2.669333333333333,0.7,1.2025,2
0.8333333333333333,0.8926666666666667,1.25,0.7313333333333333,0
0.5,0.6348333333333332,2.983333333333333,1.743166666666667,1
0.95,0.7681666666666667,1.45,1.013,1
1.333333333333333,0.9199999999999999,1.366666666666667,0.8175,1
0.2,0.7375,1.283333333333333,0.6515,1
0.5333333333333333,0.8126666666666666,1.95,1.249166666666667,1
1.25,0.5956666666666667,0,1.28,1
1.65,1.450833333333333,1.333333333333333,0.7598333333333334,2
2.116666666666667,1.4305,1.316666666666667,1.356166666666667,0
2.283333333333333,1.748333333333333,1.233333333333333,1.005333333333333,0
1.083333333333333,0.9893333333333333,1.583333333333333,0.7404999999999999,0
0.5,1.578333333333333,0.75,0.8563333333333334,0
1.45,0.7398333333333333,2.033333333333333,1.189333333333333,0
1.983333333333333,0.7204999999999999,2.583333333333333,2.335833333333333,0
4.666666666666666,3.319666666666667,1.35,1.288166666666667,2
1.083333333333333,0.9788333333333333,2.083333333333333,1.331833333333333,1
1.333333333333333,0.9484999999999999,1.75,1.748833333333333,0
1.25,1.216333333333333,1.666666666666667,1.064166666666667,0
0.3333333333333333,0.6686666666666667,2.233333333333333,1.4725,1
1.033333333333333,0.7595000000000001,2.333333333333333,1.942833333333333,3
1.116666666666667,0.8585,0.8333333333333333,1.002166666666667,0
1.766666666666667,1.476833333333333,1.533333333333333,1.551166666666667,1
2.2,1.5535,0.9333333333333333,1.213666666666667,1
1.15,0.8233333333333335,0.7833333333333333,0.6031666666666666,0
0.9333333333333333,0.7811666666666666,0.45,0.621,0
2.033333333333333,2.115166666666667,1.366666666666667,0.9368333333333334,0
0.7,0.6071666666666666,0.75,1.141,0
0.5333333333333333,0.7878333333333334,1.2,1.531666666666667,1
2,1.639,1.416666666666667,1.1755,4
0.45,1.078333333333333,0.75,1.6615,2
0.7833333333333333,1.2435,0.9,0.8498333333333333,0
0.95,1.2585,0.9,1.2915,0
1,1.3985,1.533333333333333,1.682,0
0.75,0.8235,1.95,1.3635,0
2.483333333333333,1.1565,2.45,1.6935,1
2.083333333333333,1.226166666666667,0.45,0.6515,3
0.7,0.8468333333333333,1.783333333333333,1.480833333333333,2
1.2,0.7925,1.2,0.9504999999999999,0
0.5333333333333333,1.126333333333333,0.75,0.9571666666666666,1
2.133333333333333,2.218166666666667,1.033333333333333,1.078166666666667,1
0.7,0.6164999999999999,2.233333333333333,0.8671666666666666,2
1.45,1.409833333333333,0,0.492,3
1.533333333333333,1.497333333333333,2.916666666666667,1.813833333333333,1
2,1.359666666666667,1.75,2.3095,0
2.25,1.6325,1.95,1.36,1
1.666666666666667,1.903333333333333,2,1.825333333333333,1
1.333333333333333,1.027333333333333,1.5,0.5125,0
1.333333333333333,0.6065,0.3333333333333333,0.8863333333333333,0
1.25,1.7045,1,1.199833333333333,1
0.2,0.7733333333333333,1.083333333333333,1.258333333333333,0
1.75,0.4826666666666667,1,0.9665,0
0.5333333333333333,0.7305,1.366666666666667,1.298666666666667,0
1.7,1.122,1.616666666666667,0.6586666666666666,0
0.9166666666666666,0.7261666666666667,1,0.642,1
1.783333333333333,0.9563333333333334,0.7833333333333333,0.8061666666666667,1
0,0.3853333333333334,2.616666666666667,1.599666666666667,0
0.6,0.575,0.5833333333333333,0.521,0
2.283333333333333,1.799166666666667,1,0.3626666666666666,1
2,1.843166666666667,2.8,1.682833333333333,0
0.25,0.3896666666666667,0.5,1.465166666666667,0
1.283333333333333,0.4183333333333333,1.1,1.023666666666667,0
1.733333333333333,1.593833333333333,1.833333333333333,1.5115,0
2.75,1.204333333333333,0.95,0.6511666666666667,1
1.683333333333333,0.782,1.7,1.144166666666667,0
1.833333333333333,1.376,1.95,1.388666666666666,6
1.2,0.9076666666666667,2.333333333333333,1.964333333333333,1
1.233333333333333,0.4356666666666666,0.4,0.7858333333333333,0
2.283333333333333,1.629,0.7,0.6871666666666667,0
1.4,1.183833333333333,1.083333333333333,0.4321666666666667,0
0.5,0.4643333333333334,1.6,1.0625,0
0.85,0.4235,2.15,1.327,0
3.65,2.523333333333333,1.933333333333333,1.071,1
1.1,1.275833333333333,2,1.491833333333333,1
1.5,1.322166666666667,1.883333333333333,1.574666666666667,0
0.5,0.839,3.25,1.553,6
0.5,0.6171666666666666,2.616666666666667,1.044166666666667,0
1.516666666666667,1.344833333333333,0,0.9496666666666667,0
2.083333333333333,0.7633333333333334,2.85,1.6265,0
3.45,1.0525,1.1,1.087333333333333,3
1.45,1.124333333333333,1.416666666666667,1.1325,2
0.95,1.0395,1.583333333333333,0.2556666666666667,1
0.8333333333333333,1.066666666666667,1.533333333333333,1.345333333333333,1
0.95,0.5660000000000001,1.95,1.396333333333333,0
1.933333333333333,1.485666666666667,0.5,1.602166666666667,0
0.25,0.4036666666666666,0,0.8509999999999999,0
1.5,1.221333333333333,0.6666666666666666,1.3125,0
0.7,0.9721666666666666,1.25,0.7783333333333334,0
0.75,1.292333333333333,2.333333333333333,1.55,0
0.5,1.601666666666667,0.25,0.5956666666666667,0
1.983333333333333,1.0585,0.45,0.4676666666666667,2
1,1.048833333333334,1.283333333333333,1.2105,0
1.45,0.7304999999999999,5.45,2.017833333333333,0
0.7833333333333333,0.6595,2,1.3875,0
1.666666666666667,1.544166666666667,1.2,0.8933333333333333,1
2,0.8433333333333333,1.75,1.620833333333333,0
3.4,1.9595,1.033333333333333,0.6435,1
1.083333333333333,1.1325,1.816666666666667,1.332666666666667,0
1.25,1.2085,0.5,0.695,0
0.75,0.7275,0.7833333333333333,0.9963333333333333,3
1.983333333333333,1.129333333333333,0,1.5265,1
0.5,0.264,1.75,2.042,0
0,0.9008333333333334,0.75,0.6328333333333334,1
1,2.067833333333333,0.9,1.119166666666667,2
0.2,0.8420000000000001,0,0.5475,1
1.366666666666667,1.3365,0,0.4303333333333333,0
0.75,0.9686666666666667,1.2,0.7581666666666667,2
0.75,0.9978333333333333,1.85,1.612333333333333,2
2,1.031666666666667,1.033333333333333,1.32,1
1.333333333333333,1.311,0.25,0.6641666666666666,1
2.483333333333333,1.443,0.5,1.574166666666667,3
2.333333333333333,1.395,0.65,0.8471666666666666,1
1.2,1.269333333333333,0.8333333333333333,0.659,0
0.2,0.8926666666666667,3.7,1.354333333333333,2
1.6,1.259833333333333,1.5,1.598666666666667,0
0.7,0.9810000000000001,1.583333333333333,0.9265,1
0,0.9668333333333333,0.8333333333333333,1.129166666666667,0
1.333333333333333,1.351666666666667,1.7,1.606333333333333,3
0.9,1.206333333333333,1.916666666666667,1.074833333333333,1
1.833333333333333,1.0675,2.25,1.015666666666667,1
1.25,0.6174999999999999,1.066666666666667,1.816833333333333,0
0.7833333333333333,0.7528333333333334,2,1.688,3
1.666666666666667,1.752333333333333,1.416666666666667,1.262166666666667,1
1.033333333333333,1.568333333333333,1.75,1.9705,2
2.116666666666667,1.439833333333333,1.333333333333333,1.218833333333333,0
2.95,2.241,0,0.9918333333333333,0
1.416666666666667,1.266333333333333,0.2,0.461,3
1.533333333333333,1.670833333333333,1.783333333333333,1.508333333333333,1
1.5,1.484833333333333,1.916666666666667,2.053,2
0.6666666666666666,1.9365,1.666666666666667,1.824333333333333,0
1.083333333333333,0.7863333333333333,0.3333333333333333,0.9063333333333333,0
1.433333333333333,1.282166666666667,2.483333333333333,1.978333333333333,0
0.5833333333333333,1.334,0,0.6963333333333332,0
1.983333333333333,2.682833333333333,1.933333333333333,0.6155,1
1.283333333333333,0.6719999999999999,1.233333333333333,1.2095,1
1.7,1.285333333333333,2.75,1.74,0
2.7,2.126,0.45,1.477833333333333,0
1.583333333333333,1.0455,2.533333333333333,1.447,2
1,0.5024999999999999,1.85,1.003833333333333,3
0.4,1.371166666666667,3,1.053166666666667,1
0.65,0.7681666666666667,1.033333333333333,1.051833333333333,2
1.2,1.050166666666667,2.016666666666667,1.317166666666667,0
1.6,1.451333333333333,0.2,1.156166666666667,2
1.65,1.201166666666667,0,1.065333333333333,0
1.616666666666667,2.340333333333333,2.816666666666666,3.691166666666666,2
1.166666666666667,1.592166666666667,1.65,1.468666666666667,1
2.283333333333333,2.956333333333333,0.2,0.9681666666666666,0
2.333333333333333,1.631833333333333,2.116666666666667,1.464666666666667,2
1.583333333333333,0.9193333333333333,1.6,1.169333333333333,0
1.25,0.623,1.45,1.577333333333333,0
1.366666666666667,1.165666666666667,1.283333333333333,1.688,0
0.7,1.173833333333334,0.5333333333333333,2.0615,1
3.033333333333333,1.723,0.4,0.7766666666666666,1
1.1,1.744833333333333,3.333333333333333,2.167166666666667,3
1.35,2.214333333333333,1.6,0.874,0
1,0.5961666666666666,0.6666666666666666,1.7155,0
0.9,1.046166666666666,3.816666666666667,2.459166666666667,1
1.416666666666667,2.3185,2.433333333333334,1.548833333333333,1
1.316666666666667,1.833333333333333,1.333333333333333,1.1405,3
1.233333333333333,1.4565,1.933333333333333,1.045333333333333,0
2.416666666666667,1.653666666666666,2.316666666666666,2.957333333333334,2
0.95,1.547666666666667,1.65,0.9611666666666667,1
1.333333333333333,1.236333333333334,0.5,0.5976666666666667,2
1.75,2.024833333333333,2.433333333333334,2.645833333333333,2
1.583333333333333,0.7221666666666666,2.45,1.985833333333333,1
2,1.7395,2.95,1.921833333333334,2
2.783333333333333,1.9285,0.25,0.9366666666666666,0
3.216666666666667,2.431666666666667,2.533333333333333,1.730166666666667,2
2.45,1.216666666666667,1.6,0.728,2
0,0.6806666666666668,1.75,2.083166666666667,0
0.9,1.327333333333333,0.8333333333333333,1.197,0
0.3333333333333333,0.93,2.316666666666666,2.996833333333333,5
1.483333333333333,1.086666666666667,1.333333333333333,0.8240000000000001,0
2.483333333333333,1.858166666666667,1.2,1.6385,0
1.366666666666667,1.084,1.033333333333333,0.8366666666666667,2
0.8333333333333333,0.644,0.4,0.9848333333333333,0
2.533333333333333,1.5125,2.033333333333333,1.454666666666667,0
1.916666666666667,1.415333333333333,1.45,0.9976666666666666,3
1.9,1.737666666666667,0.7,1.205666666666667,2
1.283333333333333,1.111166666666667,2.166666666666667,2.041333333333333,2
1.166666666666667,0.5523333333333333,1.116666666666667,1.865833333333333,0
2.316666666666666,2.494833333333333,1.783333333333333,2.146333333333333,0
0.7833333333333333,1.525833333333333,2.25,1.411666666666667,4
0.5,1.194833333333333,1.283333333333333,0.7748333333333334,0
3.783333333333333,2.693333333333333,1.45,0.7768333333333334,1
1.45,0.6113333333333333,1.233333333333333,1.445166666666667,1
1.75,1.356666666666667,0.5,0.4668333333333333,0
1.45,1.413166666666667,3.75,2.073666666666667,2
1.433333333333333,0.9650000000000001,4.7,1.341833333333333,0
0.3333333333333333,1.3235,2.066666666666666,1.909833333333333,1
1.316666666666667,1.034833333333333,0.7833333333333333,0.4995000000000001,0
1.116666666666667,0.8618333333333333,2.416666666666667,1.220833333333333,1
2.533333333333333,1.6425,0.5333333333333333,1.441833333333333,0
1.4,1.227333333333333,0.9833333333333334,0.6875,1
1.783333333333333,1.7385,0.45,0.9308333333333332,0
2.1,1.629333333333333,1.033333333333333,1.336,0
0.9,1.738166666666666,0.5833333333333333,1.118666666666667,1
0.75,0.9901666666666666,0.9,0.8931666666666666,2
1.166666666666667,1.0535,0.25,0.7945,2
2.95,0.7673333333333333,1.833333333333333,1.0235,0
1.533333333333333,1.745666666666667,1.783333333333333,1.500833333333333,0
1.85,1.224,1.833333333333333,1.814166666666667,1
2.533333333333333,1.4465,2.266666666666667,1.744,1
0.65,0.3751666666666667,1.7,1.443166666666666,1
0.85,1.243166666666667,1.983333333333333,1.263166666666667,0
1.8,1.296833333333333,0.5333333333333333,0.9396666666666668,0
1.366666666666667,1.637333333333333,3.1,1.253166666666667,5
1.083333333333333,1.273166666666667,0.7,2.054,2
1.45,1.6005,1.333333333333333,0.586,2
1.233333333333333,1.549,0.7,0.8256666666666667,1
0.5333333333333333,0.7611666666666667,1.983333333333333,0.9995000000000001,1
0.45,0.9111666666666667,0,0.7148333333333333,0
1.333333333333333,1.509833333333333,1.2,1.120333333333333,0
1.416666666666667,0.8726666666666667,1.8,0.9648333333333334,2
1.666666666666667,1.086833333333333,0.8333333333333333,1.1865,1
1.633333333333333,1.083166666666667,1.666666666666667,1.502666666666667,1
1.566666666666667,1.120666666666667,2.283333333333333,3.071,0
1.7,2.428333333333333,0.5,0.7901666666666667,2
1.333333333333333,1.1255,0.5333333333333333,1.138333333333333,0
1.45,0.8798333333333334,1.733333333333333,1.328166666666667,0
2.316666666666667,2.021,1.2,1.543,0
0.5,0.8033333333333332,2.416666666666667,1.980166666666667,1
1.616666666666667,1.688666666666667,2.866666666666667,1.652833333333333,0
2.033333333333333,0.8738333333333334,1.083333333333333,1.267833333333333,1
2.283333333333333,1.852833333333333,1.666666666666667,0.802,0
0.5,1.0175,0.2,0.7128333333333333,0
0,0.873,0.7833333333333333,0.6553333333333333,0
2,1.934333333333333,3.166666666666667,2.3475,2
2.366666666666667,1.865166666666667,1.2,0.891,2
1.7,1.194666666666667,1.75,1.501166666666667,0
2.316666666666666,1.097833333333333,1.533333333333333,1.528,1
0.7,1.283166666666667,1.416666666666667,1.2675,1
2.033333333333333,1.579333333333333,0.95,2.082,0
0,0.795,2.233333333333333,1.436833333333333,1
1.15,1.3485,1,0.9225,1
1.733333333333333,0.9570000000000001,0.2,0.7656666666666667,0
0.75,0.915,2.483333333333333,1.578666666666667,2
0.3333333333333333,1.467166666666667,1.15,1.187333333333334,1
1,1.209166666666667,0.7833333333333333,1.341833333333333,0
1.283333333333333,0.7773333333333333,1.4,1.071666666666667,0
1.15,1.297833333333333,1.416666666666667,1.534833333333333,0
1.766666666666667,1.953666666666667,0,0.7155,0
1.033333333333333,0.9996666666666666,3.166666666666667,2.371666666666667,2
1,1.441666666666667,0.7,0.8081666666666667,0
0.3333333333333333,1.223666666666667,1.7,1.495166666666667,0
1.566666666666667,2.055333333333333,1.533333333333333,1.171833333333333,2
2.266666666666667,1.637333333333333,0,1.133833333333333,1
0.95,0.9283333333333333,0.75,1.798666666666667,1
1.95,1.407666666666667,0.8333333333333333,0.8311666666666666,3
1.5,1.147166666666667,1.983333333333333,1.676666666666667,1
0.3333333333333333,1.477833333333333,1,1.176666666666667,1
2.733333333333333,1.5995,1.916666666666667,1.360333333333333,1
0.5,1.271833333333333,1.15,2.035333333333333,2
2,2.313666666666667,0.3333333333333333,1.403166666666667,3
1.533333333333333,1.405166666666667,1.866666666666667,1.044166666666667,0
1.616666666666667,1.234166666666667,3.366666666666667,2.7485,2
2.15,1.155333333333333,0.5,1.092666666666667,2
0.25,0.9496666666666665,0.25,1.277666666666667,2
0.4,1.672,1.2,1.077833333333333,0
1.916666666666667,1.255,1.25,0.9301666666666667,1
1.2,0.8979999999999999,3.233333333333333,2.479166666666667,4
1.033333333333333,2.129166666666666,1.333333333333333,1.189833333333333,1
2.566666666666666,1.689166666666667,1.533333333333333,1.676333333333333,4
0.5333333333333333,1.0755,1.25,1.1635,0
2.233333333333333,1.2185,2.333333333333333,1.3565,0
2.5,1.865666666666667,1.733333333333333,1.250166666666667,1
0.8333333333333333,1.039333333333333,1.616666666666667,1.642166666666667,0
1.083333333333333,1.143833333333333,1.2,1.033666666666667,0
1.166666666666667,1.152333333333333,0.9166666666666666,1.562833333333333,1
1.316666666666667,1.042833333333334,3.7,2.169333333333333,2
2.233333333333333,1.463666666666667,1.15,0.9028333333333334,1
2.5,1.929333333333333,1.916666666666667,1.871833333333333,1
2.666666666666667,2.3465,0.5,0.7839999999999999,1
1.516666666666667,0.8868333333333333,1.033333333333333,1.681833333333333,0
2.316666666666666,1.691666666666667,4.066666666666666,3.565333333333333,2
2.5,2.05,1.333333333333333,0.8486666666666667,1
1.95,1.634166666666667,1.366666666666667,1.1985,0
3.983333333333333,1.849333333333333,1.75,1.750333333333333,1
0.7,0.9005,2.1,1.115666666666667,1
1.4,1.423666666666667,2.033333333333333,1.4275,0
0.2,0.6673333333333333,1,0.6671666666666666,0
1.45,1.505,1.95,1.559,0
1.783333333333333,1.807,1.783333333333333,1.543833333333333,2
1.616666666666667,1.113,1.783333333333333,1.418666666666667,0
1.066666666666667,1.503333333333333,2.233333333333333,2.182166666666667,1
2.4,2.262166666666666,1.316666666666667,1.076333333333333,0
1.033333333333333,0.7983333333333335,0.8333333333333333,1.138,1
2.683333333333334,2.059666666666667,2.233333333333333,1.753833333333333,3
4.733333333333333,3.183,0.7833333333333333,1.129333333333333,0
2.533333333333333,1.3835,1.2,1.831166666666667,0
1.816666666666667,1.743,5.516666666666667,2.906333333333333,3
2.583333333333333,2.176333333333333,2.083333333333333,1.5045,0
1.5,1.599833333333333,1.7,1.724166666666667,1
0.8333333333333333,0.7608333333333334,1.9,1.697166666666667,0
1,1.226,1.083333333333333,0.9163333333333334,0
1,1.1845,1.966666666666667,1.342166666666667,1
1.25,1.294666666666667,4.133333333333333,3.595166666666667,1
2.116666666666667,2.121666666666667,1,1.0875,1
3.383333333333333,2.648,0.75,1.037333333333333,0
1.366666666666667,1.298166666666667,1.583333333333333,1.649,0
1.233333333333333,1.4565,1.95,1.2445,2
1.5,1.604166666666667,1.233333333333333,1.0995,2
3.45,2.075,0.9,1.136166666666667,0
1.5,1.228666666666667,2.9,1.868166666666667,1
0.7,1.877833333333333,2,1.909166666666667,0
2.2,1.6535,1.45,1.816333333333334,3
0.5333333333333333,0.3481666666666666,0.2,0.8395,0
1.65,1.527166666666667,1.533333333333333,1.7275,2
0.45,0.6006666666666667,2.383333333333333,2.957,3
0.5833333333333333,0.9065000000000001,0.45,1.279666666666667,2
2.433333333333334,1.415833333333333,0.9833333333333334,0.9260000000000002,1
0.5833333333333333,0.9885,2.333333333333333,1.191333333333333,0
1.45,2.798,0.7833333333333333,0.9161666666666666,2
1.95,1.8945,2.35,2.258333333333333,1
0.2,0.4481666666666667,2.433333333333334,2.718666666666667,0
0.45,0.8661666666666666,0.5,0.6481666666666667,1
2.116666666666667,1.898333333333333,0.3333333333333333,0.7323333333333334,1
1.683333333333333,1.120666666666667,1.116666666666667,1.539166666666667,1
0.4,1.470333333333333,1.116666666666667,1.674,2
1.916666666666667,1.1065,0.95,0.7625000000000001,1
3.033333333333333,2.409333333333334,1.75,1.244,2
1.2,1.436666666666667,1.45,2.2045,2
0,1.7295,1.366666666666667,1.4165,2
1.1,1.175666666666667,0.5,0.917,2
1.783333333333333,1.076833333333334,1.666666666666667,2.477166666666667,1
1.5,1.341,1.916666666666667,1.219166666666667,2
1.366666666666667,1.139166666666667,1.2,1.4495,0
1.916666666666667,2.3285,1.45,0.6831666666666667,4
1.65,2.223,1.1,1.467,2
1.333333333333333,1.54,2.45,2.053833333333333,0
2.283333333333333,1.700666666666667,0.8333333333333333,1.786333333333333,3
1.333333333333333,1.477833333333333,1.033333333333333,1.272666666666667,4
1.733333333333333,1.033666666666667,1.333333333333333,0.7048333333333334,0
2.233333333333333,1.547666666666667,1.083333333333333,0.8676666666666667,0
3.366666666666667,2.9475,1.733333333333333,1.770666666666667,1
2.116666666666667,2.205833333333334,2.066666666666666,1.518666666666667,1
0,0.7193333333333334,1.666666666666667,1.273333333333333,0
1.166666666666667,1.5785,0.5,0.7710000000000001,0
1.166666666666667,1.698333333333333,1.416666666666667,1.696,0
1.166666666666667,1.5235,0.9166666666666666,0.6415000000000001,1
1.65,0.869,1.316666666666667,1.2255,1
2.516666666666667,1.850833333333333,2.083333333333333,2.180666666666667,1
1.4,1.297833333333333,2.266666666666667,1.820833333333333,1
1.983333333333333,2.029333333333334,2.733333333333333,1.964833333333333,3
0.9,1.218833333333333,2.066666666666666,1.333833333333333,2
2.416666666666667,1.09,1.033333333333333,1.017833333333333,1
1.283333333333333,1.328833333333333,0.4,0.6663333333333333,0
0.8333333333333333,1.0135,1.783333333333333,1.653166666666667,3
0.45,0.7008333333333333,3.15,2.041166666666667,1
2.233333333333333,2.347333333333333,1.75,1.44,2
2.45,1.7005,2.233333333333333,1.146333333333333,0
0.7,0.8583333333333334,1.15,0.9318333333333333,0
0,0.5853333333333334,1.233333333333333,1.291,0
2.45,1.843833333333333,1.866666666666667,1.678,0
1.866666666666667,1.528833333333333,1.1,1.682833333333333,0
1.2,1.406333333333333,1.45,1.106666666666666,0
2.483333333333333,1.901333333333334,1.733333333333333,1.698166666666667,1
0.5833333333333333,0.7541666666666665,2.316666666666666,1.773,2
1.7,2.359166666666667,1,1.469166666666667,0
1.833333333333333,1.0065,1.7,1.124333333333333,0
0.6666666666666666,1.1575,0.65,1.163,2
2.4,1.898333333333333,0.5333333333333333,1.572833333333333,0
1.2,0.8418333333333334,2.383333333333333,2.405333333333333,2
0.95,1.310666666666667,0.7333333333333334,0.7659999999999999,0
1.45,0.7881666666666667,1.15,0.9391666666666666,1
0.3333333333333333,0.8643333333333334,0.25,0.9646666666666666,1
0.5,0.9831666666666667,4.683333333333334,2.473333333333334,0
0,1.168666666666667,1.45,1.0765,0
0.85,1.271833333333333,0.5,1.514166666666667,1
0.5,0.4285,0.2,1.144166666666667,0
0.65,1.505,1.25,1.3745,0
1.75,0.6945,1.266666666666667,1.684166666666667,0
