AG AXG AOGA AOXGA G
1.25,1.067,2.666666666666667,2.006,1
2.033333333333333,1.649333333333333,2.116666666666667,1.842333333333333,1
2.4,3.2795,0.8333333333333333,1.276833333333333,1
0.75,1.051333333333333,3.5,3.035,1
2.166666666666667,2.1075,1.283333333333333,1.503333333333333,1
2.166666666666667,2.154333333333333,0.95,1.1375,0
0,0.4924999999999999,0.45,0.851,1
4.016666666666667,3.727166666666666,1.75,2.2205,0
0.45,0.679,2.7,1.381,0
1.083333333333333,0.8393333333333334,0.5333333333333333,0.9948333333333332,0
2.366666666666667,1.7755,3.866666666666667,2.777,1
5.816666666666666,3.518166666666667,1.366666666666667,1.596,2
0.5333333333333333,0.7070000000000001,0,0.5336666666666667,0
2.4,2.672,1.116666666666667,1.0095,0
1.366666666666667,0.9695,1.833333333333333,2.331,0
2.566666666666666,2.863,2.266666666666667,2.250333333333333,2
0.6666666666666666,0.721,2.5,2.330333333333333,0
0.9166666666666666,0.852,4.066666666666666,1.832166666666667,1
3.85,2.002333333333333,2.066666666666666,2.3865,1
2.116666666666667,2.4275,2.95,1.928,0
0.45,0.487,1.816666666666666,1.799666666666667,1
3.233333333333333,2.747833333333333,0.7,0.6955,1
4.65,4.072666666666667,1.933333333333333,1.882333333333333,2
0.3333333333333333,0.6419999999999999,0.5333333333333333,1.1965,3
0.9333333333333333,0.9281666666666666,0.7833333333333333,1.615333333333333,2
0.25,0.6198333333333333,1,1.328666666666666,1
1.033333333333333,1.398166666666667,2.25,1.723333333333333,1
1.333333333333333,1.916,1.233333333333333,1.414166666666667,3
1.15,1.143333333333333,1.1,0.6878333333333333,0
0.3333333333333333,1.070833333333333,1.233333333333333,1.491166666666667,0
1.566666666666667,1.800333333333333,3.25,2.938333333333333,1
6.016666666666667,3.528666666666667,3.166666666666667,1.907333333333333,5
1.733333333333333,1.7535,3.2,2.851333333333333,1
2.15,1.070833333333333,0,0.5680000000000001,0
1.4,1.466666666666667,1.85,1.609666666666667,2
1.9,1.806166666666666,1.9,0.821,0
3.183333333333334,1.316333333333333,4.433333333333334,2.8995,0
2.85,3.043,2.983333333333333,3.015,2
1.733333333333333,1.595,1.816666666666667,1.396166666666667,0
0.8333333333333333,1.109333333333333,1.983333333333333,1.503333333333333,2
1.2,0.8356666666666667,1.7,2.311333333333334,0
0.7,2.081166666666667,1.866666666666667,2.123,1
3.666666666666667,3.900833333333333,0.2,0.9431666666666667,1
0.8666666666666667,0.7240000000000001,2.083333333333333,1.272333333333333,1
0.75,1.045,1.933333333333333,1.471166666666667,1
0.3333333333333333,0.7388333333333333,2.7,2.316166666666667,1
1.4,1.391833333333333,1.083333333333333,0.7883333333333333,0
2.033333333333333,1.019666666666667,1,2.34,0
2.2,2.417833333333333,1.333333333333333,1.044166666666667,1
2.533333333333333,3.643833333333333,1.233333333333333,1.344666666666667,1
1.116666666666667,1.115,1.2,1.510666666666667,2
4.816666666666666,3.465166666666667,2.533333333333333,2.062666666666667,4
1.083333333333333,1.306333333333333,0.75,0.7409999999999999,2
2.283333333333333,1.716333333333333,1.5,1.47,1
3.166666666666667,3.094,1.866666666666667,1.9075,1
2.666666666666667,2.369333333333333,1.583333333333333,1.234833333333333,0
2.45,1.146666666666667,1.65,1.119333333333334,3
0.7,0.9973333333333334,4.316666666666666,2.904666666666667,1
0.5,0.8144999999999999,2.866666666666667,2.431333333333333,1
1.25,1.044,2.5,2.966333333333333,3
1.45,0.7035,3.033333333333333,1.852833333333333,0
1.483333333333333,3.131833333333334,2.233333333333333,1.831166666666667,2
1.733333333333333,1.563666666666667,1.283333333333333,1.305166666666667,0
1.25,0.9648333333333333,0.3333333333333333,1.243833333333333,1
2.433333333333334,1.937166666666667,0.45,0.4583333333333333,1
0.5333333333333333,0.9975000000000001,0.85,2.469,0
1.6,1.1355,1.033333333333333,0.8376666666666667,1
1.933333333333333,2.023166666666667,1.5,2.3335,1
1.083333333333333,1.334666666666667,1.783333333333333,1.227166666666667,0
3.033333333333333,2.782166666666667,1.733333333333333,2.013,1
0.8333333333333333,1.384833333333333,0.2,0.5565,1
2.733333333333333,2.827,1.666666666666667,0.9623333333333333,1
5.583333333333333,3.626,2.516666666666667,2.239666666666666,4
1.4,1.5835,1.583333333333333,1.531,1
1.45,0.9871666666666665,0.6666666666666666,1.356166666666667,0
1.283333333333333,1.729,4.5,3.244333333333334,0
1.75,0.9078333333333333,2.583333333333333,2.536,1
1.116666666666667,1.483333333333333,1.483333333333333,1.826833333333334,2
1.066666666666667,1.221666666666667,2,0.9038333333333334,1
0.8333333333333333,0.9405,1.783333333333333,1.924,0
1.7,2.039166666666667,0.7833333333333333,1.199166666666667,0
1.95,0.9631666666666667,1.45,1.132666666666667,2
1.833333333333333,1.3195,2.333333333333333,1.727166666666667,1
5.266666666666667,4.333500000000001,1.833333333333333,1.5175,2
1.283333333333333,1.468,0.5,1.578666666666667,1
0.25,0.4963333333333333,1.666666666666667,0.6664999999999999,0
0.2,1.444666666666667,3.283333333333333,2.3115,1
1.783333333333333,1.548166666666667,2.2,1.764833333333333,2
3.366666666666667,3.445,1.45,1.134166666666667,1
1.333333333333333,1.1,1.366666666666667,2.1415,1
3.05,1.803166666666667,2.366666666666667,1.557333333333333,2
1.066666666666667,1.048833333333333,0.8333333333333333,0.8225,1
0.2,1.607833333333333,0.75,1.296,0
1.533333333333333,1.470666666666667,1.4,1.3685,1
3.083333333333333,2.356666666666667,1.85,1.808333333333334,1
1.783333333333333,1.4465,0.7833333333333333,1.101166666666667,1
2,1.122,1.183333333333333,0.7638333333333334,0
0.9333333333333333,1.328833333333333,3.3,2.839166666666667,1
0.45,0.8581666666666667,2.233333333333333,3.062333333333333,2
1.233333333333333,1.034333333333333,1.783333333333333,1.702333333333333,1
4.166666666666666,4.390833333333333,3.233333333333333,2.101,4
4.483333333333333,3.066,1.666666666666667,1.076333333333333,0
0.7833333333333333,1.5105,1.333333333333333,1.664,0
1.533333333333333,1.602,1.166666666666667,1.1565,0
0,1.204666666666667,1.616666666666667,3.434333333333334,0
0.8333333333333333,1.567,3.783333333333333,2.2415,1
3.033333333333333,1.520166666666667,1.783333333333333,2.107,0
3.366666666666667,1.754,0.65,0.4658333333333333,1
1.416666666666667,0.8398333333333332,2.2,1.3605,1
0.5,1.1655,1.166666666666667,0.9501666666666666,0
1.166666666666667,1.341666666666667,1.95,1.854833333333333,1
0.7333333333333334,1.124666666666667,0.5333333333333333,0.4378333333333334,0
1.25,1.506833333333333,1.033333333333333,1.061,1
2.033333333333333,2.310166666666666,1.466666666666667,2.407166666666667,1
2.033333333333333,1.473333333333333,1.833333333333333,2.376666666666667,3
0.5,1.371,0.2,0.8743333333333334,0
0.7833333333333333,0.426,2.583333333333333,2.149166666666667,1
1.283333333333333,1.000666666666667,2.316666666666666,0.9938333333333333,2
1.766666666666667,1.330833333333334,1.283333333333333,1.656666666666667,4
0.95,1.415,0.8333333333333333,0.4566666666666667,1
0,1.515166666666667,1.25,1.459,0
3.233333333333333,2.172166666666667,2.433333333333334,1.309333333333333,2
1.233333333333333,0.7115,2.15,1.987333333333333,0
1.333333333333333,1.633333333333333,0.9,2.111666666666667,2
0.7,1.4945,1.15,1.767333333333333,2
4.3,3.463833333333334,0.45,1.045,1
1.45,0.8123333333333334,2.283333333333333,1.783333333333333,2
3.95,2.838333333333333,1.833333333333333,1.5075,0
1.283333333333333,1.528333333333333,2.9,1.8155,0
0.75,1.241333333333333,2.033333333333333,1.3755,0
2.2,2.057333333333333,1.533333333333333,1.167833333333333,0
3.05,2.860666666666667,1.333333333333333,1.663,1
2.283333333333333,1.736666666666667,1.683333333333333,1.671333333333333,1
1.033333333333333,0.6421666666666668,1.233333333333333,1.874166666666667,1
1.75,2.012,2.5,1.396833333333333,2
1.333333333333333,1.2415,2.283333333333333,1.7255,2
1.083333333333333,0.9055000000000002,2.033333333333333,1.411666666666667,1
3.233333333333333,2.106,0.7,0.4915,1
1.2,1.0305,2.45,2.084333333333333,1
1.666666666666667,1.046,1.25,1.829166666666667,1
0.9166666666666666,2.223333333333333,0.95,2.1135,1
1.116666666666667,1.631,0.8333333333333333,2.191666666666666,2
0.95,1.236833333333333,1.166666666666667,1.128166666666667,0
0.5,2.014166666666667,2.616666666666667,1.86,0
3.433333333333334,2.572166666666667,1.916666666666667,2.047333333333333,3
0.95,2.011666666666667,2.283333333333333,2.226166666666667,0
2.75,3.1865,0.75,1.587833333333333,4
0.5833333333333333,0.9841666666666666,1.866666666666667,2.123666666666667,0
1.533333333333333,1.02,0,1.196166666666667,0
3.55,2.689166666666667,1.5,1.384666666666667,2
4,3.111333333333334,1.233333333333333,1.948,6
1.2,1.875166666666667,1.45,1.498833333333333,1
1.666666666666667,0.8781666666666668,1.033333333333333,1.705333333333333,0
0.45,1.136166666666667,0.8333333333333333,1.005666666666667,0
0.5333333333333333,1.377333333333333,2.6,2.181666666666667,2
0.9833333333333334,0.7771666666666666,2.716666666666667,2.155333333333333,1
1.7,1.403666666666667,1.7,1.350166666666667,0
1.916666666666667,1.802166666666667,1.583333333333333,1.874833333333333,1
0.3333333333333333,1.385833333333333,2.866666666666667,2.443166666666666,1
1.2,1.515833333333333,1.95,1.1815,2
0.95,1.0305,0.9,1.2345,1
3.016666666666667,1.958333333333333,1.283333333333333,1.1725,3
1.233333333333333,1.414,2.316666666666666,1.981833333333333,0
1.483333333333333,1.5285,1.783333333333333,1.64,0
0.75,1.219166666666667,1.433333333333333,1.9875,2
1.45,1.3765,3.2,2.348166666666667,0
2.033333333333333,1.9925,1.5,1.9225,2
1.816666666666667,2.199166666666667,0.45,0.7163333333333333,2
3.15,2.293666666666667,1.816666666666667,1.5885,0
2.733333333333333,3.0265,0.8333333333333333,1.285666666666667,1
1.15,0.9994999999999999,2.166666666666667,1.463166666666667,0
3.433333333333334,3.538666666666667,1.433333333333333,1.596833333333333,0
1.366666666666667,1.404166666666667,1.7,2.165833333333333,0
1.033333333333333,1.455,1.583333333333333,1.952333333333333,1
1.033333333333333,1.960166666666667,2.45,2.8825,1
1,1.496,1.416666666666667,2.397166666666667,2
2.15,3.235,1.983333333333333,1.896166666666667,1
1.95,1.836666666666667,2.1,2.1685,2
5.1,4.0385,1.233333333333333,1.776,5
1.083333333333333,1.428833333333333,2.7,2.4355,0
1.083333333333333,1.169833333333333,1.85,1.846333333333333,2
0.95,1.280333333333333,2.766666666666667,3.095333333333333,0
2.166666666666667,2.500166666666667,2.783333333333333,2.554666666666667,0
1.916666666666667,1.835,1.9,1.6455,0
2.116666666666667,1.922,2.65,2.395,2
1.5,2.418833333333333,1.483333333333333,2.012333333333333,0
2,2.357833333333333,1.666666666666667,1.4385,0
2.316666666666666,1.887,2.416666666666667,2.768166666666667,0
4.15,2.1255,1.2,1.357833333333333,0
1.2,2.0265,2.45,1.8345,1
2.433333333333334,1.589666666666667,1.283333333333333,1.784833333333333,1
0.7833333333333333,1.6045,1.166666666666667,1.045,1
1.766666666666667,2.268666666666666,2.816666666666666,2.711666666666667,2
1.916666666666667,1.559166666666667,1.45,1.500833333333333,0
1.783333333333333,1.969,1.65,1.155333333333333,2
2.683333333333334,2.624333333333333,2.333333333333333,1.8545,3
1.45,1.231666666666667,1.866666666666667,2.293666666666667,0
0.25,0.8928333333333334,1.75,1.737666666666667,0
2.3,2.185333333333333,1.45,1.681166666666667,2
0.65,0.7961666666666667,3.533333333333333,2.6525,1
0.75,0.9841666666666667,2.1,2.2735,0
3.516666666666667,3.6065,1.5,1.135333333333333,3
2,1.532833333333333,1.4,2.877166666666667,2
0.9,1.784666666666667,2.416666666666667,1.614833333333333,0
1.5,1.858166666666667,1.666666666666667,1.747833333333333,2
3.116666666666667,1.830333333333333,0.95,1.489666666666667,0
1.4,2.000833333333333,1.933333333333333,1.801333333333333,1
3.1,1.808833333333333,2.9,2.427166666666666,0
1.4,2.193666666666667,1.2,1.325166666666666,1
0.8333333333333333,0.9828333333333334,0.25,1.048333333333333,1
0,0.4691666666666667,3.783333333333333,2.581666666666667,1
1.95,1.9425,1.166666666666667,1.228333333333333,4
1.666666666666667,2.503333333333333,1,1.228666666666667,0
0.9,0.859,1.166666666666667,1.607833333333333,0
2.033333333333333,1.836666666666667,2.566666666666666,2.6805,0
2.5,1.491166666666667,1.233333333333333,1.500166666666667,1
1.533333333333333,1.017666666666667,2.7,1.899,0
1.866666666666667,1.924833333333333,1,1.935166666666667,1
2.316666666666666,2.1405,0.5,1.0775,1
2.066666666666666,2.259166666666666,2.316666666666666,1.7965,2
1.5,2.282333333333333,0.75,1.021666666666667,0
1.25,1.18,1,1.4195,0
5,4.890333333333333,1.783333333333333,1.639333333333334,2
1.083333333333333,1.586,3.916666666666667,4.017,1
1.083333333333333,1.409333333333333,2.333333333333333,1.468333333333333,2
2.583333333333333,1.938666666666667,1.65,2.210333333333333,0
0.75,1.279,1.566666666666667,1.863333333333333,0
1.033333333333333,1.356833333333333,2.5,1.974,0
2.166666666666667,1.2875,0.8333333333333333,0.6031666666666666,0
1.9,1.213666666666667,1.95,1.7125,1
2.233333333333333,2.337166666666667,2.15,2.381,4
1.566666666666667,1.639333333333333,0.3333333333333333,0.5676666666666667,0
1.95,1.589666666666667,3.2,3.076333333333333,0
1.483333333333333,2.007666666666667,2.533333333333333,2.484333333333333,1
0,1.0035,0.5,1.361333333333333,1
0.3333333333333333,0.8443333333333334,2.65,2.702666666666667,0
0.45,0.5369999999999999,2.733333333333333,2.935166666666666,0
3.433333333333333,3.229666666666667,0.5833333333333333,1.777666666666667,2
0.5333333333333333,1.342666666666667,1.1,1.5805,1
1.65,2.684333333333333,0.7833333333333333,1.2655,1
2.55,1.976666666666667,1.366666666666667,1.5895,2
2.116666666666667,2.087833333333333,0.75,1.913833333333333,0
1.25,1.8755,2.866666666666667,1.592666666666667,2
0.9,0.9628333333333333,1.25,2.034333333333333,4
2.083333333333333,1.147666666666667,1.15,1.3765,1
0.7833333333333333,1.314166666666667,1.45,1.596833333333333,1
1.2,2.011833333333334,0.25,0.5085,0
0.75,1.5185,2.183333333333334,1.803166666666667,1
3.766666666666667,3.832,1.866666666666667,1.712833333333333,1
0.45,1.000333333333333,0.25,1.363,1
1.95,0.9663333333333334,0.2,0.4886666666666667,0
3.216666666666667,2.226666666666667,1.533333333333333,2.502333333333333,2
1,1.665333333333333,1.9,1.568166666666667,0
0.8333333333333333,1.220333333333333,0.5333333333333333,1.261166666666667,0
0.5333333333333333,0.9185,2.3,2.489166666666667,1
0.7833333333333333,1.979333333333333,5.25,4.193666666666667,1
5.333333333333333,4.682666666666667,1.95,2.245833333333334,2
2.033333333333333,2.257833333333333,1.583333333333333,1.454333333333333,1
1.4,1.181166666666667,2.583333333333333,1.915333333333333,1
0.5,0.9266666666666667,0.8666666666666667,1.352666666666667,3
0.8333333333333333,1.0495,0.8333333333333333,1.491,0
2.166666666666667,1.881666666666667,1.083333333333333,0.8693333333333333,2
3.233333333333333,2.456333333333333,0.5,1.624,2
1.033333333333333,1.4335,3.833333333333333,2.3155,0
1.516666666666667,1.804333333333334,1.233333333333333,2.134833333333333,1
0,0.9963333333333333,1.033333333333333,1.278,1
1.4,1.7265,0.3333333333333333,0.8216666666666667,0
0.8333333333333333,0.886,1.583333333333333,1.709666666666667,2
0.3333333333333333,0.6381666666666667,2.316666666666666,1.329666666666667,2
1.833333333333333,1.8785,0.5,0.8468333333333333,0
1.75,1.353333333333333,2.616666666666667,1.825666666666667,2
2.633333333333333,1.580166666666666,1.2,1.2275,0
2.566666666666666,2.4225,1.833333333333333,1.594166666666667,2
1.25,1.121333333333333,0.65,1.08,1
1.333333333333333,1.421166666666667,1.533333333333333,1.039666666666667,0
1.95,1.628,3.916666666666667,4.419666666666666,0
2.566666666666666,1.583666666666667,4.083333333333334,3.1955,1
0.5333333333333333,1.208666666666667,1.9,1.792833333333333,0
3.533333333333333,4.3815,2,2.112833333333334,1
1.85,1.055166666666667,1.383333333333333,1.447666666666667,0
2.25,2.5335,1.316666666666667,1.908833333333333,1
2.866666666666667,2.427666666666667,1.2,0.78,2
1.366666666666667,0.9508333333333334,1.166666666666667,0.8493333333333333,0
2.05,1.547833333333333,2.533333333333333,2.7615,1
0.3333333333333333,1.651,1.866666666666667,1.541333333333333,0
1.616666666666667,1.274833333333333,2.616666666666667,2.646833333333333,1
0.45,0.7581666666666667,2.8,2.793666666666667,0
1.733333333333333,2.201,1.416666666666667,1.255166666666667,0
4.8,4.323666666666666,0.7833333333333333,1.371,4
0.95,1.246666666666667,1.25,1.521833333333333,0
0.45,0.9853333333333332,0.5,1.3315,0
0.5,0.7455000000000001,0.45,1.461833333333333,1
0.2,1.709,1.816666666666666,1.488,0
2.233333333333333,2.4755,2.083333333333333,2.386833333333333,3
1.75,1.564833333333333,1.333333333333333,1.681666666666667,0
1.333333333333333,1.260166666666667,2.45,1.793666666666667,0
1.533333333333333,1.3315,1.7,1.682,0
3.066666666666666,2.553166666666667,0.85,1.162,1
2.95,1.876,2.9,3.763833333333333,1
1.516666666666667,1.5895,3.283333333333333,2.0125,2
1.333333333333333,1.038833333333333,1.15,1.762,0
4.566666666666666,3.421166666666666,1.233333333333333,1.877666666666667,8
1.833333333333333,2.200666666666667,0.65,1.085666666666667,0
4.183333333333334,3.426333333333333,1.15,1.4695,3
0.2,1.817,3.233333333333333,2.632,1
1.2,1.5545,1.666666666666667,2.098166666666667,1
0.75,1.0965,4.533333333333333,2.745333333333333,2
0.5,0.843,1,0.8955,1
2.65,2.372666666666667,1.983333333333333,2.862666666666667,2
2.616666666666667,3.780666666666667,2,2.4665,2
1.566666666666667,1.258666666666667,3.2,2.221666666666667,2
0,0.8898333333333334,2.366666666666667,1.319166666666667,0
1.833333333333333,0.9121666666666666,0,0.9343333333333333,0
2.833333333333333,1.8935,1.7,2.286333333333333,2
0.95,1.006333333333333,0.3333333333333333,1.172166666666667,1
1.483333333333333,1.905666666666667,1.9,1.187833333333333,2
2.533333333333333,2.266333333333334,0.8333333333333333,1.068166666666667,0
0.95,2.809666666666667,2.4,2.0185,2
2.7,3.086666666666667,2,2.139166666666667,1
0.5,0.7988333333333333,1.333333333333333,1.679,0
1.533333333333333,2.880666666666666,0.5833333333333333,1.278333333333333,1
0.95,1.292666666666667,1.433333333333333,2.669166666666666,3
1.45,1.598166666666667,2.033333333333333,1.589,0
5.566666666666666,4.548333333333334,1,1.779166666666667,1
1.916666666666667,2.501166666666666,1.25,1.960666666666667,3
1.583333333333333,1.301833333333333,4.116666666666667,4.216833333333334,2
0.5833333333333333,0.8093333333333333,3.366666666666667,2.045666666666667,1
3.55,3.056166666666667,0.9833333333333334,1.330833333333333,4
1.816666666666667,2.177333333333333,1.583333333333333,1.862833333333333,1
1.566666666666667,2.0655,1.75,1.967666666666667,1
2.3,2.040666666666667,2.416666666666667,1.234833333333333,0
1.583333333333333,0.8301666666666667,0,0.5601666666666667,2
0.8666666666666667,1.351333333333333,0.65,0.5403333333333333,0
1.583333333333333,1.348333333333333,1.533333333333333,1.113666666666667,0
2.433333333333334,2.8825,2.033333333333333,2.075666666666667,3
2.116666666666667,2.232833333333334,2.766666666666667,2.699333333333334,3
0.95,0.5811666666666666,0.95,1.257,4
0.5,0.7098333333333333,2.516666666666667,1.759166666666667,0
1.816666666666667,1.598666666666667,1.333333333333333,2.4495,2
0.75,1.121,1.666666666666667,2.065833333333333,3
0.5833333333333333,2.306666666666667,3.75,2.791833333333333,0
1.083333333333333,1.361,0.6666666666666666,1.460666666666667,0
1,1.3055,2.35,2.578666666666667,3
1.5,1.311,1.75,1.771666666666667,1
3.116666666666667,3.613666666666667,1.7,1.316333333333333,1
1.1,1.141166666666667,2.733333333333333,2.871166666666666,2
3.75,4.078833333333334,2.533333333333333,1.8045,2
3.45,2.025166666666667,0.75,1.543666666666667,1
0.8333333333333333,1.668666666666667,1.7,2.268166666666667,0
2.25,1.440666666666667,1.45,2.2385,2
0.65,1.246,0.7,1.439833333333334,0
1.75,1.134333333333333,2.583333333333333,1.6565,1
0,0.974,0.5,1.738,0
1.583333333333333,2.219333333333333,2.516666666666667,1.313833333333333,2
2.516666666666667,1.768833333333333,0.7833333333333333,1.209,0
4.016666666666667,2.620833333333334,1.666666666666667,1.167333333333333,1
0.75,0.9988333333333335,1.916666666666667,2.282166666666667,2
1.7,2.079,1.95,1.627,0
1.583333333333333,0.8465,2.15,1.7035,0
1.583333333333333,1.5515,1.25,1.0645,0
1.95,1.1935,1.683333333333333,2.0875,0
2.733333333333333,4.0485,2.366666666666667,1.2305,1
3.266666666666667,1.663166666666667,2.35,2.981333333333334,1
1.583333333333333,1.683666666666667,3.2,2.4205,2
1.166666666666667,1.322166666666666,1.85,3.404333333333334,2
1.5,1.897833333333333,0.5833333333333333,2.3805,1
1.533333333333333,1.395833333333333,2.433333333333334,2.080666666666667,2
0.7,2.0505,1.616666666666667,2.1135,1
2.183333333333334,1.4455,3.366666666666667,2.197166666666666,0
2.116666666666667,4.213,0.9,1.1335,1
1.2,1.035666666666667,0.75,2.057333333333333,0
2.2,2.401,1.233333333333333,1.324,1
1.366666666666667,2.035166666666667,2.533333333333333,1.718166666666667,2
1.5,1.521333333333333,1.75,2.1805,0
1.35,1.932166666666667,0.8333333333333333,1.658666666666667,3
1.733333333333333,1.8325,0.7,1.158666666666667,2
1.4,2.065666666666667,2.1,1.628833333333333,2
0.8333333333333333,1.016666666666667,0.5,1.449666666666667,0
1.95,2.095333333333333,1.35,1.105666666666667,2
0.5,1.1965,2.066666666666666,2.4435,3
2.033333333333333,2.030666666666667,4.116666666666667,3.669333333333333,0
2.233333333333333,2.448833333333333,0.95,1.7465,3
1.866666666666667,2.134833333333333,2.683333333333334,2.058333333333333,1
2.75,2.241,1.733333333333333,2.114,0
2.483333333333333,1.462833333333333,2.033333333333333,2.130166666666667,0
0.9333333333333333,1.394166666666667,2.65,1.391666666666667,4
0.95,0.9401666666666666,3.166666666666667,3.148,0
1.816666666666667,1.5125,2.716666666666667,2.540166666666667,1
2.083333333333333,1.682666666666667,0.5833333333333333,0.8218333333333333,1
2.616666666666667,1.784333333333333,1.733333333333333,1.692166666666667,0
1.916666666666667,2.258166666666667,1.916666666666667,1.016166666666667,1
0.2,0.6021666666666666,0.75,2.032166666666667,1
3.933333333333334,4.085333333333334,0.9166666666666666,0.994,1
0.25,1.439666666666667,1.75,2.423833333333334,0
3.816666666666667,4.0285,2.5,3.212166666666667,2
1.366666666666667,1.9185,1.416666666666667,1.663666666666667,3
2.566666666666666,2.383166666666667,2.033333333333333,1.846833333333333,0
1.75,1.777166666666667,2.933333333333334,2.338833333333334,1
1.75,1.646333333333333,3.15,3.076666666666666,0
2.916666666666667,2.431166666666667,1.7,1.826166666666667,3
2.533333333333333,1.997166666666667,2.9,2.509,0
2.783333333333333,1.950666666666667,2.25,1.737333333333333,5
1.2,1.217166666666667,3.583333333333333,2.648666666666667,1
1,1.150666666666667,1.25,1.4165,1
1.783333333333333,1.490166666666667,2.15,2.593,1
1.483333333333333,1.7955,1.45,1.619666666666667,1
1.45,2.1925,1.2,1.109833333333333,1
1.25,0.857,1.233333333333333,1.554333333333333,0
1.65,1.481833333333333,1.033333333333333,1.037166666666667,0
3.45,2.611333333333334,1.45,1.560666666666667,2
3.283333333333333,3.118833333333334,2.4,1.466,0
3.916666666666667,3.569833333333333,2.083333333333333,2.091666666666667,4
0.5,1.178,2.283333333333333,1.455666666666667,0
1.333333333333333,0.7221666666666667,1,2.026333333333334,1
2.15,2.014,1.733333333333333,1.291,0
0.5,1.373333333333333,1.85,1.977,3
2.283333333333333,2.231,2.233333333333333,2.204833333333333,1
3.15,2.571,2.183333333333334,1.543833333333333,0
1.733333333333333,1.926,1.85,2.4225,1
2.15,1.614666666666667,3.416666666666667,3.398833333333334,1
0.7833333333333333,0.8903333333333334,1.883333333333333,2.408,1
2.3,1.804666666666667,0.2,1.030833333333333,0
1.583333333333333,1.497,0.45,0.6063333333333334,0
1.783333333333333,0.9490000000000001,1.583333333333333,1.399833333333333,2
1.583333333333333,1.089,1.25,1.598666666666666,2
0.25,1.537833333333333,3.766666666666667,1.685333333333333,1
1,1.282833333333333,3,2.996666666666667,0
2.016666666666667,2.142,1.433333333333333,1.548333333333333,2
2.016666666666667,2.504,1.083333333333333,1.117,3
3.116666666666667,1.926333333333333,2.166666666666667,1.4185,0
1.583333333333333,1.2655,2.283333333333333,1.945333333333333,1
1.283333333333333,2.211333333333333,1.7,1.7065,2
4.483333333333333,3.754333333333333,1.083333333333333,2.2625,1
1.45,1.967666666666667,0.45,0.9646666666666668,1
1.85,1.562166666666667,0.9333333333333333,2.334833333333334,1
1.283333333333333,1.927,3.1,2.339666666666667,1
0.8333333333333333,1.410833333333333,2.283333333333333,2.651,1
1.033333333333333,1.297,2.25,1.861,1
1,1.2735,1.116666666666667,1.4055,0
1.25,1.88,1.2,1.446,1
1.5,1.839166666666667,2.85,2.010333333333334,1
1.866666666666667,1.428166666666667,0.5,1.002666666666667,2
1.2,1.165166666666667,2.333333333333333,1.9835,0
1.366666666666667,0.7851666666666666,1.033333333333333,1.629833333333333,2
1.833333333333333,2.7275,1.4,0.9195,0
1.033333333333333,1.731833333333333,2.416666666666667,3.111666666666666,0
0.6666666666666666,1.1855,2.45,1.826,2
1.75,1.066,2.116666666666667,2.515333333333333,1
1.4,1.3985,0,0.4591666666666667,1
3.066666666666666,2.265333333333333,2.016666666666667,1.990166666666667,0
1.533333333333333,1.0215,1.283333333333333,3.046833333333333,2
1.033333333333333,1.7735,1.083333333333333,1.534166666666667,0
1.583333333333333,2.071833333333333,1.033333333333333,1.9695,0
1.033333333333333,2.148666666666667,1.333333333333333,1.063833333333333,0
1.033333333333333,1.259,1.633333333333333,1.276,2
1.366666666666667,1.556833333333333,1.833333333333333,1.440166666666667,2
1.333333333333333,1.258,1.666666666666667,1.630833333333333,2
1.433333333333333,1.513166666666667,1.4,0.9303333333333333,0
2.116666666666667,1.697833333333333,1.4,1.033333333333333,0
0.8333333333333333,1.8365,1.583333333333333,0.8943333333333333,1
1.566666666666667,1.443666666666667,2.116666666666667,2.1655,1
1.366666666666667,1.131833333333333,6.766666666666667,4.186666666666667,2
0.75,1.062166666666667,0.25,0.3733333333333334,0
1.25,1.884666666666667,2.233333333333333,1.952166666666667,0
2.316666666666666,1.813666666666667,2.333333333333333,1.8305,0
0.45,1.106333333333333,1.333333333333333,1.300333333333333,0
1.933333333333333,2.4425,0.45,0.9636666666666667,1
1.066666666666667,0.6820000000000001,1.65,2.155333333333333,1
1.583333333333333,0.9041666666666666,0.65,1.413166666666667,0
3.716666666666667,3.575,1.45,2.1495,0
0.45,0.6395,0.5833333333333333,1.05,0
1.116666666666667,1.3705,0.25,0.5536666666666666,0
1.15,1.5615,5.233333333333333,3.684166666666667,2
1.45,1.531333333333333,2.45,3.153,4
1.7,2.5355,3.316666666666666,1.9635,1
2.45,1.459,0.5,0.6,2
1.816666666666667,1.031666666666667,0.7,0.9588333333333333,2
5.633333333333334,4.355666666666666,1.616666666666667,1.526,2
1.116666666666667,0.778,2.316666666666666,1.639666666666666,2
1.733333333333333,0.85,0.7,0.6983333333333333,0
2.033333333333333,2.233166666666667,1,0.704,0
0,1.087333333333333,1.2,1.786833333333333,0
1.4,1.419833333333334,2.033333333333333,1.843833333333333,0
1.7,1.039833333333333,1.733333333333333,1.719166666666667,1
1.1,1.852833333333333,0.5,1.240333333333333,0
1.7,1.698833333333333,2.7,1.952,0
0.25,0.6265000000000001,0.7,1.358833333333333,1
1.983333333333333,2.407666666666667,1.583333333333333,1.4715,1
1.566666666666667,1.431333333333333,1.333333333333333,2.005666666666666,2
1.616666666666667,2.567333333333333,0.6666666666666666,1.115166666666667,1
1,0.7728333333333334,1.916666666666667,1.896333333333333,3
0,1.001,0.3333333333333333,1.155666666666667,0
0.7333333333333334,1.348666666666666,1.816666666666666,1.741666666666666,1
1.566666666666667,0.7601666666666667,2.316666666666666,2.017,2
0.3333333333333333,1.214,1.316666666666667,1.646,1
0.7,0.5841666666666667,0.7333333333333334,1.303,1
1.833333333333333,1.522666666666667,1.616666666666667,2.0825,3
1.316666666666667,2.02,0.4,0.5706666666666667,0
0.9166666666666666,0.6621666666666667,0.9,1.062,1
1.866666666666667,2.766,4.066666666666666,2.866,1
5.133333333333333,4.916666666666667,1.333333333333333,1.129,2
1.366666666666667,1.3865,2.566666666666666,3.276,2
2.333333333333333,2.613,4.883333333333333,3.424666666666667,2
2,1.497,2.566666666666666,1.721666666666667,0
4.566666666666666,2.5785,4.166666666666666,2.998666666666667,2
2.316666666666666,2.422666666666666,0,0.5640000000000001,0
1.5,1.598,2.666666666666667,3.092166666666667,1
5.266666666666667,3.735666666666667,2.133333333333333,2.0775,1
1.633333333333333,0.823,2.783333333333333,1.672166666666667,2
1.7,1.850666666666667,0.5,0.9671666666666667,1
1.483333333333333,2.046333333333333,3.083333333333333,1.124333333333333,2
2.9,1.561166666666667,2.033333333333333,2.447,1
2.233333333333333,1.754833333333333,1.2,1.432,0
0.5,0.841,3.233333333333333,2.820666666666666,1
3,1.546166666666667,0.7333333333333334,1.589833333333333,1
3.033333333333333,2.912,2.066666666666666,2.081666666666667,1
1.333333333333333,1.0495,3.15,2.203666666666667,1
1.583333333333333,1.323,1.233333333333333,1.0745,0
2.816666666666666,2.478166666666667,2.483333333333333,2.7675,2
1.616666666666667,2.194666666666667,1.866666666666667,1.708,0
2.816666666666666,2.067666666666667,1,0.8794999999999999,1
1.866666666666667,1.8005,1.9,1.265833333333333,0
1.566666666666667,1.9835,2.566666666666666,2.671666666666667,0
1.583333333333333,1.533833333333333,1.983333333333333,2.395166666666666,1
3.966666666666666,3.501,3.366666666666667,2.4,2
0.8333333333333333,1.947166666666666,1.533333333333333,2.117166666666667,0
2.4,2.06,3.15,2.700166666666667,1
5.583333333333334,3.995166666666667,3.216666666666666,2.952666666666667,2
1.983333333333333,2.070666666666667,4.816666666666666,3.206,5
2.816666666666666,3.090666666666667,1.75,1.635833333333333,2
1.583333333333333,1.301333333333333,0.95,1.0555,2
2.616666666666667,1.955,0.5,1.096333333333333,0
0.7,1.265,1.483333333333333,1.487333333333333,1
1.083333333333333,0.9821666666666666,1.616666666666667,1.591166666666667,2
1.45,1.451833333333333,1.783333333333333,1.610666666666666,0
1.166666666666667,1.346166666666667,1.033333333333333,2.01,0
2.433333333333334,2.366,2.783333333333333,2.585833333333333,1
1.683333333333333,1.286,3.616666666666667,2.116,0
1.633333333333333,1.776166666666667,0.5833333333333333,1.198,1
4.566666666666666,4.044166666666666,1.533333333333333,1.620166666666667,3
0.4,0.9768333333333334,2.816666666666666,3.592666666666667,0
4.4,3.639666666666667,2.516666666666667,1.984333333333334,2
2.033333333333333,2.261166666666667,4.566666666666666,2.689166666666666,0
1.616666666666667,1.611166666666667,1.7,2.931666666666667,1
1.983333333333333,2.829,4.433333333333334,4.246666666666666,2
2.083333333333333,1.560666666666667,1.5,1.6685,2
4.366666666666667,2.9675,1.15,1.278333333333333,1
3.866666666666667,2.387666666666667,2.4,1.9215,1
1.2,2.171166666666667,2.816666666666666,2.6385,2
1.15,1.3775,0.8333333333333333,0.6064999999999999,0
0.9,1.179833333333333,2.65,2.4565,1
1.283333333333333,1.468166666666667,1.416666666666667,1.8265,1
2.283333333333333,2.455166666666667,2.783333333333333,2.219166666666666,1
0.8333333333333333,3.158166666666667,2.2,1.756833333333333,4
2.566666666666666,2.407666666666667,1.566666666666667,1.780166666666667,2
1.65,1.849833333333333,0.2,0.9548333333333333,1
1.7,1.743,0,0.9328333333333334,0
0.8666666666666667,1.2175,1.283333333333333,2.601166666666667,3
0.75,1.862833333333333,1.816666666666667,2.2685,1
2.516666666666667,2.800333333333334,1.083333333333333,1.3675,1
2.583333333333333,1.7785,0.2,0.8475,0
0,1.098166666666667,1.566666666666667,2.15,0
1.366666666666667,1.773333333333333,1.866666666666667,2.304833333333333,0
1.166666666666667,2.054333333333334,1.083333333333333,1.315666666666667,2
1.75,1.386,2.366666666666667,2.472333333333333,0
0.7,1.596833333333333,1.333333333333333,1.6935,1
1.733333333333333,1.935166666666667,2.4,2.706666666666667,3
1.983333333333333,1.677166666666667,1.816666666666666,1.956833333333333,0
2.033333333333333,1.898666666666667,2.5,2.094333333333333,3
3.616666666666667,3.9805,2.166666666666667,3.004833333333333,5
1.283333333333333,1.901333333333333,1.483333333333333,1.495833333333333,1
2.583333333333333,1.730166666666667,0,0.9715,1
1.733333333333333,2.284833333333333,3.283333333333333,2.402833333333334,1
1.083333333333333,1.178166666666667,2.983333333333333,2.965833333333333,3
1.583333333333333,2.349333333333333,1.316666666666667,1.611833333333333,0
4.266666666666667,4.352,1.583333333333333,1.802666666666667,4
3.4,2.385833333333333,3.183333333333333,2.122833333333333,2
1.25,1.4885,1.833333333333333,1.795166666666667,1
2.033333333333333,1.532833333333333,1.95,1.960333333333333,3
2.066666666666666,1.824333333333333,2.566666666666666,2.181333333333333,1
0.7,0.8778333333333332,2.616666666666667,2.782833333333333,0
0.5,1.232,0.7833333333333333,1.116333333333333,0
0.95,1.849166666666667,3.9,1.804,0
1.833333333333333,2.448333333333333,0.5,1.293666666666667,0
0.4,0.7223333333333333,3.566666666666667,3.689000000000001,1
1.566666666666667,1.759833333333333,2.25,2.512,0
0.75,1.242,1.4,1.665333333333333,2
2.7,1.865,0.5333333333333333,1.175833333333333,1
4.7,2.472,0.4,1.47,2
2.2,2.1675,1.4,1.012333333333333,1
0.5,0.7175,4.533333333333333,3.359166666666667,1
3.45,1.8075,2.466666666666667,1.424666666666667,1
2.033333333333333,1.530833333333333,1.783333333333333,1.0265,1
1.483333333333333,1.250666666666667,1.166666666666667,0.8264999999999999,2
1.083333333333333,1.227,3.7,2.0505,1
1.95,0.9115,1.9,1.674,1
3.766666666666667,2.557166666666666,1.983333333333333,1.279666666666667,1
5.983333333333333,4.7255,2.333333333333333,2.087833333333333,2
1.033333333333333,1.2325,2.35,1.6905,2
2.783333333333333,2.379166666666667,1.283333333333333,1.57,0
0.75,1.111833333333333,2.833333333333333,2.317666666666667,0
1.433333333333333,1.785666666666667,1.25,1.538666666666667,1
0.65,1.149666666666667,0.6666666666666666,0.9651666666666665,1
5.016666666666667,3.332166666666667,1.2,0.9093333333333333,2
1.95,2.032666666666667,1.75,1.175166666666667,1
1.733333333333333,1.429333333333333,1.533333333333333,1.802666666666667,1
1.833333333333333,1.929333333333333,1.15,2.298,1
1.666666666666667,1.4135,2.033333333333333,1.972333333333333,2
0.25,1.241166666666667,2.916666666666667,3.0025,2
1,1.461,1.85,2.107166666666667,0
1.683333333333333,1.506333333333333,1.816666666666667,1.559666666666667,0
1.083333333333333,1.618666666666666,0.95,1.417666666666667,0
4.183333333333334,3.007166666666667,1.283333333333333,1.590833333333333,3
3.466666666666666,2.797833333333334,1.283333333333333,1.819333333333333,0
0.7833333333333333,1.5685,3.583333333333333,3.327833333333333,0
1.616666666666667,1.314333333333333,0.9833333333333334,1.404666666666667,1
1.7,2.140666666666667,2.516666666666667,2.473833333333333,1
0.5333333333333333,1.102666666666667,2.366666666666667,2.002333333333334,0
2.116666666666667,2.114166666666667,1.416666666666667,1.447,0
1.783333333333333,2.237333333333333,2.183333333333334,0.9155,3
1.533333333333333,1.094166666666667,1,1.1165,1
4.066666666666666,3.135333333333333,3.116666666666667,3.492,5
0.5,1.282,1.233333333333333,1.7195,1
1.166666666666667,0.5395,3.116666666666667,2.675333333333334,1
1.033333333333333,1.1725,0.3333333333333333,0.9661666666666667,1
1.683333333333333,1.6575,0.3333333333333333,0.9961666666666666,1
1.333333333333333,1.937166666666666,3.066666666666666,2.447,1
1.033333333333333,1.019666666666667,1.333333333333333,1.083,0
2.566666666666666,2.310333333333333,1.2,1.078333333333333,1
1.333333333333333,1.5215,1.666666666666667,0.9743333333333334,2
1.483333333333333,1.751666666666667,2.45,2.123666666666667,1
2.2,1.796833333333333,1.95,2.671833333333333,0
1.15,3.134666666666666,1.95,1.759333333333333,8
1.45,1.924666666666667,1.733333333333333,3.335833333333333,0
3.95,2.701166666666667,0.65,2.241333333333333,1
1.083333333333333,1.998833333333333,1.033333333333333,1.141166666666667,1
1.9,2.176833333333334,0.75,1.143333333333333,1
2.066666666666666,1.717666666666667,0.75,1.484666666666667,0
0.7,1.206,1.45,1.980166666666667,2
1.2,1.666833333333333,2.15,1.819333333333333,1
1.283333333333333,1.010333333333333,1.283333333333333,1.971666666666667,0
4.566666666666666,2.927333333333333,1.083333333333333,1.0895,3
0.7,1.771666666666667,0.45,0.7046666666666667,0
1.333333333333333,1.225166666666667,1.316666666666667,1.862333333333333,0
0.7833333333333333,2.080333333333333,3.733333333333333,2.991,1
0.7833333333333333,1.046833333333333,3.083333333333333,2.224333333333333,2
1.283333333333333,1.766333333333333,2.233333333333333,1.398833333333333,0
3.366666666666667,2.575833333333333,3.066666666666667,2.651333333333334,2
1.483333333333333,1.058,2.366666666666667,1.583333333333333,0
2.7,2.013166666666667,1.033333333333333,1.322833333333333,1
1,1.323666666666667,3.783333333333333,3.997166666666667,0
4.55,3.242166666666667,1.166666666666667,1.444,1
1.833333333333333,1.8185,0.2,0.4971666666666667,0
5.916666666666666,6.273999999999999,1.25,1.761833333333333,2
2.85,1.376833333333333,2.083333333333333,1.9495,2
1.783333333333333,1.797166666666667,1.333333333333333,1.580166666666666,1
1.783333333333333,2.301666666666667,3.433333333333334,1.770666666666667,0
1.916666666666667,2.349,4.016666666666667,3.221,2
0.65,0.9761666666666666,1.45,2.846666666666667,2
1.833333333333333,1.306,1.083333333333333,1.3395,1
1.866666666666667,1.704666666666667,1.95,2.133666666666667,0
1.75,1.988666666666667,1.783333333333333,1.597166666666667,0
1.683333333333333,1.483666666666667,3.616666666666667,2.809666666666667,1
1.7,0.8586666666666667,1.916666666666667,1.499833333333333,1
0.5333333333333333,1.131666666666667,1.15,1.001333333333333,2
1.316666666666667,1.3005,1.4,1.6605,1
2.066666666666666,1.384833333333333,0.8666666666666667,1.0355,2
0.45,0.9580000000000001,2.533333333333333,1.243166666666667,1
0.95,1.727166666666667,0.4,1.020666666666667,0
3.083333333333333,2.155666666666667,1.2,1.41,4
1.2,1.407666666666667,2.666666666666667,2.450833333333334,1
3.183333333333334,2.802,2.516666666666667,2.0595,2
6.266666666666667,4.672833333333333,1.866666666666667,1.735833333333333,3
1.2,1.4195,1.033333333333333,0.5956666666666666,1
1.533333333333333,1.379166666666667,1,0.9775,0
1.666666666666667,1.112333333333333,1.283333333333333,1.764166666666667,1
0.75,2.0375,3.7,1.925,2
2.066666666666666,1.9755,1.666666666666667,2.584833333333333,1
0.6666666666666666,0.9143333333333333,2.2,2.8445,0
2.033333333333333,1.661666666666667,2.283333333333333,2.079666666666667,1
1.616666666666667,1.170333333333333,1.866666666666667,1.540166666666667,1
2.4,1.834166666666667,1.633333333333333,1.027333333333333,0
1.866666666666667,2.033666666666667,0.9166666666666666,0.8756666666666666,1
1.066666666666667,1.161333333333333,2.033333333333333,1.623666666666667,1
2.883333333333333,1.599333333333333,1.933333333333333,1.366333333333333,1
1.533333333333333,1.0275,3.116666666666667,2.400333333333333,2
4.033333333333333,3.082666666666666,1.566666666666667,0.8941666666666667,1
1.033333333333333,0.9794999999999999,0.5333333333333333,0.5295,2
1.633333333333333,0.8348333333333333,2.366666666666667,1.962666666666667,2
0.8666666666666667,0.6126666666666667,3.05,1.922666666666667,1
1.4,0.8046666666666666,1.666666666666667,1.418833333333333,0
2.983333333333333,1.983666666666667,1.583333333333333,1.543666666666667,0
2.616666666666667,2.448833333333333,2.916666666666667,1.882333333333333,5
1.333333333333333,1.698666666666667,1.033333333333333,1.6005,1
2.816666666666666,2.437333333333334,2.7,2.597666666666667,2
1.833333333333333,2.0845,2.666666666666667,2.358333333333333,2
0.5,1.338833333333333,0.5,1.039666666666667,0
1,0.9496666666666667,0.8333333333333333,1.313666666666667,1
1.2,1.144666666666667,1.816666666666667,1.111333333333334,2
1.616666666666667,1.494333333333333,1.25,1.326833333333333,1
1.6,1.404,2.033333333333333,1.552333333333333,0
1.616666666666667,1.389333333333333,3.066666666666666,2.105666666666667,1
2.233333333333333,1.124666666666667,1.95,1.5455,1
1.783333333333333,1.348833333333333,3.166666666666667,2.891666666666667,2
0.7333333333333334,1.055333333333333,1.366666666666667,1.581333333333333,1
2.883333333333333,2.2815,1.933333333333333,1.460666666666667,2
1.983333333333333,1.849833333333333,1.733333333333333,1.418833333333333,1
2.866666666666667,1.984666666666667,1.483333333333333,1.676833333333334,1
2.733333333333333,2.689333333333333,2.033333333333333,1.081666666666667,0
4.283333333333333,3.2825,1.133333333333333,1.102333333333333,3
0.5,0.871,2.666666666666667,2.246666666666667,0
1.783333333333333,1.874833333333333,1.916666666666667,1.795,3
1.25,1.255666666666667,2.45,1.286,0
0.9833333333333334,1.114833333333333,0.25,1.011666666666667,1
1.816666666666667,2.334666666666667,1.15,1.329833333333333,6
1.5,1.205833333333333,1.833333333333333,2.002333333333334,1
1.7,1.538,1.783333333333333,1.426833333333333,2
1.366666666666667,1.626,4.166666666666667,2.711833333333333,2
3.166666666666667,1.485166666666667,0.7833333333333333,1.318,0
1.583333333333333,1.4145,1.2,1.2265,3
0.75,0.96,2.816666666666666,1.884166666666667,2
2.033333333333333,1.326,0.7,1.159833333333333,3
4.45,4.3715,1.616666666666667,1.716166666666667,3
1.783333333333333,1.527833333333333,2.2,1.621,0
1.033333333333333,0.6491666666666667,4.983333333333333,2.3535,0
0.8666666666666667,0.9488333333333333,3.7,1.965,1
4.616666666666667,3.214166666666666,2.083333333333333,1.425833333333333,0
1.983333333333333,1.0395,1.283333333333333,1.411,0
1.366666666666667,1.527666666666667,0.45,0.9646666666666667,1
2.983333333333333,1.8185,1.533333333333333,1.141,1
2.416666666666667,1.447166666666667,3.4,2.516833333333333,2
2.2,1.825333333333333,2.166666666666667,1.6465,1
3.65,4.0625,2.533333333333333,1.849,4
2.833333333333333,2.2055,0.8333333333333333,0.9718333333333333,2
0.5333333333333333,0.7098333333333333,2,1.021833333333333,0
3.266666666666667,2.208,2.75,1.327166666666667,1
2.2,1.539166666666667,2.366666666666667,2.441166666666667,1
1.5,0.7271666666666667,2.75,2.2505,1
3.4,1.526166666666667,1.9,1.739166666666667,3
2.066666666666666,1.2685,3.783333333333333,3.0185,1
0.95,0.4885,2.45,1.836666666666667,2
1.233333333333333,1.264,2.45,1.7655,1
4.15,2.662166666666667,0.75,0.8721666666666665,0
0.95,1.500666666666667,2.066666666666666,1.607333333333333,1
2.7,1.693333333333333,2.566666666666666,1.454666666666667,0
0.7,0.7521666666666667,1.283333333333333,1.4625,0
1.783333333333333,1.6825,1,1.445833333333333,0
1.666666666666667,1.237,3.683333333333334,2.186,1
0.9166666666666666,1.143833333333333,1.333333333333333,1.045,0
3.1,3.229333333333333,1.2,0.9331666666666667,2
1.75,1.837333333333333,2.783333333333333,1.9755,0
1.683333333333333,1.798,2.633333333333333,2.822833333333334,3
3.366666666666667,1.909,1,1.054333333333333,0
3,1.207833333333333,2.183333333333334,1.7875,0
4.533333333333333,3.918833333333333,2.116666666666667,1.422,3
1.083333333333333,0.6665,2.283333333333333,1.704833333333333,1
0.7,1.262833333333333,2.283333333333333,1.362166666666667,1
2.816666666666666,2.074833333333333,2.233333333333333,1.7245,3
2.833333333333333,1.9725,1.233333333333333,1.259833333333333,0
1.183333333333333,0.8608333333333332,3.766666666666667,2.896333333333334,0
1.4,0.8221666666666667,1.183333333333333,1.37,1
1.783333333333333,1.254,1.666666666666667,1.878833333333333,3
1.416666666666667,0.6913333333333332,0.45,1.2485,1
1,1.1955,0.6,0.9215,0
1.483333333333333,1.6955,1.916666666666667,1.190666666666667,1
0.5833333333333333,1.324833333333333,1.2,1.644666666666667,2
1,1.379833333333333,1.983333333333333,1.971333333333333,3
0.8333333333333333,1.13,1.783333333333333,1.599,1
1.516666666666667,2.299166666666667,0.5,0.4948333333333333,1
0.95,1.761,2.15,1.265666666666666,1
2.45,1.518833333333333,2.283333333333333,2.354166666666667,1
3.55,3.338166666666667,0.75,1.102166666666667,1
0.7,1.669166666666666,2.65,1.616833333333333,0
2.033333333333333,1.25,1.9,1.797166666666667,0
2.6,1.637166666666667,2.2,1.8925,3
2.233333333333333,2.115333333333333,1.7,0.7246666666666667,1
0.2,0.8138333333333333,2.95,2.907166666666667,1
2.35,1.4635,1.133333333333333,2.0565,1
3.15,1.357166666666667,2.033333333333333,0.7391666666666666,2
2.4,2.030166666666667,3.45,2.134333333333334,1
1.783333333333333,1.783333333333333,2.4,1.779833333333333,1
1.233333333333333,1.885166666666667,3.2,1.794333333333333,3
1.783333333333333,1.103,3.083333333333333,1.487666666666667,2
0.5,0.8739999999999999,1.333333333333333,1.455166666666667,1
4.2,2.445333333333333,0.8333333333333333,1.680666666666667,2
1.366666666666667,1.530166666666667,2.033333333333333,1.302166666666667,0
2.116666666666667,1.920833333333333,2.283333333333333,1.808833333333333,3
2.483333333333333,1.355666666666667,0,0.5325,1
2.083333333333333,1.864166666666667,2.9,1.963,0
1,1.169333333333333,0.9166666666666666,1.462166666666667,0
2.15,1.238833333333333,0.5333333333333333,1.141166666666666,0
1.5,1.2415,2.433333333333334,2.156666666666667,3
1.583333333333333,0.9486666666666668,2.1,1.5885,0
2.683333333333334,2.23,1.783333333333333,2.884333333333333,2
2.166666666666667,2.115333333333333,1.316666666666667,1.187666666666667,1
1.283333333333333,1.3895,1.25,0.8819999999999999,1
0.3333333333333333,0.7811666666666666,3.433333333333334,1.553,0
1.95,1.442,0.5833333333333333,0.9003333333333333,1
1.75,1.494666666666667,1.583333333333333,0.9690000000000001,1
3.516666666666667,1.876166666666667,2.333333333333333,1.858666666666667,1
1.033333333333333,1.2745,1.583333333333333,1.486,0
1.1,1.114333333333333,1.45,0.9616666666666667,2
1.783333333333333,1.366166666666667,1.283333333333333,1.4635,0
3.65,2.744833333333333,2.116666666666667,1.534166666666667,4
1.15,1.095166666666667,1.683333333333333,1.581166666666667,0
0.8333333333333333,1.077,1.85,1.494166666666667,0
2.133333333333333,1.711833333333333,2.95,2.410333333333333,1
3.45,3.096666666666667,0.9,1.324333333333333,1
2.116666666666667,1.399333333333333,3.35,2.200166666666667,3
1.266666666666667,1.591333333333333,1.583333333333333,1.265833333333333,0
0.95,1.750833333333333,1.033333333333333,0.6461666666666666,0
1.85,1.469333333333333,0.75,0.9728333333333334,0
2.25,1.5925,1.45,1.304833333333333,0
1.333333333333333,1.381166666666667,3.4,2.0565,1
0.5333333333333333,0.9773333333333334,2.516666666666667,2.001833333333333,0
0.5333333333333333,0.9163333333333332,2.2,2.8345,3
1.7,1.312833333333333,3.616666666666667,3.879333333333333,1
4.15,3.399999999999999,0.7333333333333334,0.9861666666666666,1
1.616666666666667,1.712333333333333,3.483333333333333,2.157333333333333,2
1.233333333333333,0.8458333333333333,2.95,2.682,1
0.7,1.3245,2.533333333333333,1.958833333333334,1
0.7833333333333333,1.286666666666667,1.7,0.8754999999999999,1
0.45,1.396166666666667,0.5,1.322666666666667,2
2.9,1.912333333333333,0.5833333333333333,1.060166666666667,2
3.933333333333334,2.013833333333333,2.6,2.229833333333333,4
1.416666666666667,1.161,0.45,1.665166666666667,2
1.45,0.8804999999999999,0.75,0.8811666666666667,0
1.75,1.906166666666667,1.733333333333333,1.406833333333333,0
4.433333333333334,3.703166666666667,1.916666666666667,0.8595,4
0.95,0.7248333333333334,3.483333333333333,1.726833333333333,1
0.8333333333333333,0.9283333333333333,1.45,1.413833333333333,0
2.033333333333333,1.025333333333333,1.333333333333333,1.092333333333333,0
1.15,0.6943333333333334,3.366666666666667,1.818,1
1.283333333333333,1.616333333333333,1.7,1.130666666666666,2
4.716666666666667,3.394166666666667,0.5333333333333333,0.9158333333333333,1
4.466666666666667,1.722,2.216666666666667,1.48,1
0.8666666666666667,0.9329999999999999,1.2,1.392166666666667,1
1.566666666666667,1.527,1.566666666666667,0.585,0
2.816666666666666,2.0335,2.366666666666667,1.833666666666667,1
2.95,1.868666666666667,2.266666666666667,1.664833333333333,1
1.666666666666667,1.543666666666667,0.7,1.077833333333333,0
0.6666666666666666,0.9575,0.6666666666666666,1.089166666666667,0
2.25,1.718333333333333,2.35,1.423333333333333,4
1.2,1.735333333333333,2.75,1.868833333333333,0
0.6666666666666666,1.267666666666667,1.95,2.537,4
2.35,1.258333333333333,2.3,1.2785,2
2.033333333333333,1.2045,3.25,2.627666666666666,0
2.15,1.111833333333333,0.9833333333333334,1.553666666666667,2
1.233333333333333,1.501166666666667,0.75,1.098333333333333,0
3.833333333333333,2.551666666666667,1.7,1.053166666666667,6
1.033333333333333,0.859,2.333333333333333,1.572,1
3.416666666666667,2.551833333333334,3.033333333333333,1.747833333333333,3
0.5833333333333333,1.592333333333333,0.5,1.413166666666667,1
1.733333333333333,1.1525,2.166666666666667,1.528166666666667,2
1.733333333333333,1.594166666666667,2.083333333333333,1.474166666666667,1
1.85,1.354,0.5,1.037666666666667,2
0.95,0.7836666666666666,1.733333333333333,1.478333333333333,0
0.3333333333333333,1.5935,3.1,3.090166666666667,1
2.566666666666666,2.059333333333333,1.833333333333333,2.0585,4
2.183333333333334,0.881,1.15,0.7183333333333333,0
1.733333333333333,2.0695,2.25,1.503833333333333,1
4.083333333333333,2.970166666666667,1.35,1.405333333333333,0
1,1.752833333333333,1.916666666666667,0.8745000000000001,1
1.9,1.746833333333333,2.083333333333333,1.633666666666667,0
2.016666666666667,1.0995,1.75,1.917833333333333,0
0.4,0.7108333333333333,0.25,1.174333333333333,1
0.95,1.003666666666667,1.483333333333333,1.2055,1
3.15,2.087166666666667,1.6,1.606166666666667,1
1.416666666666667,1.115,1.783333333333333,2.006833333333333,1
1.666666666666667,1.154833333333333,2.5,2.115666666666667,1
1.533333333333333,2.026833333333333,2.25,1.305166666666667,2
0.7833333333333333,1.306833333333334,2.566666666666666,1.990166666666667,0
1.533333333333333,2.088166666666667,1.2,1.556833333333334,0
1.033333333333333,0.9461666666666666,1.866666666666667,1.5485,0
3.95,2.900166666666666,1.166666666666667,1.7375,2
2.25,1.204833333333333,2.283333333333333,1.518833333333333,1
2.666666666666667,1.4845,3.4,2.617,1
2.516666666666667,1.722333333333333,0.3333333333333333,1.123166666666667,3
3.3,2.279166666666667,0.9833333333333334,1.463833333333333,2
2.333333333333333,0.9009999999999999,1.333333333333333,1.6065,0
1.033333333333333,1.002333333333334,2.283333333333333,1.3965,2
1.583333333333333,1.380833333333333,3.85,2.256666666666667,4
1.733333333333333,1.965833333333333,0.8333333333333333,1.0435,1
0.3333333333333333,1.42,1.866666666666667,1.037166666666667,3
1.95,1.149833333333333,1.25,2.074,2
2.133333333333333,1.999166666666667,2.833333333333333,2.125833333333333,1
2.983333333333333,2.217333333333333,3.433333333333334,1.539166666666667,1
2,1.8485,0.5,0.7916666666666667,0
1.733333333333333,1.7295,2.166666666666667,1.603,3
2.333333333333333,1.067333333333333,1.4,2.019,0
3.15,3.1665,1.5,1.625666666666667,4
2.2,0.9921666666666666,1.7,2.4805,0
2.483333333333333,1.379833333333333,1.083333333333333,1.192,0
0.7,1.511,4.333333333333333,2.597333333333333,1
1.733333333333333,1.6685,1.816666666666667,1.9315,0
0.7,1.366333333333333,2.533333333333333,2.729,2
1.2,1.239666666666666,1.533333333333333,1.539333333333333,0
1.866666666666667,2.269,2.533333333333333,1.567,1
2.116666666666667,1.185833333333334,1.533333333333333,1.036333333333333,1
3.7,2.034,2.066666666666666,1.344833333333333,3
0.7833333333333333,1.726,2.2,1.423833333333333,1
1.7,1.421333333333333,0.75,1.5815,1
1.533333333333333,2.173833333333334,2.116666666666667,1.777333333333333,2
2.883333333333333,1.698333333333333,1.783333333333333,1.898333333333333,1
1.25,1.606,1.866666666666667,1.401666666666667,2
5.4,3.394166666666667,1.55,0.8321666666666667,1
3.033333333333333,2.0075,3.416666666666667,2.249333333333333,1
1.866666666666667,1.098333333333333,2.4,1.7785,1
1.916666666666667,1.340666666666667,5.183333333333334,2.247,1
2.566666666666666,1.701833333333333,3.616666666666667,2.219166666666667,0
3.1,1.637,2.333333333333333,1.859666666666667,1
3.683333333333334,2.636166666666667,0.45,1.132333333333333,2
1.7,1.196666666666667,1.533333333333333,1.237666666666667,0
1.416666666666667,1.625166666666667,2.283333333333333,1.327833333333333,0
0.75,1.293833333333333,0.75,1.397166666666667,0
1.483333333333333,1.681666666666667,0.65,1.052666666666667,1
0.7,0.9085,1.033333333333333,1.249,1
0.7,0.5756666666666668,2.533333333333333,2.581833333333333,1
0.95,1.765166666666667,1.45,1.361,2
1.983333333333333,1.472166666666667,2.4,1.416833333333333,1
1.483333333333333,1.226,0.7,1.576666666666667,3
1.416666666666667,2.095333333333333,3.383333333333333,2.091,2
0.5833333333333333,1.2105,2.066666666666666,2.101833333333333,1
2.783333333333333,2.302333333333333,1.316666666666667,1.247,2
2.033333333333333,2.246,2.083333333333333,2.242,0
1.616666666666667,2.093,1.683333333333333,1.874666666666667,0
1.116666666666667,1.549333333333333,3.083333333333333,2.853,0
4.783333333333333,3.906333333333333,2.283333333333333,2.778833333333333,4
3.35,2.011333333333333,1.983333333333333,1.473666666666667,1
2.333333333333333,0.8746666666666666,1.166666666666667,1.287166666666667,0
1.65,1.244333333333333,1.7,0.9748333333333333,1
1.1,1.1855,0.3333333333333333,0.7856666666666667,0
0.7833333333333333,1.095166666666667,1.666666666666667,1.0865,0
1.15,1.080333333333333,1.95,1.391,1
0.25,1.079666666666667,0.7833333333333333,1.7285,1
0.8333333333333333,0.7899999999999999,2.283333333333333,1.5115,0
3.466666666666667,2.131166666666667,0.75,1.239166666666667,4
2.583333333333333,1.603166666666667,2.383333333333333,1.418666666666667,1
1.833333333333333,1.544,2.183333333333333,2.756166666666667,2
2.316666666666666,2.475,1.25,1.533333333333333,1
0.65,1.366,2.183333333333334,2.020333333333333,0
2.116666666666667,2.721833333333334,1.45,1.809,1
0.4,1.672166666666667,2.45,1.4515,2
4.033333333333333,2.981166666666667,1.066666666666667,1.076833333333333,0
3.2,2.198666666666667,2.283333333333333,2.812666666666667,3
2.95,2.011333333333333,2.033333333333333,1.710833333333333,2
1.533333333333333,1.3315,1.366666666666667,1.4455,1
1.033333333333333,1.339833333333333,3.3,1.993666666666666,1
0.95,1.426,1.483333333333333,2.46,1
2.783333333333333,1.951,2.15,1.484666666666667,1
1.333333333333333,1.102666666666667,2.95,2.220666666666666,0
2.983333333333333,2.288,2.033333333333333,1.658166666666667,3
1.583333333333333,1.259,0.7,1.101666666666667,0
1.75,1.578166666666667,1.65,1.198166666666667,2
1.2,0.9101666666666667,2.583333333333333,2.0585,1
2.2,2.124166666666667,1.966666666666667,2.153833333333333,0
2.95,1.554833333333334,2.833333333333333,1.854833333333333,0
1.616666666666667,1.544833333333333,3.1,2.971,3
2.333333333333333,1.648833333333333,1.583333333333333,1.289,1
0.5333333333333333,0.9178333333333333,1.416666666666667,0.8898333333333334,0
2.35,1.9395,1.4,1.297833333333333,0
1.033333333333333,1.232166666666667,1.933333333333333,1.502166666666667,1
1.333333333333333,0.6248333333333334,2.233333333333333,2.326666666666667,2
2.483333333333333,2.712,0.7,1.200166666666667,1
1.666666666666667,1.310833333333333,2.283333333333333,2.491333333333333,0
1.533333333333333,0.9185000000000001,1.616666666666667,1.348833333333333,1
1,1.170666666666667,4.183333333333334,2.829,1
3.05,2.885833333333333,1.833333333333333,1.2465,3
3.733333333333333,2.739166666666667,1.65,0.8095,1
0.5833333333333333,0.9903333333333334,2.95,1.566166666666667,1
1.7,1.050333333333334,2.75,3.129166666666666,2
2.283333333333333,1.510833333333333,0.25,0.8525,1
1.7,0.9550000000000001,2.166666666666667,2.350333333333333,1
1.916666666666667,1.480833333333333,1.65,1.297166666666667,3
2.033333333333333,1.435333333333333,2.633333333333333,1.454333333333333,0
3.05,2.830166666666667,1.5,1.417833333333333,6
1.1,0.7663333333333333,1.283333333333333,1.358333333333333,0
1.4,1.432166666666667,1.1,0.9093333333333333,1
1.416666666666667,1.213333333333333,1.083333333333333,0.8278333333333334,1
1.866666666666667,1.2125,1.033333333333333,1.394,1
0.2,0.626,1.95,2.13,1
1.6,2.261666666666667,2.7,1.720166666666667,1
1.283333333333333,1.881,3.283333333333333,2.469833333333333,5
5.25,3.582666666666666,0.8333333333333333,0.77,3
1.9,1.149,5.116666666666667,3.61,2
0.8333333333333333,1.373333333333334,1.8,2.071166666666667,4
2.033333333333333,1.95,0.8333333333333333,1.1635,0
2.783333333333333,2.4065,1.733333333333333,1.964,3
2.466666666666667,3.091333333333333,0.5,0.9826666666666667,2
2.65,2.114333333333334,2.333333333333333,1.420333333333333,1
0.45,0.6815,2.933333333333334,3.059,0
1,0.7418333333333333,0.3333333333333333,0.7781666666666667,0
2.533333333333333,2.697666666666667,1.233333333333333,1.289333333333333,1
4.1,3.919,2.766666666666667,2.674666666666667,4
3.416666666666667,2.688166666666667,0.95,0.8718333333333332,0
1.833333333333333,0.9823333333333333,2.5,2.186333333333333,1
0.5333333333333333,1.1535,3.25,2.666,2
0.9333333333333333,1.036333333333333,1.4,1.3485,0
1.483333333333333,1.0745,1.7,0.886,0
2.833333333333333,2.684833333333333,1.95,1.708166666666667,1
0.3333333333333333,0.7391666666666666,4.816666666666666,3.4065,1
0.25,0.7976666666666667,0.5333333333333333,0.9806666666666667,1
5.35,3.586166666666666,3.116666666666667,2.4155,4
2.066666666666666,2.2975,1.433333333333333,1.485333333333333,1
1.666666666666667,1.72,2.533333333333333,2.453333333333333,0
1.483333333333333,1.699833333333333,0.7,1.441666666666667,1
2.366666666666667,2.054,3.833333333333333,2.445166666666667,1
2.95,1.909166666666667,0.75,0.5541666666666667,1
3.733333333333333,2.112833333333334,1.333333333333333,1.359166666666667,2
5.033333333333333,3.885,3.65,2.461166666666667,4
0.8666666666666667,1.647833333333333,3.233333333333333,3.19,2
0.95,0.8099999999999999,0.95,1.6795,2
2.833333333333333,1.799,1,1.194,1
0.5,0.5615,2.366666666666667,2.525833333333333,0
2.033333333333333,1.7375,3.533333333333333,1.851833333333333,0
1.283333333333333,2.342833333333333,1.433333333333333,2.023,3
1.65,2.1065,0.7,0.6461666666666667,1
2.433333333333334,2.096333333333333,4.35,3.285166666666667,2
0.5,0.6586666666666667,1.033333333333333,0.8508333333333333,2
4.733333333333333,3.942333333333333,1.5,1.531333333333333,2
1.333333333333333,1.599333333333333,1,1.273,0
1.033333333333333,1.791333333333333,1.566666666666667,1.407666666666667,2
0.9,1.295666666666667,0.8333333333333333,1.159333333333333,0
3.866666666666667,3.176666666666667,2.233333333333333,1.984166666666667,1
0.3333333333333333,0.8331666666666666,2.033333333333333,1.713333333333333,3
3.066666666666666,2.059,0.9,1.321666666666667,1
2.633333333333333,2.593833333333333,1.916666666666667,2.264,0
1.066666666666667,1.618,0.75,1.485166666666667,1
1.7,2.098,2.033333333333333,1.858333333333333,1
1.25,1.792666666666667,2.466666666666667,2.2405,1
0.95,1.205,2.866666666666667,1.650166666666667,2
0.9,1.589166666666667,1.9,1.68,1
1.316666666666667,1.224166666666667,2.316666666666666,1.804666666666666,1
3.5,2.704333333333333,0.95,1.5915,3
2.416666666666667,1.776833333333333,1.95,1.8475,0
1.616666666666667,1.527666666666667,3.683333333333334,2.157166666666666,1
2,1.84,0.2,0.9726666666666667,1
2.816666666666667,1.686166666666667,3.65,2.843333333333333,1
1.2,1.355,0.6666666666666666,1.150166666666667,0
1,1.546833333333333,2.25,1.756,1
1.116666666666667,1.319333333333333,2.2,3.126166666666667,3
0.95,1.033666666666667,1.733333333333333,1.925,3
1.833333333333333,1.752166666666667,1.333333333333333,1.376,1
0.45,1.751166666666667,1.583333333333333,1.578333333333333,0
2.116666666666667,1.720333333333333,1.283333333333333,1.729333333333333,0
0.5,1.448166666666667,1.283333333333333,2.524166666666667,0
1.333333333333333,2.1965,0.2,1.123666666666667,0
1.983333333333333,1.085833333333333,1.4,1.785166666666667,1
1.2,2.497666666666667,1.25,1.092166666666667,1
1.733333333333333,2.435333333333333,0.3333333333333333,1.057333333333333,1
2.083333333333333,1.480833333333333,2.183333333333334,2.155333333333334,1
1.816666666666667,1.631666666666667,1.25,1.4615,2
1,1.182666666666667,0.75,0.7543333333333333,1
1.65,1.091,1.833333333333333,1.921833333333333,1
3.95,3.035833333333334,1.733333333333333,1.671666666666667,2
0.5833333333333333,1.286833333333333,2.666666666666667,1.751666666666667,2
1.233333333333333,1.269166666666667,2.25,1.699333333333333,1
2.416666666666667,2.280666666666667,1.783333333333333,1.398333333333333,2
1.933333333333333,1.492833333333333,0.9,0.8191666666666666,1
1.733333333333333,1.775833333333333,1.333333333333333,1.460666666666667,0
1.083333333333333,1.264166666666667,2.233333333333333,1.342166666666667,1
2.7,2.469166666666666,0.2,1.624166666666667,1
1.233333333333333,1.130166666666667,1.45,1.707833333333333,1
1.283333333333333,1.541333333333333,1.783333333333333,2.377833333333333,0
1.75,1.728333333333333,1.616666666666667,1.707166666666667,0
1.233333333333333,1.220166666666667,1.15,2.29,0
1.4,1.521333333333333,0.5,1.408333333333333,0
0.45,1.337833333333333,1.283333333333333,0.91,0
0.5,2.4,1.983333333333333,1.921833333333333,1
1.433333333333333,2.6775,0.7,1.2395,1
0.25,0.8991666666666668,2.583333333333333,2.36,1
1.583333333333333,1.5195,1.533333333333333,1.493833333333333,1
1.283333333333333,1.189166666666666,3.416666666666667,2.617833333333333,0
1.7,2.2345,0.5833333333333333,0.9548333333333332,1
4.283333333333333,3.357833333333334,2.033333333333333,2.141333333333333,3
1.783333333333333,1.7525,3.433333333333334,1.7005,1
2.316666666666666,1.692333333333333,2.283333333333333,2.3875,1
1.866666666666667,1.900166666666667,2.116666666666667,2.151166666666667,1
2.766666666666667,2.531333333333333,1.45,1.3665,0
2.45,1.209333333333333,1.583333333333333,1.656166666666667,3
0.7833333333333333,1.213833333333333,1.15,1.350166666666667,0
0.6,1.007,0.75,2.009166666666667,3
1.85,1.881166666666667,1.333333333333333,1.5,0
0.45,1.973,0.95,1.098333333333333,1
0.45,1.108,0.75,1.266,2
0.95,1.642166666666667,0.9333333333333333,2.277,0
0.8333333333333333,1.216666666666667,1.333333333333333,1.299833333333333,1
1.5,1.374333333333333,2.033333333333333,2.301333333333333,4
1.283333333333333,1.701333333333333,2.816666666666666,2.295,2
1.933333333333333,1.9125,1.533333333333333,1.691666666666667,1
1.583333333333333,2.599833333333333,2.15,2.082166666666667,4
2.033333333333333,1.613,1.033333333333333,0.9076666666666667,0
3.116666666666667,3.131833333333333,1.533333333333333,0.9254999999999999,0
2.116666666666667,2.428333333333334,0.5333333333333333,1.283166666666667,0
1.733333333333333,1.446333333333333,2.233333333333333,1.716666666666667,2
4.55,4.144,1.533333333333333,1.8995,1
1.233333333333333,1.694166666666667,2.033333333333333,1.486666666666667,1
0.45,0.985,1.55,1.488166666666667,0
0.8333333333333333,1.162166666666667,1.25,2.597,3
3,2.2415,2.033333333333333,2.252333333333334,1
3,1.5685,1,1.132166666666667,1
2,2.965666666666667,3.316666666666666,2.395166666666666,0
1.783333333333333,2.336166666666667,3.083333333333333,2.677333333333333,0
0.75,1.556166666666666,1.2,1.691166666666667,4
1.283333333333333,2.017,1.083333333333333,1.5475,0
1.833333333333333,2.514,3.166666666666667,3.137833333333333,0
2,1.738666666666667,3.15,3.046833333333333,0
2.15,0.9661666666666666,0.7,2.699666666666666,1
2.116666666666667,1.387166666666667,2.533333333333333,1.9245,0
1.566666666666667,2.495166666666667,1.533333333333333,1.294666666666667,1
1.166666666666667,1.384333333333333,2.25,2.526166666666667,0
2.033333333333333,1.764833333333333,1.2,1.2595,1
1.2,1.12,1.533333333333333,1.574166666666667,0
1.333333333333333,2.361166666666667,1.2,1.2335,1
2.433333333333334,2.003333333333333,2.033333333333333,1.572,3
2.683333333333334,2.106666666666666,3,2.665166666666666,4
2.616666666666667,1.681166666666666,0.7,1.0025,4
2.4,1.9185,2.366666666666667,1.835666666666667,1
1,1.426166666666667,1.083333333333333,1.187833333333333,2
1.4,1.596,2.016666666666667,2.578333333333333,0
1.7,1.660166666666667,2.783333333333333,2.245333333333333,0
2.083333333333333,1.811666666666667,2.3,2.342833333333333,0
1.6,2.141833333333333,0.95,1.699666666666667,0
2.683333333333334,2.180833333333333,2.083333333333333,2.025666666666667,3
0.7333333333333334,1.282833333333333,1.15,1.980833333333333,0
1.45,2.018833333333333,2.333333333333333,1.717833333333333,1
1.083333333333333,1.218833333333333,1.033333333333333,1.3305,0
2.383333333333333,2.337166666666667,4.15,3.460833333333333,3
1.9,1.657833333333333,2.066666666666666,1.454666666666667,2
3.516666666666667,2.882333333333333,3.1,3.467666666666667,5
1.15,1.816666666666667,2.283333333333333,2.296,0
1.783333333333333,1.2445,1.783333333333333,2.668,1
0.25,1.029666666666667,1.616666666666667,1.054166666666667,1
2.433333333333333,3.257166666666667,0.9,1.072833333333333,1
0.7,1.303,1.45,1.216166666666667,0
1.7,2.154166666666667,0.2,1.006,0
2.166666666666667,1.350166666666667,0.95,1.1895,1
1.4,3.243666666666667,1.333333333333333,1.7595,1
1.783333333333333,2.382499999999999,0.8333333333333333,1.5305,1
2.483333333333333,1.787833333333333,1.766666666666667,2.0425,1
1.333333333333333,1.242833333333333,2.7,3.269666666666667,2
0.7,1.1545,3.666666666666667,3.8325,2
1.55,1.598166666666667,3.1,2.180166666666667,0
1.2,1.788166666666667,2.55,1.988166666666666,1
1.583333333333333,3.169,0.95,1.63,1
2.2,2.131166666666667,2.316666666666666,3.058,1
2.166666666666667,1.683,2.033333333333333,2.1065,0
2.45,2.141666666666667,0.95,1.399,1
0.25,1.448833333333333,1,1.160666666666667,2
4.066666666666666,3.0925,0.75,1.376833333333333,2
0.75,1.32,1.5,1.789666666666667,2
1.1,2.044333333333333,0.9833333333333334,1.954166666666667,2
1.833333333333333,2.632166666666667,1.033333333333333,1.605333333333333,0
1.233333333333333,1.526166666666667,1.783333333333333,2.784166666666667,1
1.333333333333333,1.982333333333333,2.033333333333333,2.058333333333334,1
1.283333333333333,1.050333333333334,1.766666666666667,2.970166666666667,2
2.133333333333333,1.873166666666667,1,1.468166666666667,0
1.533333333333333,1.918333333333333,0.8333333333333333,1.411666666666667,0
1.383333333333333,2.9525,0.5,1.087833333333333,0
1.116666666666667,1.971166666666667,1.583333333333333,1.624,2
0.75,1.368666666666667,0.9833333333333334,1.745333333333333,2
1.416666666666667,1.704333333333333,1.416666666666667,2.6045,0
0.9833333333333334,1.524333333333333,1.666666666666667,1.481333333333333,0
1.683333333333333,2.113833333333333,1.733333333333333,2.609166666666667,3
1.533333333333333,3.545833333333333,3.166666666666667,2.334333333333333,2
1.416666666666667,1.077833333333333,2.116666666666667,1.448166666666667,2
1.916666666666667,1.664333333333333,1.9,2.246333333333333,1
2.166666666666667,2.490333333333333,1.45,1.764166666666667,2
1.15,0.9671666666666666,2.666666666666667,2.980333333333333,0
0.75,1.5735,0.3333333333333333,1.014333333333333,1
1.533333333333333,2.0515,1.95,1.875,0
1.233333333333333,1.969833333333333,1.533333333333333,1.563166666666667,0
1.7,1.6605,2.116666666666667,1.616,0
3.116666666666667,1.711833333333333,0.25,1.4495,0
1.7,2.245666666666667,1.95,1.726666666666667,2
2.283333333333333,1.48,0.95,1.427166666666667,0
1.416666666666667,1.504833333333333,1.783333333333333,2.4105,1
3.4,2.375333333333333,2.533333333333333,1.6435,2
0.7,1.550666666666667,1.866666666666667,1.917666666666667,0
2.066666666666666,1.883333333333334,2.7,2.279333333333334,4
2.983333333333333,1.8365,2.583333333333333,1.697,1
1.25,1.8805,1.45,1.763833333333334,0
2.033333333333333,1.263833333333333,3.15,3.8285,0
1.733333333333333,1.426333333333333,1.166666666666667,1.576666666666667,1
2.616666666666667,2.381166666666667,0.5333333333333333,1.428833333333333,2
2.7,3.147333333333334,3.066666666666666,2.372166666666667,0
1.7,1.757666666666667,2.333333333333333,1.584833333333333,2
2.45,2.612833333333334,2.066666666666666,1.309666666666667,0
1.316666666666667,1.407666666666667,1.75,1.014166666666667,0
0.65,1.3005,1.65,1.363833333333333,0
1.583333333333333,1.042833333333333,1.166666666666667,1.7455,2
1.45,2.559,3.033333333333333,2.3735,0
1.483333333333333,1.2505,0.8666666666666667,1.568166666666666,1
3.733333333333333,2.840333333333334,0.5,1.090833333333333,3
2.133333333333333,1.9415,3.683333333333334,3.274333333333333,1
2,1.568833333333333,3.116666666666667,2.363333333333333,2
1.45,1.109666666666667,1.916666666666667,1.696333333333333,0
2.1,1.911833333333333,1.45,1.4515,0
2.916666666666667,1.775333333333333,1.4,1.21,2
3.016666666666667,2.590333333333334,1.25,1.334666666666667,0
0.5,0.9275,3.033333333333333,2.523,0
2.3,1.934333333333333,1.5,1.09,2
0.4,0.6893333333333334,2.4,2.309666666666667,4
1.6,1.711333333333333,2.066666666666666,1.721,1
2.866666666666667,1.599,0.7333333333333334,1.508166666666667,0
0.5,1.223333333333333,0.8666666666666667,2.564,0
0.4,1.334,1,1.113333333333333,2
2.166666666666667,1.73,0.8666666666666667,1.247833333333333,0
2.25,2.339166666666667,1.616666666666667,1.1995,0
1,1.532333333333333,2.15,1.679833333333333,1
0.7833333333333333,1.611166666666667,0.6,1.498833333333333,1
1.666666666666667,1.411666666666667,1.633333333333333,2.106,1
0.7833333333333333,1.4575,1.733333333333333,1.716,1
1.4,3.084833333333333,2.416666666666667,1.7,4
1.283333333333333,1.595,1.45,2.8525,0
2.816666666666666,1.8655,0.5,1.284833333333333,0
1.1,2.471,2.15,1.548833333333333,1
2,2.251,1.25,1.334333333333333,0
0.75,2.137333333333333,1.7,2.99,2
3.05,2.581833333333333,2.166666666666667,2.601833333333333,2
2,1.576166666666666,2.316666666666666,2.088166666666667,0
0.6666666666666666,2.019666666666667,2.233333333333333,1.239,2
0,0.6333333333333333,1.15,1.6875,1
0.8333333333333333,1.795666666666667,1.4,2.08,2
1.5,2.1785,0.8333333333333333,1.421666666666667,1
2.733333333333333,2.657,1.416666666666667,2.185666666666667,1
0.7833333333333333,1.2505,1.666666666666667,1.383833333333333,0
2.416666666666667,1.609833333333333,1.083333333333333,1.311666666666667,2
1.583333333333333,1.27,0.2,1.549,2
1.033333333333333,1.785666666666667,0.9,1.322,0
1.833333333333333,1.8835,1.7,1.373166666666667,0
2.233333333333333,2.205,1,1.375,1
1.4,2.2355,0.75,1.709833333333333,1
1.433333333333333,2.311833333333333,0.6,1.395,0
0.5333333333333333,0.966,0.6666666666666666,1.3585,1
1.733333333333333,1.222666666666667,1.533333333333333,1.1595,1
1.416666666666667,1.475166666666667,2.1,3.103333333333333,1
1.333333333333333,1.655666666666667,0.65,1.0435,3
1.25,1.8015,1.816666666666667,2.867666666666667,2
0.75,1.075,3.483333333333333,1.8005,2
1.516666666666667,2.039166666666667,2.416666666666667,2.943166666666666,4
1.05,2.096333333333333,3.166666666666667,2.636666666666667,1
1.366666666666667,2.241166666666667,1.783333333333333,2.032333333333333,3
0.2,0.8031666666666667,1.483333333333333,2.437666666666667,0
1.866666666666667,1.844166666666667,1.166666666666667,1.318666666666667,0
2.066666666666666,2.624333333333333,1.35,1.809333333333333,2
0.8333333333333333,1.707833333333333,1.15,1.884166666666667,2
3.333333333333333,3.198833333333333,1.083333333333333,1.311333333333333,1
2.566666666666666,1.728333333333333,1.25,1.702166666666667,0
0.75,0.756,1.166666666666667,1.927166666666667,1
3.033333333333333,3.241666666666667,0.8666666666666667,1.152833333333333,4
1.533333333333333,1.232666666666667,1,0.8473333333333334,2
0.45,1.125333333333333,0.7833333333333333,0.8515,2
1.283333333333333,1.564833333333334,1.233333333333333,1.200833333333333,0
2.416666666666667,2.251166666666667,1.583333333333333,2.952833333333333,2
1.233333333333333,1.835333333333333,1.083333333333333,2.192166666666667,4
1.083333333333333,2.454166666666667,1.816666666666667,2.781666666666667,2
1.483333333333333,1.361833333333333,3.4,3.099333333333333,1
1.7,1.136833333333333,1.966666666666667,1.328,1
1.166666666666667,2.0165,2.983333333333333,2.5885,1
1.533333333333333,1.686,0.7833333333333333,1.437166666666666,2
2.066666666666666,1.622333333333333,0.6666666666666666,1.041,0
0.9,1.210333333333333,1.783333333333333,1.564166666666667,1
3.283333333333333,3.016666666666667,2.233333333333333,1.5495,4
1.333333333333333,1.5575,1.15,0.9780000000000001,2
1.5,1.248666666666667,3.2,3.871,3
1.083333333333333,1.417,1.916666666666667,2.021166666666667,1
3.166666666666667,4.132166666666667,0.5,1.151333333333333,1
1.65,2.0095,1.4,1.178833333333333,0
1.616666666666667,2.529166666666667,0.9166666666666666,1.678333333333333,0
1.283333333333333,1.100666666666667,2.483333333333333,2.4915,1
0.7,1.181833333333333,2.266666666666667,2.029833333333333,2
2.116666666666667,2.693,1.866666666666667,1.827666666666667,1
1.933333333333333,1.543166666666667,2.683333333333334,2.264333333333334,0
2.533333333333333,2.507,2.45,1.539333333333333,0
1.166666666666667,1.484166666666667,2.783333333333333,2.6355,1
2.866666666666667,1.736333333333334,1.366666666666667,1.485166666666667,0
2.25,2.178,1.883333333333333,2.103666666666666,2
2.616666666666667,2.860166666666667,2.816666666666666,2.801,2
1.983333333333333,2.447666666666667,2.866666666666667,3.644,1
3.816666666666666,2.826,2.333333333333333,3.073,1
1.1,1.298666666666667,1.533333333333333,1.828,1
3.633333333333333,3.416666666666667,3.35,3.551166666666667,0
3.25,2.848166666666667,1.4,1.999,0
1.783333333333333,1.731166666666667,0.25,1.225666666666667,2
0.8333333333333333,1.4565,1.783333333333333,2.249666666666667,2
1.783333333333333,1.8035,1.416666666666667,1.452333333333333,2
1.866666666666667,1.934666666666667,2.283333333333333,2.839166666666666,1
2.933333333333334,2.859333333333333,2.166666666666667,1.453333333333334,1
2.366666666666667,2.345833333333333,1.333333333333333,1.414833333333333,1
2.483333333333333,2.894833333333333,0.9,1.3085,1
1.2,1.766333333333333,2.633333333333333,1.478166666666667,2
0.5333333333333333,1.153833333333333,2.483333333333333,2.680166666666667,1
2.3,2.269,1.816666666666667,1.181666666666667,1
1.816666666666666,1.8415,2.2,2.548833333333334,0
1.533333333333333,1.352166666666667,1,1.051,1
1.916666666666667,0.8751666666666666,3.316666666666666,3.0925,2
2.666666666666667,2.564166666666667,1.65,1.5785,0
2.65,2.2295,1.733333333333333,1.268166666666667,0
1.483333333333333,1.320166666666667,2.266666666666667,2.228,1
2.2,2.824833333333333,2.533333333333333,2.8945,2
0.9833333333333334,1.243333333333333,1.1,2.0265,0
0.75,0.9630000000000001,2.366666666666667,1.736666666666667,0
2.3,2.216,2.316666666666666,1.760166666666667,2
2.4,2.018166666666667,0.5,1.419666666666667,2
2.35,2.323166666666667,1.783333333333333,2.060666666666667,1
1.6,1.698166666666667,1.583333333333333,1.275833333333333,1
1.866666666666667,2.114333333333333,3.1,2.878166666666667,0
1.366666666666667,1.530333333333333,2.166666666666667,2.178833333333333,0
2.383333333333333,1.840833333333334,2.283333333333333,2.081833333333333,1
2.533333333333333,1.968333333333333,0.8666666666666667,1.267166666666667,0
1.116666666666667,0.8003333333333333,1.7,1.347166666666667,1
1.666666666666667,1.712666666666667,1.4,1.987666666666667,0
1.766666666666667,2.818666666666667,1.616666666666667,0.8744999999999999,0
3.316666666666666,2.063666666666667,0.3333333333333333,0.6598333333333334,0
0.45,0.9976666666666667,2.483333333333333,1.959666666666667,1
3.65,3.053,1.816666666666667,1.496166666666667,0
1.7,1.7955,2.016666666666667,1.865333333333333,1
1.4,1.348166666666667,0.7333333333333334,1.386666666666667,1
1.65,2.059166666666667,3.25,3.269666666666667,0
2.066666666666666,1.913666666666667,3.616666666666667,1.833,1
0.45,0.7733333333333334,1.65,1.663833333333333,3
0.9,1.504333333333333,1.6,2.4215,1
2.15,1.569166666666667,1.533333333333333,2.751666666666667,0
1.45,1.653,2.066666666666666,2.105666666666667,1
1.666666666666667,2.541166666666666,0.9833333333333334,1.254166666666667,0
0.75,0.8878333333333334,1.4,2.045833333333333,0
1.15,1.9055,1.116666666666667,1.087166666666667,0
1.533333333333333,1.443833333333333,0.7,1.23,2
1.433333333333333,1.383333333333333,1.4,0.8073333333333333,0
1.766666666666667,1.573166666666667,0.5,1.318666666666667,6
1.65,2.133833333333333,1.433333333333333,1.504666666666667,1
2.483333333333333,2.452,0.65,0.4693333333333334,2
0.8333333333333333,1.166166666666667,2.033333333333333,2.443333333333333,0
0.7333333333333334,0.9416666666666667,2.283333333333333,2.545166666666667,1
1.15,1.384333333333333,3.25,2.883833333333333,2
3.4,2.6995,1.65,2.179666666666667,2
1.833333333333333,2.158833333333333,2.233333333333333,1.4615,1
1.933333333333333,2.075166666666667,1.2,1.491,0
1.25,1.540166666666667,2,1.740333333333334,1
2.1,2.496333333333333,0.9833333333333334,1.015666666666667,1
1.35,1.471833333333333,1.083333333333333,1.974166666666667,2
1.95,1.841166666666667,1.75,1.552,0
1.616666666666667,1.395333333333333,1.5,2.3205,2
2.333333333333333,2.2355,0.45,1.665333333333334,0
3.9,2.2445,0.75,1.571166666666667,2
0.75,1.227,2.483333333333333,1.9295,1
1,0.9115,3.25,2.295,1
1.083333333333333,2.081166666666667,1.7,1.611833333333333,2
1.25,2.398333333333333,2.416666666666667,1.984833333333333,2
1.65,2.477833333333333,0.9,1.833833333333333,2
