AG AXG AOGA AOXGA G
1.75,1.908333333333333,1.533333333333333,1.1265,0
2.6,2.125333333333333,3.566666666666666,1.828,0
0,0.8861666666666667,2.2,2.4975,2
2.333333333333333,1.555,1.75,0.9330000000000001,1
1.366666666666667,1.739166666666667,0.7,1.080666666666667,1
1.266666666666667,1.8375,1.333333333333333,1.9825,2
2.833333333333333,2.003833333333334,2.7,2.263833333333333,2
2.266666666666667,1.585833333333333,2.166666666666667,1.723666666666667,1
2.933333333333334,2.266,1.933333333333333,1.623,0
2.2,2.063333333333333,1.433333333333333,1.013333333333333,0
1.366666666666667,0.9773333333333334,2.433333333333334,0.8126666666666666,0
1.233333333333333,1.191333333333333,1.316666666666667,1.389333333333333,1
0.2,0.7241666666666666,2.083333333333333,1.8475,0
2.483333333333333,1.690333333333333,2.333333333333333,1.709333333333333,3
3.05,2.715666666666666,1.5,1.575,2
1.9,1.399666666666667,0.8333333333333333,0.9633333333333334,0
2.45,1.695,2.633333333333333,1.9315,0
2.566666666666666,1.208833333333333,1.733333333333333,1.547833333333333,2
1.583333333333333,1.531,2.966666666666667,2.407,3
1.4,1.162333333333333,2.2,1.47,1
3.216666666666667,1.852833333333333,1.4,1.208666666666667,2
3.866666666666667,3.3045,1.2,1.309333333333333,1
1.983333333333333,1.722,0.5833333333333333,0.9790000000000001,0
1.85,1.772,4.333333333333333,2.197,2
1.6,1.645166666666666,1.666666666666667,1.1905,2
2.566666666666666,1.081666666666667,2.183333333333334,2.157,0
1.666666666666667,1.472166666666667,1.866666666666667,1.776666666666667,0
1.566666666666667,2.160666666666667,2.45,2.789333333333333,2
2.483333333333333,2.180333333333333,3.166666666666667,2.527166666666667,3
2.616666666666667,1.965666666666667,2.583333333333333,1.848833333333333,1
0,0.6025,3.066666666666666,2.183666666666666,0
1.7,1.542666666666667,1.2,1.936166666666667,0
2.7,2.925666666666666,1.583333333333333,2.027166666666667,2
2.716666666666667,1.658666666666667,2.233333333333333,1.922,1
1.333333333333333,1.694,1.366666666666667,0.8873333333333333,0
1.866666666666667,1.547,0.8333333333333333,1.4385,1
1.833333333333333,1.706166666666667,1.2,1.614333333333333,0
3.566666666666666,2.682166666666666,1.466666666666667,1.569666666666667,1
2.066666666666666,1.739,1.733333333333333,2.484833333333333,0
1.283333333333333,2.152333333333333,3.1,2.172166666666667,2
0.75,1.159166666666667,2.166666666666667,1.4275,3
2.233333333333333,1.985,1.2,1.798833333333333,2
0.9,0.5548333333333334,3.65,3.631,0
1.416666666666667,1.3915,1.533333333333333,2.198,0
0.5,1.062166666666667,1.583333333333333,2.73,0
0.4,1.440166666666667,0.2,0.83,0
2.233333333333333,3.3045,2.15,2.224666666666667,2
1.95,1.8605,3.366666666666667,1.8985,1
1.7,2.361,2.166666666666667,1.849166666666667,2
1.816666666666667,1.817166666666667,1.566666666666667,1.8395,2
2.666666666666667,3.2585,0.9,1.509666666666666,1
0.95,1.514666666666667,1.616666666666667,1.615666666666667,2
2.233333333333333,1.827,0.25,1.111666666666667,0
1.7,1.209,1.7,2.294833333333334,1
1.5,0.7923333333333333,2.033333333333333,1.394666666666667,0
1.766666666666667,2.142166666666666,0.75,0.949,1
1.233333333333333,1.060666666666667,1.283333333333333,1.129,0
1.15,1.369333333333333,1.4,0.7066666666666668,2
1.1,0.8256666666666667,2.4,1.292333333333333,1
1.616666666666667,2.460666666666667,1.233333333333333,1.783333333333333,2
3.183333333333334,2.225333333333333,1.766666666666667,2.125666666666667,1
1.983333333333333,2.969833333333333,2.066666666666666,3.1215,1
1.816666666666667,1.5105,1.7,2.241166666666667,0
2.15,1.414833333333333,1.333333333333333,2.164833333333333,1
1.666666666666667,2.328166666666667,2.416666666666667,1.828166666666667,0
0.5,0.7556666666666667,0.95,1.973833333333333,0
0,1.0315,1.666666666666667,2.104666666666667,2
0.75,1.207166666666667,1.85,2.493166666666667,1
2.366666666666667,3.599666666666667,0.9833333333333334,1.2715,0
2.116666666666667,2.711166666666666,0.5,0.984,3
1.933333333333333,1.9065,1.816666666666667,1.252166666666667,1
1.033333333333333,1.104833333333333,1.433333333333333,2.190166666666666,1
1.083333333333333,1.356166666666667,2.2,2.151166666666667,3
1.233333333333333,2.013166666666667,0.5333333333333333,1.395666666666667,1
2.2,2.190333333333333,1.416666666666667,2.183333333333333,0
1.033333333333333,1.235666666666667,1.683333333333333,1.432666666666667,1
1.233333333333333,1.399333333333333,1.666666666666667,2.441166666666667,2
2.316666666666666,2.113,0.45,0.7795000000000001,0
0.3333333333333333,0.6128333333333333,1.583333333333333,1.203833333333333,1
2.866666666666667,2.757333333333333,0.45,1.094,4
1.033333333333333,1.319166666666667,1.166666666666667,0.8526666666666668,0
2.4,2.599833333333333,0.8333333333333333,0.9606666666666668,1
1.533333333333333,1.65,2.316666666666666,2.18,0
1.283333333333333,2.394333333333333,2.033333333333333,2.101,2
1.083333333333333,1.350833333333333,2.483333333333333,1.655,0
0.5,0.9881666666666666,2.2,1.99,0
0.7,0.8728333333333332,1.65,1.674833333333333,0
1.533333333333333,1.6715,1.15,1.083666666666667,0
1.983333333333333,1.600666666666667,1,1.357833333333333,1
1.166666666666667,1.6005,0.5833333333333333,1.681,1
2.7,2.057,1.75,2.2855,2
0.7,1.477,1.783333333333333,1.813833333333333,0
0.5333333333333333,0.6405,1,1.117166666666667,0
2.033333333333333,2.288,0.7833333333333333,1.098333333333333,1
1.783333333333333,1.551833333333333,1.316666666666667,1.847333333333333,0
2.616666666666667,1.972333333333333,1.333333333333333,1.004666666666667,1
2.983333333333333,2.456166666666666,2.75,2.346333333333333,1
1.533333333333333,1.436833333333333,1.9,1.776,1
1.45,1.380833333333333,1.033333333333333,1.8025,0
0.9,1.291166666666667,2.15,2.152833333333334,2
1.75,1.908333333333333,1.533333333333333,1.7315,1
0.7,1.142,0.25,0.5725,0
0.9833333333333334,1.246666666666667,1.083333333333333,1.405833333333333,0
0.95,1.252,1.45,1.846,1
0.75,1.489833333333333,2.4,1.6,2
1.95,1.011,2.016666666666667,1.485166666666667,0
3.266666666666667,1.998166666666667,1.033333333333333,1.718666666666667,1
1.533333333333333,1.850333333333333,1.85,1.637333333333333,1
0.75,1.0685,2.783333333333333,2.305,1
3.116666666666667,2.672833333333333,1.75,1.476,2
2.083333333333333,1.912,1.866666666666667,1.742833333333333,2
2.483333333333333,1.793,0.5,0.7821666666666666,0
1.6,1.708333333333333,1.7,2.065,1
1.2,0.913,1.416666666666667,1.346333333333333,0
0.2,0.7691666666666666,1.133333333333333,1.113,3
2.883333333333333,1.852166666666667,1.9,1.9505,3
1.283333333333333,1.388,2.283333333333333,2.050833333333333,1
1.75,2.2465,2.033333333333333,1.283,3
1.033333333333333,1.335833333333333,0.95,1.628833333333334,1
1.666666666666667,1.426333333333333,2.433333333333334,1.856666666666666,2
2.333333333333333,2.356333333333334,2.083333333333333,1.712333333333333,1
2.983333333333333,1.896666666666667,1.083333333333333,1.609,0
2.366666666666667,3.005333333333334,1.15,0.6499999999999999,1
0.75,0.8023333333333333,2.416666666666667,1.942833333333333,0
0.7,1.247,1.333333333333333,1.680333333333333,1
0.5833333333333333,0.877,0.5,1.741333333333333,2
1.083333333333333,1.795666666666667,1.283333333333333,1.218666666666667,0
3.066666666666666,2.3215,1.45,2.54,2
1.416666666666667,2.325333333333333,1.316666666666667,1.517333333333333,0
0.75,0.9705,3.033333333333333,2.686166666666667,2
1.283333333333333,1.403333333333333,1.416666666666667,1.059,1
1.85,2.3775,0.7,1.479166666666667,1
0.7833333333333333,1.691333333333333,1.333333333333333,1.622,2
1.45,0.9283333333333333,3.05,2.178,3
1.283333333333333,1.3985,1.766666666666667,1.353333333333333,1
2.966666666666667,3.058833333333333,1.033333333333333,0.6166666666666667,0
1.033333333333333,2.173,1.866666666666667,3.303,1
0.5333333333333333,0.5816666666666668,0.7833333333333333,1.1805,0
1.6,1.171666666666667,1.483333333333333,1.149833333333333,0
0.8333333333333333,0.8169999999999999,1.6,1.250833333333333,2
2.066666666666666,2.0565,0.7833333333333333,2.121,3
2.983333333333333,2.819833333333333,2.25,2.426666666666667,1
1.233333333333333,1.345,1.833333333333333,3.194333333333333,1
1.75,1.934333333333333,2.516666666666667,2.097666666666667,0
1.35,2.607666666666667,2.816666666666666,1.709833333333333,1
2.75,1.6325,2.833333333333333,1.283666666666667,0
3.516666666666667,3.085333333333333,2.85,2.342,1
0.2,1.382666666666667,1.9,2.398333333333333,0
3.4,1.900666666666667,1.35,1.438666666666667,1
1.416666666666667,1.553666666666667,1.983333333333333,2.144,0
2.683333333333334,2.148666666666667,0.95,1.375166666666667,1
2.366666666666667,2.910666666666667,0.7,1.710833333333333,2
1.2,1.781833333333333,2.2,1.828166666666667,3
1.033333333333333,1.2625,1.066666666666667,1.803666666666667,1
0.9333333333333333,1.842,1.733333333333333,2.172166666666667,2
2.65,2.394,1.833333333333333,2.522333333333333,5
0.8666666666666667,0.9361666666666667,2.2,3.299,1
2.016666666666667,1.775833333333333,3.1,1.732833333333333,2
1.266666666666667,1.455333333333333,1.733333333333333,2.702333333333333,0
2.4,2.686333333333334,1.866666666666667,1.569666666666667,2
1.033333333333333,1.631333333333334,2.116666666666667,2.115833333333333,0
1.85,1.2145,2.033333333333333,1.881,3
2.283333333333333,2.095333333333333,0.7,0.9808333333333334,0
1.033333333333333,1.2885,0.5833333333333333,1.382166666666667,1
0.5833333333333333,1.903666666666667,1.25,1.451166666666667,1
2.816666666666666,1.877,2.083333333333333,2.2225,0
2.583333333333333,1.404666666666667,0.65,1.413333333333333,3
0.7333333333333334,1.515666666666667,1.333333333333333,1.276166666666667,1
1.483333333333333,1.968833333333333,1.45,0.796,1
0,1.105833333333333,0.7,1.237833333333333,0
0.7833333333333333,1.246666666666667,0.7,1.143166666666667,1
3.916666666666667,2.414166666666667,1.433333333333333,2.126,1
3.266666666666667,2.297666666666667,3.416666666666667,2.401833333333333,2
1.733333333333333,1.6085,2.116666666666667,2.696166666666667,1
1.5,1.612666666666667,2.233333333333333,1.7405,1
0.4,1.127,1.816666666666667,1.285166666666667,1
1.316666666666667,1.730333333333333,2.866666666666667,1.7975,1
2.316666666666666,2.671333333333333,0.65,1.441166666666667,0
0.45,0.8906666666666667,2.85,1.801666666666667,2
2.033333333333333,1.012,1.766666666666667,1.240333333333333,1
2.366666666666667,1.8735,1.45,1.8915,1
0.5333333333333333,1.085666666666667,1,1.096666666666667,1
0.5333333333333333,1.460833333333333,1.2,2.0445,2
0.5,0.9261666666666667,2.45,1.4935,0
2.7,1.503166666666667,0,0.5041666666666667,2
0.5333333333333333,1.130833333333333,0.8333333333333333,0.7888333333333333,0
1.033333333333333,1.240333333333334,1.433333333333333,1.317333333333333,4
1.9,1.708,1.033333333333333,1.026166666666667,1
1.45,1.380166666666667,0.5833333333333333,1.054666666666667,0
1.75,0.858,1.033333333333333,1.297333333333333,1
1.033333333333333,1.379166666666667,2,1.449166666666667,0
1.783333333333333,0.7873333333333333,3.316666666666666,1.766333333333333,2
1.566666666666667,1.845166666666667,0.5833333333333333,0.8611666666666666,1
2.983333333333333,2.049666666666667,1.15,1.036,2
1.666666666666667,1.4375,1.733333333333333,1.7785,0
2.983333333333333,1.960333333333333,2.333333333333333,1.439166666666666,1
1.25,1.444333333333333,1.683333333333333,1.2055,1
1.783333333333333,0.7828333333333333,1.483333333333333,1.227166666666667,0
0.9333333333333333,0.988,2.033333333333333,2.099166666666667,2
0.75,0.831,0.5,1.139166666666667,2
2.4,2.604666666666667,0.45,0.6453333333333333,2
1.083333333333333,1.9345,1.65,2.4085,3
0.25,1.561,1.1,1.039666666666667,0
1.916666666666667,1.3555,2.283333333333333,1.249833333333333,0
0.75,0.5745,3.083333333333333,2.128,0
1.45,1.183666666666667,2.4,2.3275,1
0.65,1.368333333333334,1.783333333333333,1.430166666666667,0
4.283333333333333,2.707833333333333,0.6666666666666666,1.1385,1
1.2,1.591166666666667,1.333333333333333,1.858666666666666,0
1.4,1.264166666666667,2.066666666666666,1.309833333333333,1
0.2,0.8488333333333333,1.033333333333333,0.8163333333333334,1
2.283333333333333,1.612833333333333,1.166666666666667,1.016833333333333,0
1.533333333333333,1.492,2.366666666666667,1.813666666666667,1
1.533333333333333,1.537666666666667,1.45,0.8551666666666666,0
2.283333333333333,2.657,2.116666666666667,1.704833333333333,1
0.6666666666666666,1.091833333333333,1.533333333333333,0.9396666666666668,0
1.366666666666667,1.533666666666667,2.25,2.3945,2
2.366666666666667,1.996833333333333,1.85,1.544333333333333,2
0.9833333333333334,1.3025,1,1.3285,0
3.066666666666666,2.475166666666667,1.866666666666667,2.092833333333333,2
1.483333333333333,1.158166666666667,1.533333333333333,2.153,1
0.8333333333333333,1.7385,0.95,1.008333333333333,0
1.4,1.278833333333333,2.366666666666667,2.787833333333333,0
2.033333333333333,1.25,1,1.416333333333333,0
1.25,1.358166666666667,1.566666666666667,1.989833333333333,4
3.383333333333333,3.047166666666667,2.183333333333334,1.829,0
0.5,1.861833333333333,0.5333333333333333,1.2195,1
0.5333333333333333,1.0355,2.366666666666667,1.663333333333333,0
2.9,2.907,0.7,1.315,0
2.766666666666667,1.633666666666667,2.15,1.8705,1
1.083333333333333,1.077833333333333,1,0.4198333333333333,0
1.316666666666667,1.017166666666667,0.9833333333333334,0.9948333333333333,1
0.7,1.003333333333333,2.733333333333333,1.6345,3
0.7,0.5536666666666668,1.15,2.1375,0
2.45,1.8945,0.7,0.751,2
3.066666666666666,3.086833333333333,2.833333333333333,2.511833333333333,2
0.3333333333333333,0.8524999999999999,2.983333333333333,3.041833333333333,0
2.533333333333333,2.132333333333333,0.25,0.7831666666666666,2
1.283333333333333,2.953333333333333,0.7833333333333333,0.9430000000000001,3
1.9,1.7725,3.066666666666666,2.733833333333334,2
1.733333333333333,1.325666666666667,0.75,0.819,1
1.583333333333333,2.2435,1.4,1.503,0
0.7,1.283,2.9,2.905,1
1.833333333333333,1.514,0.5,0.7015,1
1.25,1.4255,1.083333333333333,1.659166666666667,1
1.283333333333333,1.224,2,3.117666666666667,4
1.2,1.546666666666667,1.533333333333333,1.737,1
3.1,2.566,1.7,1.987,0
0.7,1.2585,2.483333333333333,1.9555,0
2.2,3.831,1.283333333333333,1.9455,1
2.783333333333333,1.435833333333333,2.033333333333333,1.922833333333333,3
1.916666666666667,1.439,1.35,1.564333333333333,1
2.416666666666667,2.009666666666667,1.533333333333333,1.386333333333333,4
1.366666666666667,1.4405,0.75,1.7355,0
1.233333333333333,1.091333333333333,1.95,3.176,1
2.633333333333333,1.528333333333333,1.95,2.219166666666667,1
2,2.805666666666667,3.4,2.675666666666667,3
3.816666666666666,2.214,1.066666666666667,1.405,1
2.45,3.171833333333333,2.933333333333334,2.295,1
1.9,3.090666666666667,0.8333333333333333,0.6321666666666667,2
0.3333333333333333,1.177166666666667,2.666666666666667,1.314,0
0.2,1.143833333333333,0.75,1.236166666666667,0
1.533333333333333,1.582,1.283333333333333,1.254,2
1.75,1.613,2.333333333333333,2.049166666666666,0
1.7,2.207666666666666,1.866666666666667,2.126166666666667,1
4.1,2.5035,1.033333333333333,1.179333333333333,0
1.083333333333333,1.292666666666667,2.866666666666667,2.016333333333333,0
1,1.186166666666667,2.433333333333334,1.551166666666667,3
2.3,1.867666666666667,1.25,1.841666666666667,2
0.7833333333333333,1.255,2.15,1.783833333333333,0
1.283333333333333,1.556666666666667,2.816666666666666,1.780833333333333,3
1.783333333333333,1.518333333333333,2.6,2.877833333333333,0
0.8333333333333333,0.8156666666666668,1.733333333333333,2.1325,1
3.1,3.252333333333334,1.233333333333333,2.062333333333333,1
0.8333333333333333,1.216666666666667,1.783333333333333,1.250166666666667,2
1.75,1.282833333333333,1.833333333333333,1.745166666666667,2
2.483333333333333,1.997666666666667,0.5333333333333333,1.307166666666667,0
1.933333333333333,1.856166666666667,0.5833333333333333,1.081833333333333,0
1.116666666666667,1.542833333333333,2.016666666666667,1.772,0
0.9833333333333334,1.696333333333333,0.7,1.9155,3
1.333333333333333,1.338333333333333,1.9,1.834833333333333,0
1.55,1.9995,1.3,0.917,1
2.283333333333333,1.740666666666667,2.85,1.555166666666667,2
1.833333333333333,1.846833333333333,2.033333333333333,2.258333333333333,1
1.616666666666667,2.031833333333333,2.116666666666667,2.025666666666667,0
0,1.815333333333333,1.316666666666667,2.658833333333333,0
1.366666666666667,1.156833333333333,2.533333333333333,1.425333333333333,1
1.4,1.995166666666667,0.5,0.9976666666666667,0
2.866666666666667,1.940333333333333,1.583333333333333,1.525333333333333,1
1.733333333333333,1.453333333333333,1.1,1.455833333333333,3
1.783333333333333,2.037666666666667,1.7,1.515,2
0,1.440333333333333,1.9,2.349833333333334,1
0.7,2.198333333333333,2.6,1.537666666666667,0
1.816666666666667,1.732333333333334,1,1.423166666666667,0
1.4,0.6990000000000001,3.65,3.299,1
1.416666666666667,1.835666666666667,1.783333333333333,2.226666666666667,0
0.8,2.022,1.866666666666667,1.872333333333333,2
1.1,1.436,1.466666666666667,2.052,0
1.4,1.924833333333333,0.3333333333333333,0.8254999999999999,1
2.2,2.0075,0.7,0.9253333333333333,1
2.2,1.552,2.566666666666666,2.0645,1
1.2,1.358833333333333,3.866666666666667,3.827333333333333,1
2.45,2.557333333333333,1.383333333333333,1.880833333333333,0
0.9833333333333334,1.380166666666667,2.533333333333333,2.208833333333334,0
1.616666666666667,1.778666666666667,0.9,1.868333333333333,2
2.15,2.166166666666666,0.7833333333333333,2.422,0
0.5,1.2995,1.083333333333333,0.6845,3
4.483333333333333,3.985833333333333,0.9,1.948166666666667,4
1.2,2.432833333333333,1.783333333333333,1.126666666666667,1
1.583333333333333,1.34,0.5,2.087833333333333,0
1.366666666666667,1.801,1.083333333333333,0.7641666666666667,0
0.3333333333333333,1.446333333333333,4.1,2.438,1
0.9,1.759333333333333,2.033333333333333,1.283333333333333,1
2.433333333333334,1.484666666666667,1.816666666666667,2.187666666666667,0
2.083333333333333,1.200333333333333,0.7833333333333333,1.1715,1
1.4,1.5735,1.916666666666667,1.345,1
1.166666666666667,1.804166666666667,2.083333333333333,2.094833333333333,0
1.25,1.0785,0.6,1.013166666666667,1
3.65,2.422166666666667,1.4,1.5175,0
0.75,1.429,2.683333333333334,1.963833333333334,0
1.333333333333333,1.674833333333333,0.7,1.511,1
0.4,0.4991666666666667,1.833333333333333,1.951833333333333,0
1.733333333333333,3.867,3.266666666666667,2.1155,0
0.5,1.352,1.733333333333333,2.3415,2
0.8333333333333333,0.9918333333333332,2.866666666666667,1.240333333333334,1
1.116666666666667,0.8518333333333333,2.783333333333333,1.776666666666667,0
2.483333333333333,1.551166666666667,1.983333333333333,3.637833333333333,2
2.1,1.245,1.083333333333333,1.376166666666667,0
2.95,1.655333333333333,0,0.731,2
1.366666666666667,1.602,0.65,1.5195,0
2.033333333333333,1.601166666666667,0.6,0.9933333333333333,3
2.35,2.009833333333333,2.5,1.605333333333333,1
1.733333333333333,3.2185,0.2,0.9551666666666667,1
0.7,1.151166666666667,1.5,1.357666666666667,1
2.383333333333333,1.102,2.116666666666667,2.941666666666666,1
0.9166666666666666,2.819666666666667,2.116666666666667,1.349666666666667,5
1.366666666666667,1.478166666666667,2.25,1.377166666666667,2
0.7,0.9781666666666666,1.833333333333333,1.593833333333333,0
1.7,1.513333333333333,1.3,2.442,2
2.183333333333334,1.981,1.916666666666667,2.075,2
0.9,1.312166666666667,1,1.260166666666667,1
1,1.566833333333333,0.6,1.487666666666667,3
1.533333333333333,1.1285,0.7833333333333333,1.7135,0
1.666666666666667,1.644833333333333,2.983333333333333,1.5115,1
0.9166666666666666,1.256166666666667,1.95,1.769833333333333,1
1.333333333333333,0.9193333333333332,2.666666666666667,1.745333333333333,1
2.616666666666667,1.6265,2.183333333333334,2.602833333333333,2
2.766666666666667,2.254833333333333,2.816666666666666,2.482333333333333,2
2.766666666666667,2.212833333333333,2.15,1.343,3
2.083333333333333,1.892833333333333,1.25,1.491666666666667,1
2.583333333333333,2.26,1.95,2.0135,2
3.45,2.621,1.666666666666667,1.4385,0
1.95,1.929333333333333,1.333333333333333,1.254666666666667,0
2.766666666666667,2.540833333333333,1.583333333333333,1.227833333333333,2
1,1.237166666666667,2,2.183666666666667,0
1.066666666666667,1.126666666666667,2.766666666666667,1.454333333333333,0
2.566666666666666,2.428666666666667,0.45,1.233,3
2.35,2.191166666666667,1.366666666666667,1.428666666666667,3
1.533333333333333,1.278,2.333333333333333,1.658,1
3.566666666666667,3.466,1.083333333333333,1.9175,3
2.016666666666667,1.459333333333333,4.566666666666666,2.778666666666667,2
1.666666666666667,1.487166666666667,2.2,1.863166666666666,1
0.9166666666666666,1.028666666666667,2.283333333333333,1.529333333333333,2
1.416666666666667,1.896333333333333,2.983333333333333,2.333333333333333,0
2.233333333333333,1.529833333333333,1.866666666666667,1.8435,1
1.2,1.572666666666667,4.366666666666667,3.155,1
0.7333333333333334,0.8688333333333333,0.65,0.9885,2
1.083333333333333,1.654,0.9,1.233166666666667,1
4.033333333333333,1.856666666666667,2.316666666666666,2.539666666666667,0
1.866666666666667,1.469833333333333,3.333333333333333,3.313333333333333,5
4.95,4.456,1.4,1.623833333333333,0
3.15,2.017166666666667,1.033333333333333,1.0295,1
1.35,1.2635,2.15,1.186666666666667,3
1.6,1.528333333333333,1.5,1.793,0
1.316666666666667,1.534666666666667,1.383333333333333,0.9586666666666668,1
0.9833333333333334,1.6205,4.066666666666666,2.731166666666667,0
3.75,3.499166666666667,1.933333333333333,1.705,3
2.9,2.31,1.45,2.164666666666666,0
2.066666666666666,2.628,1.1,1.6925,3
2,1.846,2.65,2.356833333333333,2
1.283333333333333,0.8506666666666666,1.616666666666667,1.684,0
0.9,1.204666666666667,1.2,0.9934999999999999,1
1.7,1.861833333333333,4.116666666666667,3.082833333333333,1
1.866666666666667,1.401166666666667,1.7,1.4335,1
1.583333333333333,1.805333333333333,0.6,1.169833333333333,0
1.066666666666667,0.9864999999999999,3.233333333333333,3.065833333333333,0
3.533333333333333,1.700833333333333,1.983333333333333,1.676,1
2.433333333333334,1.7835,3.65,2.556333333333333,1
1.533333333333333,1.1615,0.6666666666666666,1.267166666666667,0
3.45,3.366833333333333,2.866666666666667,1.6635,0
3.566666666666667,2.096833333333333,0.3333333333333333,0.5238333333333334,1
0.65,1.218,1.033333333333333,1.2775,2
1.6,1.1635,1.6,1.733833333333334,2
0.45,0.8931666666666667,1.95,1.931666666666667,2
0.7,1.4175,0.65,1.114666666666667,1
2.6,2.914666666666666,2,1.772833333333333,1
2.65,2.416333333333333,1.15,1.823,3
0.5833333333333333,0.635,2.266666666666667,1.637666666666667,0
1.233333333333333,1.5155,2,1.0475,0
1.75,1.674,0.5333333333333333,0.6114999999999999,4
1.6,1.242833333333333,1.083333333333333,1.3865,1
1.416666666666667,1.283666666666667,1.35,2.097,1
0.8333333333333333,1.386666666666666,1.833333333333333,1.8215,0
1.733333333333333,1.684666666666667,3.15,2.558,3
4.033333333333333,2.439833333333334,2.833333333333333,2.087666666666667,3
0.3333333333333333,0.9506666666666665,1.033333333333333,1.7405,1
1.033333333333333,1.557,2.25,1.7405,1
1.666666666666667,1.252166666666667,0.8333333333333333,0.9446666666666668,1
0.95,1.836333333333333,1.283333333333333,1.263833333333333,0
1.7,1.026666666666667,3.033333333333333,2.606333333333334,1
1.4,1.491333333333333,1.616666666666667,1.325333333333333,0
1.983333333333333,2.775333333333333,1.2,2.213333333333333,1
2.233333333333333,2.373833333333333,1,1.176166666666667,0
2.6,2.366,2.016666666666667,1.861,3
0.95,1.105666666666667,2.166666666666667,1.690333333333333,0
2.183333333333333,1.693833333333334,1.933333333333333,2.167666666666667,1
1.733333333333333,1.185666666666667,1.416666666666667,0.8945000000000001,1
1.083333333333333,1.247833333333333,0.8333333333333333,1.2655,0
1.2,0.9626666666666667,1.833333333333333,1.673666666666667,1
2.166666666666667,1.767,0.85,0.6071666666666666,1
2.683333333333333,2.176333333333333,3.5,2.456,0
3,1.473833333333333,2.15,1.343166666666667,1
2.7,2.018833333333333,1.583333333333333,2.208333333333333,1
0.5,1.065833333333333,2.333333333333333,2.109333333333333,1
2.45,2.087833333333333,1.7,1.948333333333333,1
1.033333333333333,2.380833333333333,1.283333333333333,1.872833333333333,0
1.45,1.731833333333333,1.533333333333333,2.193,0
1.233333333333333,1.814333333333333,1.7,1.650833333333333,1
2.283333333333333,2.629833333333333,2.5,2.926833333333334,2
1.333333333333333,1.2355,1.65,0.8908333333333334,2
1.533333333333333,0.7808333333333334,0.95,1.447333333333333,2
0.25,1.674333333333333,0.5333333333333333,1.037833333333333,1
2.483333333333333,1.6855,1.783333333333333,2.212166666666667,2
1.633333333333333,1.618166666666667,1.783333333333333,1.776333333333333,2
2.083333333333333,1.611666666666667,0.5,1.082,2
1.033333333333333,1.423666666666667,1.333333333333333,0.8975,1
2.85,1.965666666666667,1.583333333333333,1.628166666666667,3
0.75,1.140833333333333,1.45,1.405666666666667,2
0.8333333333333333,1.294833333333334,2.35,1.922333333333333,1
2.05,2.219833333333333,0.9,1.175833333333333,0
0.45,1.448166666666667,2.65,2.022166666666667,0
1.95,1.578,0.9833333333333334,1.330166666666667,1
1.033333333333333,1.813666666666667,1.4,1.643666666666667,0
1.616666666666667,1.1765,1.616666666666667,1.437166666666667,0
1.533333333333333,1.056166666666667,0.9166666666666666,1.360166666666667,0
0.2,1.133666666666667,2.016666666666667,2.205,1
2.583333333333333,2.045166666666667,1.433333333333333,1.570166666666667,0
2.933333333333334,2.489166666666667,1.416666666666667,1.237666666666667,2
3.116666666666667,1.980166666666666,2.666666666666667,1.5115,0
1.15,1.465333333333333,2.033333333333333,1.8205,1
2.183333333333334,2.129333333333333,1.833333333333333,1.129333333333333,1
2.616666666666667,2.217,2.183333333333334,1.860666666666667,0
1.233333333333333,1.624166666666667,1.866666666666667,1.9935,0
2.616666666666667,2.1785,1,1.453666666666667,2
1.033333333333333,1.402833333333333,2.483333333333333,2.565666666666667,0
0.75,1.324333333333333,0.5333333333333333,1.800833333333333,0
1.733333333333333,2.262833333333333,1.45,1.967166666666667,4
1.366666666666667,1.5795,2.533333333333333,2.028166666666666,0
2.25,2.953166666666666,2.166666666666667,1.259166666666667,0
2.2,2.286166666666666,0.5,1.947833333333334,1
2.833333333333333,2.447666666666667,1.416666666666667,1.910166666666667,0
1,1.549166666666667,3.85,3.741666666666666,1
1.233333333333333,1.886,0.8333333333333333,1.838166666666667,0
2.916666666666667,2.159833333333333,1.233333333333333,1.531833333333333,1
0.65,1.313333333333333,1.583333333333333,1.3745,0
0.9,1.1425,1.033333333333333,2.1215,0
0.5333333333333333,0.9228333333333333,1.566666666666667,1.193333333333333,1
1.833333333333333,1.8805,1.45,1.663833333333333,0
0.5833333333333333,0.9586666666666668,2.783333333333333,3.245333333333334,1
1.983333333333333,2.468833333333333,1.666666666666667,1.232666666666667,2
1.616666666666667,2.355666666666667,0.25,1.1555,3
2.7,1.641833333333333,2.95,2.048833333333334,1
1.2,1.8445,1.283333333333333,2.17,3
0.4,1.014166666666667,2.616666666666667,1.212666666666667,0
1.916666666666667,1.925,0.8666666666666667,2.430833333333333,3
1.933333333333333,1.687166666666667,1.566666666666667,1.8565,0
1.566666666666667,1.346166666666667,2.4,2.3225,1
1.95,1.058,1,1.334166666666667,4
1.533333333333333,1.8375,0.7,1.3905,2
2.15,1.833,1.15,1.335,0
1.566666666666667,2.515833333333333,1.6,1.7205,3
0.6,1.9485,0.8333333333333333,1.015166666666667,1
3.2,1.834333333333333,1.083333333333333,0.9075,1
0,0.7253333333333334,0.5333333333333333,0.9335,0
2.866666666666667,1.898,2.283333333333333,2.688333333333333,1
1.916666666666667,1.558333333333334,0.8333333333333333,1.179333333333333,0
1.283333333333333,1.3275,1.4,1.204833333333333,3
1.333333333333333,0.9633333333333333,2,2.217833333333333,0
0.5,1.362833333333333,1.7,0.9713333333333334,1
2.166666666666667,2.3555,2.166666666666667,2.027,1
2.333333333333333,2.706833333333333,1.916666666666667,1.488833333333333,0
0.9833333333333334,1.0065,2.666666666666667,2.12,0
1.2,1.691166666666667,2.5,1.958833333333333,5
2.65,1.721,3.083333333333333,1.679833333333333,3
2.366666666666667,1.794833333333334,1.25,1.393333333333334,1
2.05,1.234333333333333,0.5,1.394,0
1.083333333333333,0.6363333333333334,2.416666666666667,1.500333333333333,0
1.833333333333333,1.891333333333333,3.116666666666667,1.803666666666667,1
2,1.902833333333333,2.066666666666666,1.086833333333333,1
2.5,1.859833333333333,1.533333333333333,1.904833333333333,2
1.416666666666667,0.7606666666666667,2.55,2.214333333333333,2
2.916666666666667,2.460833333333333,1,1.017166666666667,1
2,1.512666666666667,1.25,1.448333333333333,0
3.25,1.705666666666667,0.3333333333333333,0.9528333333333334,0
3.033333333333333,2.006166666666667,4.25,2.064333333333333,3
2.733333333333333,1.9455,2.533333333333333,1.635166666666667,1
0.7833333333333333,0.6968333333333334,1.916666666666667,2.034833333333333,0
1.75,1.912833333333333,3.683333333333333,2.0615,2
0.95,0.8473333333333334,1.45,1.297166666666667,0
2.033333333333333,1.072166666666667,1.7,1.288166666666667,1
1.916666666666667,1.940833333333333,2.2,1.871166666666667,0
2.6,2.383166666666667,1.733333333333333,1.369666666666667,0
2.45,2.101333333333334,0.6666666666666666,1.008166666666667,3
0.9,1.474166666666667,3.016666666666667,2.845333333333333,0
2.583333333333333,2.358166666666667,2.7,2.163833333333333,3
0.6666666666666666,1.284833333333333,0.7833333333333333,1.048,0
0.8333333333333333,1.3825,1.633333333333333,2.432166666666666,1
1.533333333333333,0.9963333333333333,1.25,1.916666666666667,0
1.383333333333333,1.301333333333333,3.183333333333333,1.644333333333333,2
2.516666666666667,2.017666666666667,0,1.879833333333333,0
0.6,2.6535,1.433333333333333,1.399333333333333,2
2.35,1.940333333333333,1.15,1.1725,1
1.7,1.398166666666667,2.383333333333333,1.726833333333333,1
1.35,1.336,1.083333333333333,1.866,1
1.366666666666667,1.736833333333333,3.85,2.245166666666667,2
0.3333333333333333,1.1445,1.1,1.315,1
0.5,1.005166666666667,2.716666666666667,1.833,2
0,0.6566666666666666,1.583333333333333,1.3825,3
1.15,2.1055,1.1,1.162166666666667,1
3.116666666666667,2.709,0.25,1.0825,1
2.25,1.535833333333333,0.8666666666666667,1.854833333333333,6
3.05,2.757666666666667,2,1.921166666666667,2
1.866666666666667,1.247833333333333,1.733333333333333,1.241833333333333,0
1.2,1.334833333333333,1.033333333333333,1.699666666666667,0
1.8,1.3335,1.333333333333333,1.963,0
3.033333333333333,2.168,0,1.556333333333333,2
0.6666666666666666,0.5311666666666667,2.85,2.6795,1
1.283333333333333,1.417666666666667,0.5833333333333333,2.125333333333333,2
0.9833333333333334,1.301,0.7,1.4585,1
1.666666666666667,2.627,1.533333333333333,1.5355,2
1.95,2.943,3.4,2.445,3
1.083333333333333,1.352666666666667,1.7,1.419,0
2.033333333333333,2.0145,0.9166666666666666,1.735166666666667,2
1.783333333333333,1.513166666666667,1.533333333333333,1.086333333333333,2
2.916666666666667,1.644666666666667,2.266666666666667,1.906666666666667,2
2.516666666666667,3.248333333333333,0.9166666666666666,1.170333333333333,0
0.95,1.424333333333333,1.833333333333333,1.317666666666667,2
1.033333333333333,1.433833333333334,2.183333333333334,1.856666666666667,0
1.483333333333333,2.066,1.966666666666667,0.7918333333333334,0
0.6666666666666666,1.310166666666667,1.916666666666667,1.738333333333333,0
2.066666666666666,2.076333333333333,1.083333333333333,1.331666666666667,2
1.9,1.293,1.666666666666667,1.284,1
1,1.3755,1.616666666666667,2.4345,0
1.916666666666667,1.2005,1.283333333333333,1.220166666666667,1
1.333333333333333,0.9423333333333334,0.8333333333333333,0.9984999999999999,3
1.233333333333333,0.6631666666666667,2.916666666666667,1.801333333333333,0
1.25,1.4385,2.766666666666667,1.460166666666666,3
2.183333333333334,2.939166666666666,0.95,1.36,1
4,1.766,2.7,1.919,2
1.95,1.145166666666667,1.866666666666667,2.871166666666666,0
2.45,2.312,1.816666666666667,1.189666666666667,0
0.95,1.582166666666667,0.95,0.9605,2
1.416666666666667,1.294166666666666,1.1,1.167666666666667,2
1.9,2.4905,4.7,3.207,2
0.95,1.0945,1.066666666666667,1.5195,0
2.233333333333333,1.623666666666667,2.083333333333333,1.998,2
1.533333333333333,2.0295,2.816666666666666,2.3625,1
2.483333333333333,1.898,1.283333333333333,1.551833333333333,2
1.483333333333333,1.551333333333333,1.033333333333333,1.434333333333333,2
0.25,0.7353333333333334,1.166666666666667,1.897666666666667,1
0.45,1.192,2.15,1.634833333333333,0
3.9,2.3435,1.733333333333333,1.4535,2
1.566666666666667,1.536,2.75,1.341333333333333,1
1.283333333333333,0.9303333333333333,1.15,0.6505000000000001,1
3,1.322833333333333,1.116666666666667,1.545,0
2.233333333333333,1.794333333333333,2.766666666666667,2.147166666666667,4
0.5,1.456666666666667,1.766666666666667,1.566666666666666,0
1,1.860166666666667,2.416666666666667,1.779166666666667,4
0.75,0.9048333333333334,0.65,0.6851666666666667,2
1.816666666666667,1.089166666666667,1.416666666666667,1.049,2
1.433333333333333,1.0915,1.533333333333333,1.313166666666667,0
1.233333333333333,1.3365,1.666666666666667,2.290166666666667,2
2.666666666666667,2.397666666666667,1.833333333333333,1.344,1
2.416666666666667,1.6525,0.4,1.028833333333333,0
1.416666666666667,2.017666666666666,0.7333333333333334,1.968,0
3.366666666666667,2.578,2.166666666666667,2.311833333333333,3
1.1,1.627166666666667,3.116666666666667,2.557166666666666,1
1.533333333333333,1.344333333333333,1.616666666666667,1.6565,1
3.316666666666666,2.419333333333333,1.75,1.126833333333333,0
1.35,1.1315,3.633333333333333,2.474333333333333,2
1.833333333333333,1.242666666666667,2.233333333333333,2.0085,0
0.65,0.5405,0.3333333333333333,1.019,1
1.283333333333333,1.6015,0.9833333333333334,0.9088333333333334,2
1.033333333333333,1.063,0.9,1.298,0
2.116666666666667,1.704166666666667,1.75,1.539333333333333,1
0.9,1.618833333333333,1.316666666666667,1.664,0
0.45,1.413166666666667,1.166666666666667,1.4095,3
0.5,0.9038333333333333,1.7,1.732333333333334,0
2.65,1.679833333333333,0.9833333333333334,1.565666666666667,1
1.816666666666667,1.440833333333333,2.95,1.8075,0
0.75,0.6876666666666666,1.25,1.835666666666667,1
2.333333333333333,1.902,1.2,1.733333333333333,3
3.266666666666667,1.884,0,0.9573333333333334,2
3.233333333333333,2.3415,2.983333333333333,1.1275,2
0.8333333333333333,1.849333333333333,1.9,1.175166666666667,1
2.983333333333333,2.220833333333333,3.316666666666666,1.642333333333333,4
3.166666666666667,2.5945,1.95,1.558833333333333,1
1.033333333333333,0.5651666666666666,2.9,2.308,1
1.15,1.3645,1,1.292,0
0.75,0.9653333333333335,1.683333333333333,1.340666666666667,0
0.3333333333333333,1.589333333333333,1.5,0.7005,0
1.233333333333333,1.127666666666667,0.75,0.9298333333333333,0
2.1,1.764833333333333,2.366666666666667,1.598833333333333,4
1.4,1.728833333333333,2.933333333333334,1.601833333333333,4
2.15,1.0665,0.7833333333333333,0.7946666666666667,2
2.883333333333333,2.231166666666667,0.8666666666666667,1.614666666666667,0
1.033333333333333,1.237166666666667,1,1.3985,0
0.25,1.467833333333333,0.25,0.7123333333333334,1
1,1.504166666666667,4.733333333333333,2.715166666666667,1
0.5333333333333333,0.8508333333333333,1.933333333333333,1.081833333333333,0
1.333333333333333,1.090666666666667,2.533333333333333,2.5595,1
1.25,1.022666666666667,2.55,3.745333333333333,2
3.316666666666666,3.122833333333333,1.816666666666667,1.590666666666667,3
0.95,1.344166666666667,0.85,0.8820000000000001,0
3.633333333333333,2.3295,3.4,2.721,1
3.366666666666667,3.238,0.75,0.7586666666666666,1
3.483333333333333,2.354833333333334,1.783333333333333,1.162166666666667,2
2.783333333333333,2.294666666666667,1.75,1.790166666666666,2
1.416666666666667,1.4205,2.15,1.713166666666667,1
0.7,0.9903333333333333,1.416666666666667,1.3395,1
1.7,1.932833333333333,1.433333333333333,1.953166666666667,4
2.016666666666667,0.7633333333333333,3.483333333333333,2.3725,0
0.3333333333333333,1.729666666666667,3.033333333333333,1.6615,1
2.333333333333333,1.4825,0.9,1.455833333333333,2
1.25,0.737,1,1.349833333333333,1
4.183333333333334,3.341,1.333333333333333,0.8896666666666666,2
2.283333333333333,1.258666666666667,2.366666666666667,1.437833333333333,0
1.2,1.401833333333333,2.25,1.996333333333333,2
1.533333333333333,1.718833333333333,2.65,2.44,2
1.45,1.295333333333333,1.783333333333333,1.79,2
1.366666666666667,1.053166666666667,1.333333333333333,1.577166666666667,0
2.666666666666667,1.778833333333333,1.5,1.318833333333333,1
1.166666666666667,0.5978333333333333,1,0.8913333333333333,0
3.233333333333333,3.865,2.2,1.767666666666666,1
2,2.029666666666667,3.55,3.733833333333334,0
2.216666666666667,2.808333333333334,0.7,0.6465,1
1.2,1.096,1.866666666666667,2.088166666666667,1
3.183333333333334,2.971166666666667,3.133333333333333,2.266666666666667,1
2.866666666666667,1.410666666666667,2.433333333333334,2.585,1
2.75,1.963166666666667,3.766666666666667,2.921166666666667,2
1.816666666666667,2.053666666666667,2.15,1.417333333333333,1
1.283333333333333,1.198666666666667,1.75,1.842166666666667,1
3.283333333333333,1.921666666666667,2.583333333333333,2.151333333333334,0
3.533333333333333,2.143666666666667,0.8333333333333333,0.703,1
4.366666666666667,3.876833333333334,2.733333333333333,3.050166666666667,2
1.833333333333333,1.291666666666667,2.783333333333333,2.572833333333334,1
1.433333333333333,1.771166666666667,4.283333333333333,4.141500000000001,2
0.95,0.9165,2.433333333333334,1.491,2
1.083333333333333,0.4725,4.433333333333334,3.243166666666666,1
0.8333333333333333,1.183,2,1.254833333333333,1
2.283333333333333,2.623666666666667,3.2,2.141833333333333,0
3.933333333333334,3.5365,0.7,1.141,0
3.933333333333334,2.9185,1.85,1.812833333333333,1
1.283333333333333,1.065166666666667,1.9,1.289333333333333,0
1.233333333333333,2.0685,0.45,0.9868333333333332,2
0.7833333333333333,0.6128333333333333,2,2.145166666666666,1
1.85,1.824166666666667,1.533333333333333,1.5195,1
1.166666666666667,1.546333333333333,2.633333333333333,2.3765,0
2.716666666666667,2.509833333333333,1.533333333333333,1.712166666666667,1
1.4,1.5265,1.616666666666667,1.500333333333333,1
2.55,1.6825,2.316666666666666,1.429833333333333,1
0.8666666666666667,0.7,0.4,0.9554999999999999,1
2.283333333333333,2.7795,1.283333333333333,1.919333333333333,0
1.866666666666667,2.087666666666667,1.966666666666667,1.573,0
0.8333333333333333,1.261166666666667,1.883333333333333,2.391333333333333,0
1.766666666666667,0.9999999999999999,3.116666666666667,3.503333333333333,0
1.883333333333333,1.8445,2.5,2.573666666666667,1
1.783333333333333,2.035,5.716666666666667,4.016833333333333,2
1.433333333333333,0.9773333333333334,2.433333333333334,3.314666666666667,1
0.7833333333333333,0.6743333333333333,1.2,1.424833333333333,0
1.883333333333333,1.398833333333333,0.7833333333333333,1.428666666666667,1
2.45,3.586666666666667,1.416666666666667,0.9921666666666666,1
1.533333333333333,2.103666666666667,1.15,0.8789999999999999,0
1.85,2.3195,2.016666666666667,1.944666666666667,4
1.7,1.0805,0.5333333333333333,0.9928333333333333,1
0.5333333333333333,0.5795,0.9,1.293166666666667,0
1.433333333333333,2.215166666666667,1.783333333333333,2.0835,4
2.7,1.712166666666667,0.9833333333333334,0.889,0
1.733333333333333,1.064833333333333,2.45,1.573,0
2.5,2.675,2.483333333333333,1.7295,4
1.083333333333333,1.248,1.783333333333333,1.609666666666667,0
3.5,2.7845,0.8333333333333333,1.168833333333333,2
1.116666666666667,2.135333333333334,0.45,1.303166666666667,1
0.7,1.0805,1.65,1.3135,2
1.533333333333333,1.386833333333333,1.283333333333333,3.0325,2
1.2,1.5425,0.9833333333333334,0.8616666666666666,1
2.866666666666667,2.241666666666667,1.2,1.9325,1
1.783333333333333,1.52,0,0.5556666666666666,0
1.15,1.77,1,1.5045,1
1.15,1.0035,1.533333333333333,1.147,1
1.083333333333333,1.633166666666667,3.066666666666666,2.052166666666666,1
0.2,2.303666666666667,2.65,2.5215,3
0.7833333333333333,1.031,1.583333333333333,2.367333333333333,2
2.433333333333333,2.046166666666667,1.5,0.9815,1
4.833333333333333,3.472333333333333,2.116666666666667,1.156833333333333,0
1.7,2.557666666666667,0.8333333333333333,0.8596666666666666,1
1.2,0.6163333333333334,2.483333333333333,2.911666666666667,0
1.583333333333333,1.022666666666667,3,2.611833333333333,1
1.233333333333333,1.304166666666667,3.2,2.048833333333334,1
2.283333333333333,2.902166666666667,3.783333333333333,2.482333333333333,2
0.95,0.9873333333333332,1.033333333333333,0.9766666666666668,2
4.766666666666667,2.539833333333333,0.7,1.962166666666667,1
2.2,1.6735,2.533333333333333,1.980666666666667,0
2.533333333333333,2.378333333333333,2.866666666666667,2.221666666666667,2
2.866666666666667,1.253,2.483333333333333,1.647166666666667,1
1.866666666666667,1.358666666666667,2.25,1.744333333333334,4
2.416666666666667,1.2295,1.033333333333333,0.5646666666666668,0
0.8333333333333333,1.022,2.116666666666667,1.377,2
2.083333333333333,2.24,0,0.5363333333333333,1
1.483333333333333,1.818,2.5,2.321833333333333,1
0.8333333333333333,1.994833333333333,1.083333333333333,1.1795,1
1.2,1.430833333333333,1.366666666666667,1.549166666666667,0
1.533333333333333,1.493333333333333,1.633333333333333,0.9924999999999999,1
1.783333333333333,1.7305,2.05,2.585166666666667,1
2.983333333333333,1.903333333333333,1.083333333333333,0.5558333333333333,3
0.75,2.0265,4.716666666666667,3.180333333333333,0
1.25,1.061,0.7833333333333333,1.003333333333333,0
3.283333333333333,2.404166666666667,2.116666666666667,1.533,0
1.116666666666667,0.9325,1.55,1.0535,1
2.883333333333333,2.294333333333333,2.15,2.167833333333333,5
3.3,3.070333333333333,2.4,2.541333333333333,3
1.583333333333333,1.684,2.083333333333333,2.434666666666667,1
1,0.8166666666666667,1.583333333333333,2.523333333333333,0
0.75,1.421166666666667,3.283333333333333,1.959333333333333,2
3.483333333333333,2.3795,1.783333333333333,2.085166666666666,3
2.15,1.277166666666667,4.683333333333334,3.3375,0
1.533333333333333,1.360333333333333,1.283333333333333,1.490833333333333,1
2.783333333333333,2.793333333333333,3.066666666666666,2.082833333333333,2
1.866666666666667,2.720833333333333,2.566666666666666,1.194333333333333,2
3.233333333333333,1.565166666666666,0.8333333333333333,1.402,0
3.783333333333333,3.0025,1.283333333333333,1.322,0
1.366666666666667,1.300333333333333,1.9,1.841166666666667,0
1.533333333333333,1.2125,2.2,1.543166666666667,2
3.033333333333333,2.4375,3.25,2.535833333333334,0
4.116666666666667,2.6135,2.283333333333333,1.8415,1
2.5,2.161333333333333,1.2,1.788833333333333,3
2.2,1.352166666666667,2.333333333333333,2.225,1
1.75,1.565666666666667,3.516666666666667,2.751,0
1.283333333333333,1.167,3.15,2.466333333333333,2
2.95,2.164,1.083333333333333,0.9873333333333333,1
2.233333333333333,1.517333333333333,3.45,1.937666666666667,0
0.75,1.838833333333333,1.7,1.429666666666667,0
1.75,1.513333333333333,1.4,1.2015,0
1.983333333333333,1.363333333333333,3,2.228333333333333,1
2.5,1.949166666666667,2.233333333333333,2.111666666666666,0
1.2,1.147333333333333,2.116666666666667,2.087166666666667,0
1.983333333333333,2.405,1,1.187166666666667,2
1.25,1.224666666666667,2.15,2.025666666666667,0
1.783333333333333,1.408,1.283333333333333,1.172333333333333,2
0.5333333333333333,1.688666666666667,2.35,2.448166666666667,3
3.35,2.518166666666667,2.283333333333333,1.536,1
1.2,1.465166666666667,0.7333333333333334,0.8925000000000001,1
3.316666666666666,2.388166666666667,1.95,1.868666666666667,1
1.366666666666667,1.321666666666667,2.233333333333333,2.001833333333333,2
1.683333333333333,1.231666666666667,2.266666666666667,1.621,1
1.533333333333333,1.855166666666667,3.5,2.416833333333333,4
0.9,1.180166666666667,0.5333333333333333,1.046666666666667,1
1.6,1.181833333333333,2.116666666666667,1.745166666666667,0
1.7,1.425833333333333,2.233333333333333,1.787666666666667,0
2.133333333333333,1.216333333333333,0.2,0.8371666666666666,0
2.366666666666667,1.9905,2.45,2.668333333333333,3
1.65,1.9185,1.3,0.9538333333333333,1
3,2.674333333333333,1.1,0.9175,4
1.9,1.368333333333333,3.183333333333334,2.7575,2
2.983333333333333,2.8925,2.316666666666666,1.824,0
1,1.061333333333333,0.75,0.7665,1
0.8333333333333333,0.8764999999999999,1.316666666666667,1.470833333333333,1
1.366666666666667,1.3755,0,0.6045,2
0.75,1.032,2.333333333333333,1.148833333333333,2
0.9833333333333334,0.8483333333333334,3.75,2.857333333333334,3
3.066666666666666,2.215666666666666,0.9,0.5183333333333333,0
3.416666666666667,2.159833333333333,1.733333333333333,1.775,4
1.35,1.3675,1.366666666666667,1.474666666666667,0
1.583333333333333,0.8848333333333334,1.45,1.291666666666667,0
2.583333333333333,1.929833333333333,0.75,0.4991666666666666,1
1,1.332666666666667,1.933333333333333,1.941333333333334,0
1,0.9381666666666666,1.533333333333333,1.304,1
2.683333333333333,1.584666666666667,3.2,2.647333333333333,2
2.9,2.542333333333334,0.8333333333333333,1.338166666666667,2
1.783333333333333,1.9175,1.75,1.5885,3
0.5333333333333333,0.9406666666666667,1.983333333333333,1.6115,2
0.8333333333333333,1.32,3.833333333333333,1.990666666666667,0
3.45,1.9915,1.083333333333333,1.169833333333333,0
2.166666666666667,0.9558333333333333,0.7833333333333333,1.209,0
0.9333333333333333,1.082333333333333,2.783333333333333,2.561333333333333,0
2.316666666666666,1.813166666666667,3.083333333333333,2.867666666666667,3
2.616666666666667,1.738666666666667,3.1,2.174833333333333,4
2.7,1.853833333333333,3.116666666666667,1.805666666666667,1
1.183333333333333,1.066333333333333,1.733333333333333,0.9436666666666667,0
0.75,0.6953333333333334,1.583333333333333,1.6585,0
2.283333333333333,1.6945,0.9,1.695666666666667,3
2.533333333333333,2.045166666666667,0.5833333333333333,0.8558333333333333,1
2.15,1.285666666666667,0.8666666666666667,1.259333333333333,0
0.8666666666666667,0.9616666666666667,1.366666666666667,1.317166666666667,3
2.3,2.203666666666666,0.7,1.271,3
0.45,1.097,3.1,1.443666666666667,2
3.9,1.640333333333333,2.866666666666667,1.866166666666667,1
2.266666666666667,2.164,2.3,1.5615,1
1.616666666666667,1.422166666666667,2.783333333333333,2.1435,0
4.466666666666667,2.751166666666666,2.583333333333333,0.6333333333333333,2
0.25,0.6035,2.8,1.502833333333333,0
2.033333333333333,1.179333333333334,1,0.958,1
2.333333333333333,1.2075,1.166666666666667,0.7716666666666666,0
1.2,1.2045,1.25,1.247333333333333,2
0.25,0.7098333333333333,2.75,1.328166666666667,2
0.2,0.872,1.7,1.499,0
2.15,1.075666666666667,1.9,2.238,1
3.633333333333333,2.309833333333334,3.3,2.2015,0
1.7,1.8965,3.183333333333333,1.963833333333334,1
2.8,1.599166666666667,2.333333333333333,1.690833333333333,1
1.5,1.68,1.2,1.467833333333333,4
1.65,0.9691666666666667,1.033333333333333,0.9896666666666667,0
2.983333333333333,1.5085,1.633333333333333,1.7675,1
2.766666666666667,1.966,0.9,0.9503333333333333,1
0.65,0.9286666666666668,1.483333333333333,1.144666666666666,4
1.516666666666667,1.212833333333333,0.5,1.367833333333333,3
1.816666666666667,1.844333333333333,1.516666666666667,1.7635,0
1.283333333333333,1.591333333333333,1.566666666666667,1.375833333333333,1
1.983333333333333,1.664166666666667,1.7,1.597166666666667,0
1.75,1.721666666666667,1.85,1.278333333333333,3
0.8333333333333333,1.1325,0.6666666666666666,1.182833333333333,0
2.4,1.273833333333333,1.866666666666667,0.8888333333333333,1
0.9833333333333334,1.9075,2.25,2.073333333333333,3
1.6,1.393833333333333,2.416666666666667,1.704666666666667,0
2.166666666666667,1.577166666666667,0.45,0.7578333333333332,0
4.383333333333333,2.0215,1.583333333333333,2.299666666666667,0
0.6666666666666666,2.093666666666667,1.283333333333333,1.878,0
1.583333333333333,1.650333333333333,1.1,2.035166666666667,4
1.333333333333333,1.708166666666667,2.083333333333333,1.868666666666667,2
1.8,2.086666666666667,2.283333333333333,1.907666666666667,0
2.933333333333334,1.847166666666667,1.5,1.747,1
0,0.7759999999999999,2.633333333333333,2.517333333333333,0
2.833333333333333,3.073166666666666,4.766666666666667,2.427166666666666,2
2.433333333333334,0.8916666666666666,1.083333333333333,1.133666666666667,1
0.45,0.9786666666666666,2.033333333333333,0.91,0
1.333333333333333,0.5255,1.25,1.568666666666667,0
1.283333333333333,1.665833333333333,1.4,2.600666666666667,1
1.4,1.101666666666667,1.25,1.343,1
2.6,1.551166666666667,1.983333333333333,2.308333333333334,1
0.95,1.235,1.4,1.920166666666667,0
1.65,2.114666666666666,2.85,1.965833333333333,1
1.25,1.2665,0.2,0.6533333333333333,1
1,1.504166666666667,2.116666666666667,1.4885,1
0.2,0.9926666666666666,2.45,1.648166666666667,0
1.283333333333333,1.274333333333333,2.2,1.740333333333333,2
3.183333333333334,1.945833333333333,1.616666666666667,2.202666666666667,4
0.9,1.408666666666667,1.366666666666667,1.521833333333333,2
1.983333333333333,2.518666666666667,2.2,1.668166666666667,1
2.7,1.990666666666666,0.6666666666666666,1.334333333333333,2
3.066666666666666,3.606,2.333333333333333,2.177666666666667,2
2.783333333333333,1.583166666666667,2.216666666666667,1.658666666666667,2
1.25,2.138666666666666,0.25,0.5455,0
1.933333333333333,1.197333333333333,2.866666666666667,3.096166666666667,2
1.366666666666667,1.284166666666667,2.1,1.6125,0
2.533333333333333,1.012833333333333,2.333333333333333,2.067666666666667,1
1.783333333333333,1.145166666666667,1.9,1.414666666666667,1
1.616666666666667,1.8585,2.816666666666666,2.096833333333334,1
2.5,1.687166666666667,2.816666666666666,2.9665,3
1.616666666666667,1.0245,2.666666666666667,2.731166666666667,0
2.85,2.005,1,1.2525,2
1.583333333333333,1.859833333333333,1,0.8891666666666667,0
2.233333333333333,1.595333333333333,1.05,0.8096666666666668,0
2.15,1.411333333333333,2.233333333333333,2.464166666666667,0
1.916666666666667,2.940166666666666,1.533333333333333,2.3875,3
3.783333333333333,1.693666666666667,1.5,1.346666666666667,1
2.65,2.0585,0.2,0.4761666666666667,1
3.9,2.584166666666667,1.683333333333333,2.044166666666666,1
3,1.983166666666667,1.616666666666667,1.518833333333333,2
1.416666666666667,0.8958333333333333,1.283333333333333,0.877,2
2.116666666666667,1.985166666666667,3.283333333333333,2.3415,1
1,1.481333333333333,1.983333333333333,1.868833333333333,0
1.9,1.517833333333333,0.8333333333333333,1.076333333333333,0
0,0.9291666666666667,2.483333333333333,1.532666666666667,0
2.45,2.182666666666667,2.6,1.520666666666667,0
0.5,0.9725000000000001,2.766666666666667,1.646833333333333,0
1.4,2.918333333333333,3.1,2.4675,2
0.7333333333333334,1.682666666666667,2.1,2.055833333333333,0
1,0.9131666666666667,1.533333333333333,0.9326666666666668,0
0,0.8053333333333335,1.116666666666667,1.896333333333333,0
2.983333333333333,2.303666666666667,0.5833333333333333,0.7963333333333332,1
1.866666666666667,1.800833333333333,2.75,2.175666666666666,0
0.3333333333333333,0.9718333333333333,2.683333333333333,2.223666666666666,2
3.216666666666667,2.529666666666667,1.566666666666667,1.395166666666667,3
2.033333333333333,1.421166666666667,1.416666666666667,1.966666666666667,1
1.733333333333333,2.371,1.783333333333333,1.270166666666667,1
1.616666666666667,2.450666666666667,1.283333333333333,1.9235,2
1.933333333333333,1.325833333333333,1.15,0.9570000000000001,0
2.65,1.974,1.666666666666667,1.581666666666667,2
2.55,2.481333333333333,1.85,1.361,1
0.7,1.031333333333333,3.516666666666667,2.6185,0
0.7,0.7885,3.15,2.541833333333333,0
3.066666666666666,1.9055,1.916666666666667,1.484666666666667,1
2.233333333333333,2.633666666666667,1.4,1.763333333333333,3
1.45,2.2905,1.733333333333333,1.911833333333333,3
3.016666666666667,2.026166666666667,1.5,1.2035,2
2.616666666666667,1.722666666666667,1.833333333333333,2.848166666666667,0
1.566666666666667,1.343666666666667,0.5333333333333333,0.7555000000000001,0
2.333333333333333,1.224333333333333,2.233333333333333,1.511166666666667,1
1.15,1.4815,2.416666666666667,1.883,2
0.3333333333333333,0.681,2.2,1.251833333333333,0
0.3333333333333333,0.8721666666666666,2.083333333333333,1.240166666666667,1
2.766666666666667,1.6565,1.25,2.163833333333333,2
2.533333333333333,2.783333333333333,0.7333333333333334,2.429666666666667,3
2.616666666666667,1.778833333333333,1.366666666666667,1.1325,1
2.816666666666666,2.401166666666667,0.5333333333333333,0.9546666666666667,0
1.7,1.325,1.933333333333333,1.802333333333333,2
1,1.564166666666667,3.5,2.894166666666667,0
1.2,1.297833333333333,3.2,2.3675,0
1.833333333333333,2.289833333333333,1.583333333333333,1.718333333333333,0
3.283333333333333,2.153833333333333,2.15,1.369333333333334,0
2.25,1.583833333333333,1.9,1.826166666666666,2
2.65,2.3065,1.033333333333333,1.623833333333333,2
1.083333333333333,1.648333333333333,1.983333333333333,1.410666666666667,2
2.566666666666666,1.1415,1.9,1.935,0
1,1.141666666666667,3.466666666666667,2.645166666666666,0
4.483333333333333,3.068666666666667,1.766666666666667,1.379666666666667,1
2.616666666666667,2.1515,1.233333333333333,0.9205000000000001,0
2.383333333333333,1.639333333333333,3.2,2.484333333333334,0
0.9166666666666666,1.174166666666667,2.033333333333333,0.9583333333333333,0
2.65,2.067,2.316666666666666,1.500166666666667,1
1.566666666666667,0.8526666666666667,1.333333333333333,1.323833333333333,1
0.5333333333333333,0.8258333333333333,1.333333333333333,1.007166666666667,2
1.2,0.7048333333333333,0,1.051833333333333,1
3.15,1.417333333333333,1.033333333333333,1.262333333333333,3
1.95,2.660333333333333,1.833333333333333,1.747833333333333,2
1.766666666666667,1.103666666666667,0.2,0.4964999999999999,0
1.733333333333333,1.567333333333333,2,1.516833333333333,1
3.133333333333333,3.127166666666667,0.5,1.060333333333333,0
0.9,1.062666666666667,1.2,0.957,0
0.95,2.176333333333333,1.6,2.0315,2
0,1.402666666666667,1.416666666666667,1.6185,2
0.5,1.466,1.35,1.984666666666667,2
0.25,0.9856666666666667,1.633333333333333,1.491666666666667,0
1.55,1.320833333333333,0.95,2.105333333333333,0
0.8666666666666667,1.405333333333333,0.8666666666666667,1.202166666666667,0
1.4,1.8595,1.85,2.792,0
1.533333333333333,1.263166666666667,1.366666666666667,1.061833333333333,0
1.65,1.033166666666667,1.6,1.744666666666667,2
0.2,0.9356666666666668,1.7,2.049166666666666,0
3.5,2.132666666666667,1.783333333333333,1.242,1
2.233333333333333,0.9389999999999999,0.6666666666666666,0.7423333333333333,1
1.866666666666667,1.323333333333333,1.8,2.417166666666667,1
0.4,1.2635,2.966666666666667,2.945166666666666,2
1.333333333333333,1.553,0.9833333333333334,1.6135,2
1.866666666666667,1.256166666666667,1.7,1.227666666666667,4
0.7,1.357666666666667,3.616666666666667,2.243833333333333,0
0.7833333333333333,1.349166666666667,0.4,0.9313333333333333,4
0.7333333333333334,1.508333333333333,0.5,1.423666666666667,1
0,1.287,0.4,0.7243333333333334,3
0.6666666666666666,1.680833333333333,0.9,1.903666666666667,0
0.6666666666666666,0.8621666666666666,1,1.274,1
0.75,1.294833333333334,1.166666666666667,1.552333333333333,0
1.7,2.272,1.2,1.4495,6
0.5,0.845,0.3333333333333333,0.9968333333333333,1
0.3333333333333333,1.553166666666667,2.066666666666666,1.659166666666667,2
0.5,1.305666666666667,1.5,0.7701666666666667,1
4.066666666666666,2.832833333333333,2.666666666666667,2.562833333333333,7
2.716666666666667,2.250166666666667,3.666666666666667,2.277833333333333,1
1.2,1.149333333333333,0.4,0.9339999999999999,0
2,1.6665,1.366666666666667,1.954333333333333,0
1.166666666666667,2.094666666666666,0.8333333333333333,1.285333333333333,1
1,0.7411666666666668,0.25,1.4455,1
3.816666666666666,3.250333333333334,3.283333333333333,2.066166666666667,5
1.45,2.048166666666666,1.35,1.621333333333333,3
1.566666666666667,1.185166666666666,1.916666666666667,2.488666666666667,4
1.066666666666667,1.099333333333333,1.133333333333333,1.820333333333333,2
3.966666666666667,3.668666666666667,1.066666666666667,1.894333333333333,1
0,1.942666666666667,0.45,0.8483333333333334,0
0.7,0.8973333333333333,0.95,2.389166666666667,0
1.25,1.152333333333333,3.7,2.892166666666667,1
1.7,2.753333333333333,1.666666666666667,1.405666666666667,3
2.083333333333333,2.557333333333333,1.733333333333333,1.436,0
0.7833333333333333,1.03,1.2,1.576333333333333,0
2.45,2.133333333333333,0.8333333333333333,1.245833333333333,4
0,1.578166666666666,0.5,1.262333333333333,0
0.3333333333333333,1.0125,3.366666666666667,2.355166666666666,1
1.5,1.097666666666667,1.95,1.581,2
0.9,1.3715,2.1,1.622,0
1.583333333333333,2.329833333333333,2.483333333333333,2.3715,0
6.15,5.3365,0.25,1.176833333333333,1
1.583333333333333,0.8350000000000001,0.8,1.475333333333333,0
0.7833333333333333,0.5365,2.983333333333333,2.065666666666667,1
2.633333333333333,2.5545,0.8333333333333333,0.9661666666666667,1
3.733333333333333,3.313166666666667,2.416666666666667,1.815833333333333,0
1.566666666666667,1.029166666666667,0.25,1.461833333333333,1
1.733333333333333,1.386333333333333,4.116666666666667,4.013500000000001,1
1.65,2.01,0,0.9923333333333333,2
0.25,0.4463333333333334,1.366666666666667,1.266,0
0.8333333333333333,1.292666666666667,0.6666666666666666,0.5941666666666666,0
2.266666666666667,2.889666666666667,2.833333333333333,2.536833333333333,1
0.6666666666666666,1.696666666666667,1.7,2.220666666666667,1
1.2,1.467666666666667,1.733333333333333,2.320166666666667,2
1.2,1.595666666666667,1.65,1.726333333333333,1
0.95,0.9615,1.25,0.9285,3
2.383333333333333,2.2005,2.533333333333333,1.6855,1
1.033333333333333,0.6351666666666667,1,0.9558333333333333,0
1,1.3985,1.783333333333333,1.665166666666667,0
0.65,0.9316666666666665,5.233333333333333,3.633666666666667,2
1.2,1.647166666666667,0.8333333333333333,1.081,2
1.166666666666667,1.075166666666667,1.916666666666667,2.041833333333333,0
2.166666666666667,1.83,1.333333333333333,1.604,2
1.666666666666667,2.203166666666667,1.883333333333333,1.409666666666667,5
1.283333333333333,2.432166666666666,0.5,0.3566666666666667,1
3.933333333333334,2.643333333333334,1,1.498333333333333,0
1.366666666666667,1.177,1.666666666666667,1.199833333333333,1
0.9833333333333334,0.8734999999999999,2.833333333333333,2.367666666666667,2
5.083333333333334,4.796833333333334,1.733333333333333,2.213,3
1.666666666666667,1.816666666666667,3.033333333333333,2.007,1
1,0.9470000000000001,2.65,2.034666666666667,0
3.133333333333333,1.654166666666667,1.233333333333333,2.042833333333333,1
1.416666666666667,2.0975,0.8333333333333333,1.665666666666667,1
1.733333333333333,1.566166666666667,1.433333333333333,1.069333333333333,0
1.416666666666667,0.7956666666666667,1.833333333333333,2.4345,0
1.916666666666667,1.646333333333333,2.616666666666667,2.336833333333333,2
1.65,1.154666666666667,3.133333333333333,2.0645,0
0.6666666666666666,0.9283333333333332,1.2,1.4605,1
0.95,0.8160000000000001,1.4,1.695166666666667,1
1.75,1.758,1.866666666666667,2.081333333333333,1
2.033333333333333,2.103833333333333,2.25,2.331,4
1.5,2.078,0.8333333333333333,0.7783333333333333,0
3.316666666666667,3.220166666666667,1.5,0.962,1
1.633333333333333,1.4935,1.366666666666667,1.456,0
1.566666666666667,1.8965,3.116666666666667,2.312666666666667,2
1.7,1.905333333333334,2.733333333333333,1.8835,0
2.033333333333333,2.088333333333333,1.95,1.750333333333333,4
0.9833333333333334,1.422,1.5,1.286,0
0.9833333333333334,1.375,0.95,1.666333333333333,0
2.2,1.977833333333333,1.616666666666667,0.9391666666666667,2
4.65,3.818333333333333,1.45,0.9803333333333333,2
1,0.5875,0.7833333333333333,1.725333333333334,0
0.65,0.7708333333333334,1,1.986833333333333,1
1.366666666666667,1.122166666666667,3.033333333333333,2.193,0
1.983333333333333,1.411,0.5333333333333333,1.2395,2
1.566666666666667,1.221166666666667,3.433333333333334,2.711,1
0.5,0.8016666666666667,1.45,1.855666666666667,1
2.733333333333333,1.464,2.233333333333333,2.017,0
2.066666666666666,1.954166666666667,2.583333333333333,2.0865,3
2.183333333333334,1.3085,1.233333333333333,1.684833333333333,0
2.116666666666667,1.53,2.033333333333333,1.414,1
3.383333333333333,2.274333333333333,1.133333333333333,1.195666666666667,1
2.4,2.012,2.083333333333333,1.554166666666667,1
2.833333333333333,2.600333333333333,0.6,1.352333333333333,1
3.35,3.353166666666667,2.95,1.518666666666667,2
0.75,1.622166666666667,1.666666666666667,1.6135,1
2.066666666666666,2.275666666666667,1.366666666666667,1.573833333333333,0
2.033333333333333,1.987166666666667,0.95,1.707666666666667,4
0.3333333333333333,1.067333333333333,2.683333333333333,2.152333333333333,2
1.116666666666667,0.9543333333333333,0.2,1.352666666666667,2
0.75,0.7336666666666667,0.95,1.102166666666667,0
0.2,1.063833333333333,0.5,1.231166666666667,0
1.15,1.297166666666667,3.566666666666666,2.450666666666667,0
2.2,1.477166666666667,1.15,0.6123333333333334,1
3.1,2.584666666666667,2.166666666666667,1.479333333333333,3
1.25,1.260166666666667,0.3333333333333333,0.8215,1
0.5333333333333333,0.762,2.233333333333333,2.096166666666667,0
1.7,1.091333333333333,1.733333333333333,2.361,0
0,0.6708333333333334,3.066666666666666,2.190833333333333,1
1.033333333333333,2.2405,2.6,1.975166666666667,1
1.166666666666667,1.510833333333333,2.533333333333333,1.687,0
3.383333333333333,2.886,0.8333333333333333,1.3425,5
3.333333333333333,2.1115,0.6,0.9508333333333333,3
1.833333333333333,1.809666666666667,1,1.264333333333334,1
0.5333333333333333,1.3635,1.033333333333333,1.128,1
2.883333333333333,2.835666666666667,2.983333333333333,2.179166666666667,0
1.65,1.307833333333333,1.816666666666667,1.109666666666667,1
0.9166666666666666,1.406333333333333,1.733333333333333,1.812166666666667,0
2.316666666666666,1.37,1.083333333333333,1.635166666666667,0
1.633333333333333,1.252166666666667,0.65,1.4805,2
0.9,1.2305,3.966666666666667,2.846333333333334,0
1.416666666666667,1.244166666666667,3.716666666666667,2.852333333333333,3
2.816666666666667,4.498833333333334,2.016666666666667,1.5545,1
2.983333333333333,1.372166666666667,0.75,1.410333333333333,1
2.566666666666666,2.925,1.366666666666667,2.9105,2
1.366666666666667,1.130166666666667,0.7833333333333333,1.526666666666667,0
1.45,2.344666666666667,2.316666666666666,2.060333333333333,3
1.433333333333333,1.261166666666667,1.2,1.276,1
2.566666666666666,2.7795,0.9166666666666666,1.206666666666667,4
2.366666666666667,1.153333333333333,3.6,1.871166666666667,1
2.533333333333333,1.076666666666667,1.533333333333333,1.1175,4
1.583333333333333,1.17,1.833333333333333,2.864833333333333,0
2.283333333333333,3.188333333333334,1.866666666666667,1.945,0
0.7,1.0315,1.033333333333333,1.323833333333333,0
0.3333333333333333,0.9223333333333333,1.533333333333333,0.8656666666666666,0
1.666666666666667,2.410166666666667,1.366666666666667,1.5795,3
1.316666666666667,0.9609999999999999,1.083333333333333,1.225166666666667,0
1.233333333333333,0.7588333333333332,2.916666666666667,2.389333333333334,0
1.283333333333333,1.558666666666667,1.083333333333333,0.518,0
1.166666666666667,1.284333333333333,2.383333333333333,1.241833333333333,4
0.5833333333333333,0.6705,3.016666666666667,2.118,3
3.116666666666667,2.9745,0.7833333333333333,1.2345,1
2.383333333333333,1.9435,0.7333333333333334,1.835166666666667,2
2.183333333333334,2.666333333333333,1.816666666666667,2.624666666666667,4
0.5833333333333333,0.7196666666666667,0.3333333333333333,1.181333333333333,1
3.25,3.169333333333333,0.85,1.000666666666667,3
2.1,2.181833333333334,0.75,1.094,0
2.666666666666667,2.8145,3.233333333333333,2.5125,1
0.7,0.6789999999999999,0.4,1.6195,3
1.033333333333333,1.036666666666667,2.166666666666667,2.314333333333333,0
0.5,1.105833333333333,3.283333333333333,2.729,1
2.833333333333333,2.619,2.283333333333333,1.7695,1
0.7,1.005333333333333,0.95,0.7406666666666666,0
2.616666666666667,1.876333333333333,0.2,1.578666666666667,3
2.183333333333334,1.637333333333333,2.333333333333333,1.901333333333333,2
0.95,1.590666666666667,1.533333333333333,1.693333333333334,2
2.2,2.373166666666666,3.983333333333333,3.095333333333333,3
0.5,1.330666666666667,0.45,0.5706666666666667,0
1.7,1.606666666666667,1.583333333333333,1.588166666666667,1
0.45,0.7113333333333333,1.733333333333333,1.751,2
2.6,1.683833333333333,2.533333333333333,2.238833333333333,1
1.45,1.354833333333333,2.366666666666667,1.937,0
1.033333333333333,0.8811666666666668,1.7,1.039,0
4.733333333333333,3.461833333333334,2.183333333333334,2.268833333333333,1
2.033333333333333,1.615333333333333,1.15,1.070333333333334,3
0.95,1.101333333333333,4.033333333333333,2.5205,1
1.5,1.629,0.2,0.5818333333333333,0
1.2,0.8528333333333333,1.683333333333333,1.7015,0
1.966666666666667,1.935,1,0.7506666666666667,1
0.3333333333333333,1.128166666666667,1.616666666666667,2.521333333333333,0
0.5833333333333333,0.6288333333333334,2.233333333333333,2.336166666666667,2
1.533333333333333,1.2465,1.916666666666667,1.349,0
3.633333333333333,3.2365,2.033333333333333,1.573333333333333,0
2.75,2.005666666666667,1.5,1.458,1
2,1.8405,0.6666666666666666,1.564333333333333,2
4.216666666666667,3.47,1.416666666666667,1.753833333333333,2
1.383333333333333,1.622166666666667,2.766666666666667,2.751166666666666,0
0.75,0.8421666666666666,3.683333333333334,3.305166666666667,1
1.566666666666667,2.255833333333333,1.2,1.709833333333333,2
0.95,1.816833333333333,2.5,2.510666666666666,1
1.516666666666667,2.010333333333333,2.116666666666667,2.492166666666667,2
4.15,3.062333333333333,3.016666666666667,2.329,2
1.366666666666667,1.509666666666666,0.2,1.035166666666667,1
3.366666666666667,2.993833333333333,1.916666666666667,1.651333333333333,2
3.1,2.352666666666667,1.466666666666667,1.266666666666667,1
2.483333333333333,1.687833333333333,1,0.8888333333333334,0
1,1.082833333333333,1.45,1.161666666666667,0
2.316666666666666,1.592333333333333,1.95,1.776333333333333,4
0.8666666666666667,0.8141666666666667,0.65,1.9065,1
1.2,1.003833333333333,2.616666666666667,2.489166666666667,2
1.2,1.7875,1.933333333333333,1.299166666666667,0
0.3333333333333333,0.9904999999999999,1,0.6178333333333332,0
2.683333333333334,1.607666666666667,2.883333333333333,2.167,1
2.55,2.546166666666667,1.433333333333333,1.006833333333333,3
0.85,1.503333333333333,0.9,1.412833333333333,0
2.316666666666666,2.545666666666667,2.066666666666666,1.675666666666667,4
1.566666666666667,2.011666666666667,2.316666666666666,2.014166666666667,1
2.566666666666666,2.2245,1.566666666666667,1.822833333333333,1
1.583333333333333,1.486833333333333,3.166666666666667,3.111,1
1.983333333333333,1.739333333333333,0.9,1.315166666666667,0
0.7,0.8051666666666667,3.283333333333333,2.799333333333333,0
2.766666666666667,1.756666666666667,1.683333333333333,1.62,1
0.8333333333333333,1.747333333333333,2.333333333333333,1.297333333333333,1
3.833333333333333,3.676,2.666666666666667,2.365166666666667,1
4.166666666666666,2.307833333333333,2.416666666666667,2.362,0
1.333333333333333,1.532333333333333,1.283333333333333,1.017166666666667,1
3.033333333333333,2.613166666666666,1.033333333333333,2.351,1
2.233333333333333,2.3615,3.083333333333333,1.4295,3
2.066666666666666,1.123333333333333,0.5,1.256833333333333,3
0.5,1.335166666666667,1.666666666666667,1.920666666666667,1
0.25,1.055333333333333,1.833333333333333,2.076,1
1.95,1.733833333333333,2.733333333333333,2.673333333333333,1
1.616666666666667,1.573,2.083333333333333,1.4215,0
2,1.769,0.75,0.9041666666666666,0
1.116666666666667,1.405166666666667,2.25,1.895,0
3.85,2.929,1.483333333333333,2.325166666666667,1
0.6666666666666666,1.36,0.9833333333333334,1.628166666666667,1
2.033333333333333,1.256166666666667,2.733333333333333,1.742666666666667,1
2.083333333333333,1.661666666666667,1,1.212666666666667,1
0.25,0.4410000000000001,1,1.813,0
1.533333333333333,1.323333333333333,2.233333333333333,1.996166666666667,3
1.333333333333333,1.392166666666667,2.733333333333333,2.177666666666667,1
1.283333333333333,2.4515,2.033333333333333,2.0675,1
2.533333333333333,2.824166666666667,1.283333333333333,0.6716666666666666,2
1.733333333333333,1.852666666666667,1.766666666666667,1.635666666666667,1
4.033333333333333,3.081166666666667,1.25,1.263833333333333,0
1.283333333333333,2.373666666666667,3.883333333333333,3.662833333333333,1
1.833333333333333,1.506,1.6,1.651666666666667,1
0.8333333333333333,1.1345,1.033333333333333,2.042666666666666,0
2.4,1.830666666666667,2.283333333333333,1.467666666666667,0
1.333333333333333,2.275333333333333,1.55,0.8915,1
2.65,1.717333333333333,3.3,1.943833333333333,1
1.85,1.693333333333333,1.783333333333333,2.7275,0
2.8,2.082333333333333,1.983333333333333,1.4615,2
1.65,1.0935,3,2.030333333333333,0
1.233333333333333,1.318,3.333333333333333,2.0155,1
1.283333333333333,1.548,2.533333333333333,2.0085,2
1.783333333333333,1.305,1.883333333333333,1.468166666666667,1
2,1.448833333333333,3.45,2.379833333333333,2
1.783333333333333,1.537666666666667,0.8666666666666667,1.444166666666667,1
1.45,1.305833333333333,1.283333333333333,1.972,1
2.533333333333333,1.808166666666667,1.733333333333333,1.589,0
1.866666666666667,2.931166666666667,2.883333333333333,2.119,1
2.633333333333333,1.9715,1,0.9998333333333334,1
4.183333333333334,3.2275,1.783333333333333,2.511666666666667,3
1.65,1.510166666666667,1.283333333333333,1.6765,1
2.433333333333334,1.509833333333333,2.816666666666667,1.396833333333333,1
1.083333333333333,0.8756666666666666,1.866666666666667,1.862666666666667,0
1.616666666666667,1.114,2.45,2.390333333333333,1
2.333333333333333,1.537166666666667,0.5,0.7398333333333332,0
1,1.204,0.9166666666666666,1.2315,0
1.783333333333333,3.135666666666667,1,1.146333333333333,0
1.45,1.845333333333333,1.283333333333333,1.050666666666667,1
1.75,2.010833333333333,0.5833333333333333,0.9106666666666667,0
1.5,1.794833333333333,1.95,1.830666666666667,3
3.233333333333333,2.939666666666667,1.583333333333333,1.129333333333333,1
3.183333333333333,2.389666666666667,2.583333333333333,2.428333333333333,0
2.783333333333333,1.625666666666667,1.983333333333333,1.7535,0
0.9333333333333333,1.1225,1.866666666666667,2.218333333333333,0
1.283333333333333,2.186833333333333,2.516666666666667,1.808333333333333,4
1.533333333333333,1.864166666666667,3.933333333333333,2.989666666666666,3
1.45,1.445,1.966666666666667,1.491833333333334,1
1.633333333333333,1.449333333333333,2.45,2.341333333333333,0
1.983333333333333,2.538,2.366666666666667,3.689833333333334,4
2.95,2.215833333333333,0.9833333333333334,1.470333333333333,2
0.75,1.044333333333333,3.633333333333333,3.832333333333334,1
1.366666666666667,1.193666666666667,1.116666666666667,1.007666666666667,2
1.933333333333333,1.9105,1.45,1.611666666666667,2
0.5833333333333333,1.500833333333333,1.25,0.7666666666666666,0
4.133333333333333,2.3415,1.616666666666667,2.045833333333333,2
2.783333333333333,2.230333333333333,1.783333333333333,1.501666666666666,2
0.25,0.9116666666666666,3.833333333333333,2.62,0
1.783333333333333,1.048,1.616666666666667,1.195166666666667,0
0.4,0.8443333333333333,1.166666666666667,1.419833333333333,0
1.983333333333333,1.327,3.5,2.104833333333334,2
2.416666666666667,1.896,2.983333333333333,1.514333333333333,2
3.083333333333333,2.142166666666666,1.2,1.258666666666667,3
0.7,0.6298333333333334,1.616666666666667,2.278833333333333,0
3.116666666666667,2.752166666666667,1.333333333333333,1.337666666666667,3
3.316666666666667,1.972333333333333,2.233333333333333,1.799666666666667,0
1.816666666666667,2.304666666666666,2.533333333333333,2.1885,2
0,0.5888333333333333,2.116666666666667,1.486333333333334,1
1.9,2.636333333333333,0.7833333333333333,1.304,2
3.533333333333333,2.278333333333333,2.666666666666667,3.386833333333334,2
2.7,2.024333333333333,3.416666666666667,2.471333333333333,2
1.2,0.7355,2.866666666666667,1.6555,1
2.816666666666666,1.925833333333333,0.5,0.7733333333333334,3
0.2,0.7686666666666666,1.1,1.442666666666667,2
1.95,1.161333333333333,2.483333333333333,1.5725,1
1.333333333333333,2.457333333333334,3.25,1.696333333333333,3
2.366666666666667,2.031833333333333,1.033333333333333,1.3575,1
0.9,1.674333333333333,2.066666666666666,2.449333333333334,2
1.166666666666667,1.335833333333333,1.333333333333333,2.299166666666667,0
1.233333333333333,1.729666666666667,1.366666666666667,1.775833333333333,1
2.366666666666667,2.154833333333333,0.7333333333333334,1.254166666666666,0
2.7,2.954166666666667,1.083333333333333,1.423833333333333,3
3.45,2.74,0.9,1.077333333333333,1
1.283333333333333,1.252,1.65,2.104666666666667,1
0.75,1.067833333333333,2.05,2.027,1
2.716666666666667,1.6785,2.733333333333333,2.402166666666667,1
1.9,1.431666666666667,2.866666666666667,2.241333333333333,2
2.483333333333333,2.115166666666667,1.083333333333333,1.700166666666667,2
1.666666666666667,1.580833333333333,1.866666666666667,1.098666666666667,0
3,2.428666666666667,1.233333333333333,1.033,2
2.816666666666666,2.660833333333334,2.666666666666667,1.8145,0
1.583333333333333,1.0135,1.666666666666667,1.563333333333333,1
2.066666666666666,1.092333333333333,2.316666666666666,2.4935,1
0.8333333333333333,0.855,1.75,0.8786666666666666,0
2.516666666666667,1.448666666666667,1.45,1.572166666666666,0
1.083333333333333,1.068,1.2,1.442,0
1.416666666666667,1.710833333333333,1.616666666666667,1.544,0
0.9833333333333334,1.453166666666666,1.566666666666667,1.674833333333333,0
1.033333333333333,1.363666666666667,0.9833333333333334,1.85,2
1.783333333333333,1.358833333333333,1.083333333333333,1.276833333333333,1
0.9,1.7145,2.35,1.1675,1
2.45,1.877,3.483333333333333,2.982166666666667,1
4.6,4.156166666666667,2.583333333333333,2.125,4
3.683333333333334,2.619833333333333,0.8333333333333333,1.748833333333333,1
0.65,0.8928333333333334,1.95,2.293666666666667,0
2.266666666666667,1.719,1.283333333333333,2.151333333333334,0
3.65,2.31,0.9833333333333334,2.159166666666667,2
1.283333333333333,0.5841666666666667,3.4,1.934666666666667,2
0.9,1.2305,1.65,1.4535,1
1.983333333333333,1.810833333333333,0.8666666666666667,1.628666666666667,0
0.45,0.782,2.816666666666666,2.295,0
1.9,1.838166666666667,0.25,0.9350000000000001,1
0.5833333333333333,1.0235,1.35,0.5715,0
1.416666666666667,2.456666666666667,1.033333333333333,0.7058333333333333,0
0.9833333333333334,1.578666666666667,2.233333333333333,1.638166666666667,0
1.566666666666667,1.312166666666667,2.283333333333333,2.510333333333334,1
4.033333333333333,2.478166666666667,3.066666666666667,2.0195,1
0.45,0.9954999999999999,0.65,0.6946666666666667,1
1.15,1.142166666666667,0.5333333333333333,0.5166666666666666,1
0.9,1.129666666666667,1.35,2.038166666666667,0
1.166666666666667,1.374666666666667,2.533333333333333,1.757833333333333,0
1.616666666666667,1.082833333333333,1.8,1.4165,1
1.5,1.569,0.5333333333333333,1.362166666666667,4
0.95,1.007,2.083333333333333,2.358166666666667,2
0.8333333333333333,1.593,3.15,2.030666666666667,2
1.533333333333333,1.357333333333333,0.9,1.143833333333333,0
3.216666666666667,2.319833333333333,1,1.685333333333333,1
1.033333333333333,1.104666666666667,1,1.123,0
1,2.071166666666667,0.5833333333333333,1.095166666666667,0
1.483333333333333,2.1115,1.616666666666667,1.721666666666667,0
3.5,2.344833333333333,0.5833333333333333,0.694,1
