AG AXG AOGA AOXGA G
1.45,1.677,3.083333333333333,1.648666666666667,1
2.366666666666667,1.011333333333333,1.266666666666667,1.730833333333333,2
2.116666666666667,1.383666666666667,2,1.407333333333333,2
1.433333333333333,1.622166666666667,1.1,0.9901666666666668,2
0.5,1.190333333333333,0.9166666666666666,1.251333333333333,3
1.1,0.9143333333333333,2.766666666666667,1.925333333333333,2
0.65,0.6346666666666667,2.033333333333333,1.48,0
3,1.4765,2.7,1.864333333333333,2
1,1.089666666666667,0.7,0.8188333333333333,1
4.033333333333333,3.2085,1.2,1.291166666666667,2
2.2,1.348,2.666666666666667,2.401166666666667,2
2.983333333333333,2.478666666666667,0.9833333333333334,1.333,4
1.733333333333333,2.032,2.75,2.687666666666667,3
1,1.064166666666666,1.316666666666667,0.7063333333333333,1
1.416666666666667,1.576833333333333,0.65,0.7106666666666668,1
1.716666666666667,1.9665,0.9,0.8788333333333334,8
1.5,1.685,2.416666666666667,1.940833333333333,1
1.483333333333333,1.341,2.233333333333333,1.518666666666667,2
0.8333333333333333,0.8803333333333333,1.783333333333333,1.335,2
1.333333333333333,1.455,2.05,1.963166666666667,2
2.083333333333333,1.713333333333333,2.083333333333333,2.240333333333333,2
3.016666666666667,2.536166666666666,1.2,1.874,2
4.7,2.973333333333333,1.9,2.102,1
1,1.408,1.916666666666667,1.039166666666667,0
2.533333333333333,1.4585,2.066666666666666,1.491166666666667,2
2.616666666666667,1.7385,2.4,2.113166666666666,0
1.166666666666667,1.795666666666667,2.266666666666667,2.2845,2
1.083333333333333,1.7155,1.316666666666667,1.401666666666667,1
1.166666666666667,1.4495,1.516666666666667,1.4335,1
2.766666666666667,1.477,0.7,0.9644999999999999,1
1.65,1.865333333333333,3.516666666666667,2.662,2
1.833333333333333,1.6255,1.116666666666667,1.436,1
1.116666666666667,1.453666666666667,1.233333333333333,1.789,2
0.5,1.086666666666667,2.166666666666667,1.679,0
1.866666666666667,1.786166666666666,3.8,2.363666666666667,3
2.266666666666667,1.813,1.9,1.979666666666666,2
2.95,1.847666666666667,1.166666666666667,1.549166666666667,0
1.566666666666667,0.7848333333333334,0.45,1.058666666666667,0
3.133333333333333,3.1155,1.616666666666667,1.490666666666667,1
0,0.9368333333333333,2.533333333333333,2.1595,1
1.733333333333333,1.852,3.916666666666667,2.123666666666666,1
1.15,1.048666666666667,1.083333333333333,1.226833333333333,1
0.9833333333333334,1.487,1,1.838166666666667,1
1.233333333333333,1.534833333333333,3.066666666666666,1.320666666666667,1
2.816666666666666,2.179666666666666,2.816666666666666,2.422833333333333,0
2.833333333333333,2.5675,1.816666666666667,1.372833333333333,2
1.666666666666667,1.320833333333333,0.9166666666666666,1.959666666666666,2
2.1,1.023666666666667,0.7333333333333334,1.2815,1
1.783333333333333,2.71,2.183333333333334,1.5745,1
1.866666666666667,1.209666666666667,0.7333333333333334,1.2825,0
1.316666666666667,1.575833333333333,0.9,0.9041666666666668,2
2.066666666666666,2.217833333333333,2.35,2.606333333333333,1
2.033333333333333,1.491333333333333,2.266666666666667,2.198166666666667,1
2.383333333333333,2.921666666666667,0.9,1.817833333333333,2
0,1.0625,2.933333333333334,2.026166666666667,0
1.85,1.707333333333333,1.116666666666667,2.116333333333333,2
2.316666666666666,2.183166666666667,1.9,1.4435,2
2.4,3.130833333333333,0.9833333333333334,1.428166666666667,1
1.033333333333333,1.133166666666667,1.733333333333333,2.085333333333333,3
0.4,0.5166666666666667,2.633333333333333,1.85,1
0.3333333333333333,0.9415,0,0.7581666666666667,1
0.65,0.7336666666666667,1.666666666666667,1.071333333333333,0
1.4,1.711833333333334,0.2,0.9296666666666666,1
1.566666666666667,1.037833333333333,1.983333333333333,1.2695,1
0.8333333333333333,0.8526666666666667,2.033333333333333,1.475166666666667,1
1.533333333333333,1.5105,1.583333333333333,2.057666666666667,3
1.316666666666667,1.1115,1.316666666666667,1.133666666666667,3
1.533333333333333,1.488666666666667,1.4,1.722333333333333,1
1.083333333333333,0.8855,0.7833333333333333,0.7171666666666667,0
1.616666666666667,1.517666666666666,1.566666666666667,1.8085,0
2.033333333333333,2.549666666666667,1.033333333333333,1.2145,2
1.416666666666667,1.992666666666667,0.5,0.9278333333333334,1
1,1.697,1.7,1.7365,1
2.416666666666667,1.697666666666667,1.816666666666667,1.707666666666667,2
1.333333333333333,1.318,2.233333333333333,2.416333333333333,2
1.7,1.499,1.233333333333333,2.319666666666667,0
0.2,0.4945000000000001,1.066666666666667,1.489,1
1.566666666666667,2.777166666666667,1.533333333333333,1.264833333333333,3
1.416666666666667,1.635,2.616666666666667,2.26,1
0.85,1.085166666666667,0.8333333333333333,1.331,1
1.683333333333333,2.507666666666666,1.833333333333333,1.628666666666667,1
1.15,1.091333333333333,0.2,0.6168333333333333,2
1.4,1.860333333333333,1.083333333333333,1.454333333333333,2
1.15,1.673333333333333,0.9,0.8156666666666668,3
1.366666666666667,1.317666666666667,1.283333333333333,1.011166666666667,0
0.75,0.5676666666666667,2.233333333333333,2.203833333333333,0
2.283333333333333,1.5635,2.2,1.209833333333333,0
3.9,2.135,1.616666666666667,0.9086666666666666,1
1.583333333333333,1.562666666666667,1.033333333333333,1.819333333333333,3
1.083333333333333,0.8528333333333333,2.9,2.067833333333333,2
0.65,0.9686666666666666,0.75,1.301666666666667,1
0.9833333333333334,1.690166666666667,2.283333333333333,1.9485,1
1.9,2.717333333333333,1.483333333333333,1.831166666666667,2
0.85,1.523166666666667,2.316666666666666,2.330166666666667,1
0.3333333333333333,1.098,0.95,1.521166666666667,1
0.3333333333333333,0.7071666666666667,1.233333333333333,1.3985,1
1.333333333333333,1.581333333333333,0.5333333333333333,0.7236666666666667,0
1.783333333333333,2.465,1.083333333333333,1.661666666666667,4
2.816666666666666,1.735166666666667,0.9333333333333333,1.062333333333333,3
1.616666666666667,1.570333333333333,1.45,1.578833333333333,1
0.9833333333333334,1.220166666666667,1.366666666666667,1.964333333333333,3
2.433333333333334,2.001,0.95,1.1095,3
2.2,1.671666666666667,2.516666666666667,2.146,2
1.4,0.9835,1.116666666666667,1.869666666666667,2
1.766666666666667,1.825166666666667,0.7,0.8536666666666667,3
0.3333333333333333,1.7675,1.483333333333333,1.536,3
1.116666666666667,1.0605,0.5833333333333333,1.9135,1
0.25,0.5376666666666666,2.2,1.571166666666667,0
1.416666666666667,1.266666666666667,1.5,1.067,0
0.95,1.822,1.5,1.509833333333333,2
1.75,1.781833333333333,0.6666666666666666,0.9951666666666666,0
2.516666666666667,2.015666666666667,0.7833333333333333,1.308666666666667,2
1.033333333333333,0.9143333333333334,2.2,1.2905,0
1.483333333333333,1.843,1.083333333333333,1.4275,1
1.033333333333333,1.686166666666667,1.366666666666667,1.652666666666667,1
1.533333333333333,1.677,0.2,0.6795,1
1.2,0.9035,2.233333333333333,1.778666666666667,0
0.3333333333333333,0.9991666666666666,1.033333333333333,1.107333333333333,1
2.4,1.717,2.283333333333333,2.562666666666667,3
0.45,0.9504999999999999,1.433333333333333,1.5265,1
3.033333333333333,2.150666666666667,2.4,1.523,2
2.166666666666667,1.6445,1.033333333333333,1.541833333333333,0
2.7,2.180166666666667,0.4,0.7746666666666666,1
2.15,2.157166666666666,2.75,1.537,0
1.5,0.9346666666666665,2.316666666666666,1.841833333333333,0
2.95,2.2525,1.566666666666667,1.8805,2
0.7333333333333334,1.366833333333333,1.75,1.0795,0
1.516666666666667,1.354833333333333,2.016666666666667,1.785,1
1.35,1.561666666666667,2.5,2.212166666666667,2
1.15,1.348,1.95,2.129166666666666,3
1.166666666666667,1.5745,1.1,1.593166666666667,4
1.533333333333333,1.374166666666667,0.5833333333333333,1.307333333333333,1
2.95,1.9735,1.2,1.010666666666667,3
2.033333333333333,1.611333333333333,1.833333333333333,1.836166666666667,3
1.283333333333333,1.538166666666667,2.4,2.466833333333333,1
2.25,1.592833333333334,1.533333333333333,1.479666666666667,2
1.2,1.244833333333333,2.75,2.1115,1
0.25,0.9973333333333334,1.95,1.170833333333333,0
1,1.442166666666667,2.783333333333333,2.068166666666666,2
2.833333333333333,2.700666666666667,1.366666666666667,1.901833333333333,2
1.566666666666667,1.486833333333333,0.5,0.6088333333333333,5
1.45,1.549333333333333,1.733333333333333,1.180833333333333,0
1.283333333333333,1.623333333333333,1.666666666666667,2.7045,1
1.15,1.933333333333334,0.7833333333333333,1.17,1
2.366666666666667,1.4345,1.4,1.755,2
2.733333333333333,2.870833333333333,3.116666666666667,2.087666666666667,2
0.6666666666666666,1.209166666666667,1.916666666666667,1.622,1
1.583333333333333,1.1045,0.45,0.9373333333333334,1
0.25,0.647,1.95,2.767833333333333,2
1.566666666666667,2.23,0.9,1.460833333333333,3
1.45,1.897333333333333,0.5833333333333333,0.8133333333333332,0
0,1.214833333333333,0.9166666666666666,0.8603333333333334,0
2.5,2.010333333333334,1.1,1.285833333333333,2
1.616666666666667,1.887333333333333,1.833333333333333,1.987,0
1.033333333333333,2.249833333333334,1.033333333333333,1.4785,0
1.283333333333333,1.711666666666667,1.916666666666667,1.026166666666667,0
2.566666666666667,1.561166666666667,2.1,2.6245,2
1.95,1.245166666666667,0.45,1.084333333333333,1
1.083333333333333,1.1145,0.95,1.027,3
2.6,2.7325,1.116666666666667,1.524833333333333,0
1,1.2645,1.433333333333333,1.3125,0
0.5,1.177333333333333,2.816666666666666,1.204,0
2.633333333333333,2.7435,0.9833333333333334,1.678666666666667,2
1.25,1.861166666666667,1,1.504833333333333,3
1.15,1.095833333333333,1.916666666666667,2.001,3
1,1.098333333333333,2.983333333333333,1.422166666666667,2
0.5833333333333333,0.912,1.916666666666667,2.762833333333333,0
2.166666666666667,1.429333333333333,1.433333333333333,1.435333333333333,0
4.116666666666667,2.8215,2.233333333333333,1.498666666666667,1
2.4,2.386166666666667,1.333333333333333,1.875,5
2.033333333333333,1.310166666666667,3.883333333333333,3.289333333333333,0
3.416666666666667,1.574,0.4,1.123666666666667,2
0,1.068833333333333,1.5,0.9864999999999999,1
0.95,0.9275,1.516666666666667,2.251,1
1.15,1.127166666666667,1.416666666666667,1.548,0
1.35,1.745166666666667,2.75,1.538666666666666,1
0.95,1.927,0.8333333333333333,0.8841666666666667,0
0.75,1.606166666666667,0.4,0.7538333333333334,0
1.766666666666667,1.9145,1.7,1.494666666666667,2
2.433333333333334,0.8891666666666668,1.45,1.440166666666667,1
1.45,1.497166666666667,0.95,1.072,1
3.266666666666667,2.028166666666666,1.75,1.387,2
1.416666666666667,1.053333333333333,2.4,1.568,0
0.5,1.08,3.366666666666667,2.205666666666667,2
1.366666666666667,2.097,1.15,1.557,3
2.983333333333333,1.812666666666667,0.2,1.275333333333333,1
1.75,0.63,1.533333333333333,1.364166666666667,1
2,1.813,2.616666666666667,2.380833333333333,3
1.2,1.362833333333333,1.366666666666667,1.78,0
1.65,1.612833333333333,1.4,0.7635,1
1.2,1.751,1.95,1.559333333333333,2
0.3333333333333333,0.7941666666666666,2.583333333333333,1.689333333333333,1
2.416666666666667,1.640833333333333,3.266666666666667,2.241,1
1.433333333333333,1.210166666666667,1.166666666666667,1.116166666666667,1
1.033333333333333,1.666666666666667,1.416666666666667,1.219666666666667,0
0.5833333333333333,0.947,1.083333333333333,1.496,2
1.333333333333333,1.203166666666667,1.483333333333333,1.732,2
2.583333333333333,1.7395,1.233333333333333,0.8718333333333335,5
2.816666666666666,1.802666666666667,0.8333333333333333,1.897333333333333,2
0.25,1.069666666666667,2.283333333333333,1.800666666666667,2
0.7333333333333334,1.6535,1,1.196666666666667,0
1.25,1.441833333333333,1.533333333333333,1.653666666666667,1
1.166666666666667,1.0845,1.2,0.7028333333333333,1
2.183333333333334,1.021,1.35,0.5845,1
1.183333333333333,0.5311666666666667,3.166666666666667,1.642,1
1.333333333333333,1.416666666666667,1.416666666666667,1.326,0
2.35,1.9255,0.9166666666666666,1.213333333333333,2
2.4,1.986,0.7833333333333333,0.7595,2
2.916666666666667,2.3095,1.333333333333333,1.802,2
0.5333333333333333,0.7086666666666667,0.4,0.8533333333333333,2
1.366666666666667,1.006833333333333,1.7,2.246166666666666,1
0.2,1.192,1.416666666666667,1.604333333333333,1
1.366666666666667,1.588166666666667,0.95,0.8511666666666666,0
3.366666666666667,2.341333333333333,2.516666666666667,2.2155,2
0.95,0.7896666666666667,1.116666666666667,1.118166666666667,0
1.616666666666667,1.054833333333333,1.916666666666667,1.794666666666667,2
2.766666666666667,2.248,1.033333333333333,1.1405,3
1.366666666666667,0.9998333333333334,0.9833333333333334,1.394333333333333,1
2.416666666666667,1.516333333333333,1.983333333333333,2.133333333333333,2
1.333333333333333,0.7468333333333335,2.616666666666667,1.947666666666667,1
1.45,1.229333333333333,2.166666666666667,2.667833333333333,3
2.566666666666666,2.422333333333333,2,2.354333333333333,3
0.9166666666666666,1.132666666666667,1.083333333333333,1.0465,0
1.233333333333333,0.9838333333333333,1.05,0.8088333333333333,1
0.5,1.242,1.733333333333333,1.243,0
0.45,0.9575,0.8666666666666667,0.5591666666666667,1
1.483333333333333,2.152333333333333,0.8333333333333333,0.7593333333333334,1
0.5,0.9878333333333332,1.95,2.070166666666666,3
2.016666666666667,2.549833333333333,2.266666666666667,2.091166666666666,3
1.833333333333333,1.173,0.7333333333333334,1.096166666666667,0
1.916666666666667,2.511833333333333,0.6666666666666666,1.025,3
2.866666666666667,1.6285,1.7,2.079,0
1.816666666666666,1.946833333333333,1.566666666666667,2.364833333333333,4
0.8333333333333333,1.977333333333333,1.116666666666667,1.723833333333333,2
1.316666666666667,0.8956666666666667,1.483333333333333,1.616833333333333,1
0.25,1.068166666666667,0.5333333333333333,0.8911666666666667,1
0.65,1.491166666666667,2.833333333333333,1.995333333333333,1
2.066666666666666,1.615833333333333,0.4,0.7771666666666667,1
0.7333333333333334,1.291333333333333,0.75,1.671166666666667,2
1.283333333333333,0.753,1.566666666666667,1.499166666666667,1
2.9,2.262166666666666,1.2,1.067666666666667,4
2,1.352333333333333,0.5333333333333333,1.903833333333333,1
1.9,1.995,1.85,2.101666666666667,2
2.65,1.988833333333333,0.95,1.520166666666666,3
1.2,1.556166666666666,1.95,1.0475,3
0.7833333333333333,1.1555,2.9,2.242333333333333,1
2.283333333333333,2.346333333333333,1.333333333333333,1.568,2
0.3333333333333333,0.865,3.15,2.220333333333333,0
0.25,0.7881666666666667,2.25,1.704833333333333,1
2.6,2.075833333333334,0.7333333333333334,0.679,2
1.9,1.167333333333333,2.316666666666666,2.419,3
2.233333333333333,1.635333333333333,0.7333333333333334,1.138833333333333,1
0.7,0.9584999999999999,1.283333333333333,1.761833333333334,1
1.116666666666667,1.8085,2.7,1.384333333333333,2
0.8333333333333333,1.715333333333333,1.916666666666667,2.685666666666667,1
1.733333333333333,1.709833333333333,2.75,1.944,0
0.95,1.747,2.233333333333333,2.759833333333333,2
0.25,1.229,1.033333333333333,1.125666666666667,0
3.283333333333333,1.519833333333333,1.416666666666667,1.3295,0
3.116666666666667,1.9955,1.25,1.029,4
1.483333333333333,1.476666666666667,2.116666666666667,1.568,2
1.933333333333333,1.422,1,1.463666666666667,1
3.766666666666667,2.595833333333333,3.583333333333333,2.515833333333333,0
2.916666666666667,2.779666666666667,1.033333333333333,1.256666666666667,2
1.083333333333333,0.9483333333333335,0.5333333333333333,1.6105,2
2.116666666666667,2.384666666666667,1.583333333333333,1.165333333333333,1
2.083333333333333,2.7295,1.766666666666667,2.216666666666667,2
0.25,0.8611666666666666,1.85,1.819333333333333,1
1.566666666666667,1.9865,1.433333333333333,1.678166666666667,2
2.2,1.447166666666666,1.833333333333333,2.189666666666667,0
0.7,0.992,1.583333333333333,1.947,2
1.916666666666667,1.361833333333333,1.833333333333333,1.062166666666666,0
1.783333333333333,1.812666666666667,3.05,1.991666666666667,1
0,1.3375,1.716666666666667,1.809333333333333,0
2.233333333333333,2.575833333333334,2.75,1.983,0
2.516666666666667,2.871166666666666,1.95,1.661666666666667,3
1.483333333333333,1.883,1.616666666666667,1.351166666666667,3
2.933333333333334,1.919166666666667,0.65,0.9640000000000001,0
1.65,1.930666666666667,1.4,0.986,1
2.316666666666666,2.577166666666666,0.2,1.032666666666667,1
1.933333333333333,1.687166666666667,3.2,1.945166666666667,3
0.7,1.2895,1.283333333333333,1.610166666666667,2
2.283333333333333,1.266166666666667,0.25,1.109333333333333,3
1.083333333333333,1.612166666666667,1.866666666666667,1.407333333333333,2
2.35,1.66,1.483333333333333,2.351333333333334,2
0.45,1.194666666666667,1.083333333333333,1.775166666666667,1
1.6,1.682666666666667,1.55,2.056166666666666,0
1.95,1.514833333333333,2.116666666666667,1.800333333333333,1
2,1.162666666666667,2.4,1.627666666666667,0
1.366666666666667,1.527333333333333,0.45,1.1495,1
2.45,1.818,1.833333333333333,1.919166666666667,0
1.333333333333333,1.221333333333333,1.283333333333333,2.858666666666667,0
3.016666666666667,1.669,0.7,1.7705,1
2.483333333333333,3.034,2.166666666666667,1.879666666666667,2
0.9166666666666666,1.068666666666667,0.6,2.378,1
1.033333333333333,1.559666666666667,1.616666666666667,1.775333333333333,3
0.8,1.498333333333334,2.15,1.1595,1
2.4,2.166166666666666,1.85,2.022333333333333,6
1.7,1.729166666666667,0.8333333333333333,0.6378333333333333,1
2.55,2.426166666666667,1.366666666666667,1.487166666666667,0
1.033333333333333,1.097833333333333,1.416666666666667,0.9631666666666665,6
0.3333333333333333,1.291,2.85,2.745833333333334,2
2.116666666666667,1.929,0.75,1.116333333333333,0
1.1,1.3725,1.5,1.900333333333333,2
0.3333333333333333,1.508,2,1.5195,1
0.5,1.567833333333333,1.116666666666667,1.660333333333333,0
1.166666666666667,1.840333333333333,2.233333333333333,2.405,1
1.916666666666667,1.439833333333333,0.5,1.498,2
1,2.188833333333333,0.8333333333333333,0.6761666666666666,1
1.233333333333333,0.9791666666666666,0.75,1.169,3
1.25,2.113166666666667,0.45,1.3775,0
1.983333333333333,1.588333333333333,0.45,2.310666666666667,0
1.183333333333333,1.414,0.2,1.538666666666667,3
1.833333333333333,1.633666666666667,2.4,2.156666666666666,1
0.9333333333333333,2.261666666666667,0.3333333333333333,1.762833333333333,4
2.1,1.981,1.65,2.008833333333333,0
0.45,1.205166666666666,1.683333333333333,1.177666666666667,0
1.616666666666667,2.014166666666667,3,3.574833333333333,5
4.85,3.613833333333333,2.066666666666666,1.742666666666667,2
1.233333333333333,1.900833333333333,1.333333333333333,2.104333333333333,2
1.2,2.103333333333333,2.283333333333333,1.4235,6
3.15,1.2205,1.4,2.329166666666667,2
1.583333333333333,1.360166666666667,0.2,0.6194999999999999,2
0,0.502,0.6666666666666666,1.066,1
1.916666666666667,1.468166666666667,0.75,1.571166666666667,0
1.833333333333333,1.108666666666667,2.016666666666667,2.220666666666667,2
0.65,1.238666666666667,1.783333333333333,1.156166666666667,2
1.316666666666667,1.357333333333333,1,1.603666666666667,0
2.266666666666667,2.888,1.4,1.623666666666667,1
1.15,2.211166666666667,1.483333333333333,2.576166666666666,1
1,1.840333333333333,1.166666666666667,0.9923333333333333,2
0.7,1.454166666666667,1.95,1.389333333333333,1
1.033333333333333,1.874666666666667,1,0.9526666666666667,4
1.75,2.107666666666667,0.7833333333333333,1.842333333333333,3
1.2,1.083333333333333,1.85,1.398333333333333,2
2.45,1.461,1,1.363833333333333,2
0.8333333333333333,1.691333333333333,2.4,1.1055,3
2.75,1.881666666666667,2.033333333333333,1.686166666666667,3
3.016666666666667,1.6125,1.783333333333333,1.935,2
0.5,0.9105,1.9,1.616833333333333,2
1.333333333333333,1.519333333333333,1.283333333333333,2.014,0
1.15,0.9576666666666667,0.7333333333333334,1.466,2
0.9,1.973,1.5,1.939833333333333,2
1.9,1.429833333333333,1.866666666666667,2.1285,0
1.616666666666667,0.8098333333333334,1.233333333333333,1.984333333333333,1
1.483333333333333,2.861833333333333,2.366666666666667,1.997166666666667,6
2.083333333333333,1.342166666666667,3.866666666666667,2.634833333333333,1
0.4,1.032333333333333,1.333333333333333,1.980333333333333,2
2.116666666666667,1.766,1.5,1.4905,1
2.25,2.173,2.683333333333334,1.190666666666667,1
0.9,1.315666666666667,0.5,1.368,2
3.2,3.7855,1.316666666666667,1.479833333333334,3
2.783333333333333,1.907,2.016666666666667,1.328666666666667,0
3,1.968666666666667,3.066666666666667,2.3675,2
0.9166666666666666,0.7961666666666667,2.7,2.388666666666666,1
1.866666666666667,1.346166666666667,2.35,1.535833333333334,2
1.333333333333333,2.058,1.916666666666667,1.892333333333333,1
2.1,2.045166666666667,2.2,2.027666666666667,0
3.783333333333333,3.554666666666667,1.766666666666667,1.580166666666667,5
1.2,1.334,1.166666666666667,1.538833333333333,0
1.416666666666667,1.154833333333333,2.116666666666667,2.919666666666667,6
1.333333333333333,1.173333333333333,1.233333333333333,1.9035,0
0.5,1.0785,1.916666666666667,1.959833333333333,1
2.566666666666666,2.9885,1.7,1.843166666666667,1
3.066666666666666,2.876666666666666,1.5,1.257666666666667,2
2.033333333333333,1.522833333333333,1.416666666666667,1.744333333333333,0
1.733333333333333,1.883333333333333,2.283333333333333,2.66,0
3.75,3.199333333333334,2.333333333333333,1.668666666666667,2
0.6666666666666666,1.0675,3.9,2.3755,3
1.483333333333333,0.9305,0.9166666666666666,1.119666666666667,1
2.85,2.141666666666667,2.233333333333333,1.189166666666667,0
1.283333333333333,1.621666666666667,2.183333333333334,2.253333333333333,1
1.816666666666667,1.372,1.15,1.454666666666667,1
1.033333333333333,1.4455,0.75,1.080166666666666,0
3.366666666666667,2.8735,3.4,2.745,2
2.65,1.845,1.2,1.067333333333333,0
1.7,1.509833333333333,0.9,0.8063333333333333,0
1.25,0.9688333333333333,1.733333333333333,1.478,2
1.233333333333333,1.739333333333333,1.916666666666667,1.685,2
1.35,1.161666666666667,1.433333333333333,2.468333333333333,6
2.516666666666667,1.975,4.816666666666666,3.9005,2
3.8,2.668666666666667,2.516666666666667,1.8935,3
0.7833333333333333,0.8608333333333333,2.7,2.484333333333333,0
2.733333333333333,2.859166666666667,0.95,1.560833333333333,2
0.75,0.903,1.9,2.021333333333334,2
1.2,1.499333333333333,2.483333333333333,2.105166666666666,1
1.816666666666666,1.639666666666666,2.616666666666667,2.095333333333333,1
2.4,1.784333333333333,1.033333333333333,1.383166666666667,0
0.45,1.591833333333333,2.766666666666667,1.192666666666667,1
0.8333333333333333,0.8996666666666667,0.95,0.9535,0
3.516666666666667,3.049833333333334,1.233333333333333,0.6623333333333333,1
2.033333333333333,1.088666666666667,1.083333333333333,1.383666666666667,1
1.666666666666667,1.355,0,0.8158333333333332,1
0.5,0.8196666666666668,3.416666666666667,2.436166666666667,2
1.816666666666667,1.970666666666667,0.5,1.293,0
1.116666666666667,1.5735,0.75,0.6841666666666667,2
1.7,1.475,1.566666666666667,1.359,0
2.75,1.550833333333333,1.9,1.826,4
0.9833333333333334,1.292666666666667,2.116666666666667,1.959166666666667,1
1.666666666666667,2.731166666666667,1.583333333333333,1.179666666666667,1
2.75,1.8105,1.616666666666667,1.586,4
1.2,1.014333333333333,2.7,2.454333333333333,0
1.6,1.536,0.4,1.221333333333333,2
0.45,0.5225000000000001,1.666666666666667,1.4925,2
1.2,1.403833333333333,1.233333333333333,1.173666666666666,3
0.6666666666666666,0.9163333333333333,2.1,2.789333333333333,5
1,1.827,0.7,1.0085,3
3.116666666666667,2.9805,0.5,1.228666666666667,1
4.083333333333334,2.884333333333333,1.483333333333333,0.7406666666666667,0
1.233333333333333,0.9131666666666667,1.916666666666667,2.235166666666667,1
3.283333333333333,2.376,2.283333333333333,1.96,1
0.5833333333333333,0.9984999999999999,1.533333333333333,0.6073333333333334,1
0.5833333333333333,1.275166666666667,2.033333333333333,1.772333333333334,2
0.6666666666666666,0.9670000000000001,1.15,1.205833333333333,0
2.483333333333333,1.7915,1.233333333333333,2.218,2
1.566666666666667,0.9924999999999999,0.7833333333333333,0.9843333333333333,1
1.683333333333333,2.467666666666667,1.45,1.548333333333333,3
1.666666666666667,1.361333333333334,2.483333333333333,2.104833333333334,0
1.15,1.538666666666667,3.433333333333333,2.278833333333333,1
0.5333333333333333,1.2655,2.816666666666666,1.352,0
0.75,0.8953333333333333,1.033333333333333,0.9088333333333334,2
4.283333333333333,2.050833333333333,1.083333333333333,1.449666666666667,1
0.5333333333333333,0.7816666666666667,1.7,1.356333333333333,1
1.25,1.525166666666667,2.533333333333333,2.139166666666667,2
1.416666666666667,1.434166666666667,1.566666666666667,1.288666666666667,0
2.566666666666667,1.5,1.75,1.594166666666667,1
0.7833333333333333,1.343,0.6666666666666666,0.9101666666666667,0
2,1.790833333333333,0.5833333333333333,1.328833333333333,2
1.166666666666667,1.142666666666667,1.533333333333333,1.361166666666667,0
1.533333333333333,1.983666666666667,1.483333333333333,1.8135,2
1.7,1.662,2.416666666666667,2.0775,1
2.983333333333333,2.527833333333333,0.7,0.956,2
1.983333333333333,1.200166666666667,1.65,2.102166666666667,1
0.5833333333333333,1.850333333333333,1.533333333333333,1.505666666666666,0
0.8666666666666667,2.0405,0.7833333333333333,1.471166666666667,1
0.7,2.193666666666667,1.5,2.134166666666666,3
2.383333333333333,2.535166666666667,0.75,1.734,2
1.15,2.096666666666667,1.616666666666667,2.757,1
1.916666666666667,1.263166666666667,2.883333333333333,2.721833333333333,1
2.116666666666667,2.3765,1.866666666666667,0.9471666666666667,3
0.9,1.2105,1.05,2.383166666666667,0
2.45,2.439666666666667,2.216666666666667,1.984,2
1,2.488833333333333,1.866666666666667,1.081,2
0.3333333333333333,1.074,2.116666666666667,2.2195,1
1.583333333333333,1.426833333333333,1.533333333333333,2.167833333333333,3
1.15,1.099666666666667,0.2,1.722333333333333,1
2.516666666666667,1.948,0.95,2.084666666666667,0
1.833333333333333,2.740166666666667,0.4,0.8588333333333333,2
0.8666666666666667,1.388,1.533333333333333,1.908666666666667,1
1.766666666666667,1.375666666666667,2.583333333333333,2.929666666666667,4
1.866666666666667,1.477166666666667,2.683333333333334,2.147166666666666,0
0.45,1.674666666666667,0.95,1.303666666666667,4
1.033333333333333,1.016333333333333,1.083333333333333,1.440833333333333,1
2.65,2.427333333333333,0.7,1.187166666666667,1
0.9166666666666666,0.8461666666666666,1.533333333333333,1.838666666666667,2
1.116666666666667,1.4205,1.1,1.185333333333333,0
1.616666666666667,2.296666666666666,0.6666666666666666,1.6735,3
1.766666666666667,1.795,0.5833333333333333,1.264833333333333,2
0.5833333333333333,1.826166666666667,2.033333333333333,1.677833333333333,0
0.5,1.055833333333333,1.116666666666667,1.4445,2
2.1,1.551166666666667,1.816666666666667,1.682,0
1.033333333333333,1.477333333333333,1.9,1.258333333333333,0
1.333333333333333,1.506,1.15,1.0755,2
1.15,1.576333333333333,2,2.2685,2
1.9,2.552666666666667,1.283333333333333,1.922666666666667,1
1.15,1.2245,1.45,2.270666666666667,0
0.45,1.7515,0.4,0.9213333333333333,2
1.7,1.138,1.7,1.806166666666666,1
0.5833333333333333,1.086,1.983333333333333,1.486,3
2.116666666666667,2.031166666666667,1.033333333333333,1.332,1
0.7,1.256166666666667,1.316666666666667,1.683666666666667,0
2.533333333333333,2.552166666666666,0.9,1.2325,1
0.2,1.324333333333333,1.4,0.9770000000000001,3
0.95,0.7025,1.7,1.941166666666667,1
0.4,1.338833333333334,0.5833333333333333,1.988166666666667,1
1.333333333333333,1.695166666666667,2.166666666666667,1.120166666666667,2
2.533333333333333,1.763666666666667,0.95,1.3495,3
0.75,0.8231666666666667,2.433333333333334,2.227333333333334,2
2.6,2.6115,1.15,1.293833333333333,2
2.2,1.935666666666667,2.433333333333333,1.652666666666667,0
0.5833333333333333,1.959333333333333,1.2,1.449833333333333,3
2.316666666666666,1.453166666666667,0.65,1.829666666666667,0
1.433333333333333,1.482833333333333,2.383333333333333,1.784833333333333,4
1.466666666666667,2.0765,1.5,1.2815,4
1.5,1.675333333333333,0.95,1.652833333333333,2
2.05,1.9985,1.533333333333333,1.358666666666667,3
2.4,2.128,1.333333333333333,1.645333333333333,3
0.5,1.044,2.1,1.472,3
1.033333333333333,0.7503333333333333,0.2,1.7285,1
1.95,1.931833333333334,2.233333333333333,1.546,0
3.233333333333333,1.557666666666667,2.3,1.534333333333333,0
1.533333333333333,0.9995000000000001,2.566666666666666,1.6405,1
0.9833333333333334,0.9608333333333334,2,1.716833333333333,4
0,0.7738333333333334,1.283333333333333,0.9126666666666667,1
2,1.851666666666667,0.65,0.9825,0
0.8333333333333333,2.041166666666667,1.433333333333333,1.238333333333333,3
1.366666666666667,1.288333333333334,1.65,1.703333333333334,0
2.583333333333333,1.426,1.4,1.891833333333333,1
0.45,0.7785,1.95,2.229166666666667,2
2.4,1.810833333333333,0.25,0.8378333333333332,2
2.35,1.548333333333333,1.833333333333333,1.678,1
1.65,2.146833333333333,2.166666666666667,1.435833333333334,0
0.95,1.695166666666667,0.2,0.5636666666666666,0
2.083333333333333,2.4755,3.483333333333333,1.7265,2
2.45,1.0645,1.283333333333333,0.9631666666666667,0
2.433333333333334,1.286166666666667,1.2,0.9988333333333334,0
2.483333333333333,1.574,0.9333333333333333,1.1445,2
0.5,0.9158333333333334,1.25,1.258,1
1.483333333333333,1.273,2.15,1.718166666666666,3
0.9,0.7706666666666666,1.9,2.117166666666667,1
1.7,1.7365,2.283333333333333,2.631,3
1.2,1.699666666666667,1.5,1.37,0
2.166666666666667,1.621666666666667,0.25,0.8168333333333333,1
1.433333333333333,1.567,1.65,1.412166666666667,1
0.6,0.6738333333333333,1.416666666666667,1.5775,0
3.5,2.7085,0.9833333333333334,1.4615,1
1.816666666666667,1.2815,3.2,1.71,1
0.45,0.5191666666666668,4.516666666666667,2.738833333333333,2
2.266666666666667,1.242833333333333,2.233333333333333,1.464833333333333,2
1.483333333333333,1.4465,1.366666666666667,1.237666666666666,1
2.283333333333333,1.786833333333333,0.9333333333333333,1.331166666666667,0
1.483333333333333,1.957166666666667,0.9333333333333333,1.0545,1
1.45,0.8181666666666666,0.75,1.326666666666667,2
1.533333333333333,1.417333333333333,0,1.741166666666667,0
1,1.2575,1.4,1.367166666666667,2
3.35,3.159666666666666,1.433333333333333,2.024333333333333,0
1.083333333333333,1.3995,0.95,1.7965,1
1.516666666666667,1.5035,3.25,3.029666666666667,1
1.35,2.0525,1.7,1.925166666666667,5
1,2.092166666666667,0.7,1.267333333333333,2
1.2,0.7706666666666667,2.866666666666667,1.0965,0
2.133333333333333,1.848833333333333,0.45,0.7415,1
1.9,1.482833333333333,1.616666666666667,1.395666666666667,1
1.4,1.7005,2.616666666666667,1.372,0
2.6,2.277833333333334,3.416666666666667,1.654166666666667,1
1.033333333333333,1.348833333333333,0.8333333333333333,0.8295,1
1.5,0.8505,3.5,2.0185,2
0.75,1.380166666666667,2.433333333333334,2.0805,3
2.683333333333334,2.322166666666666,1.283333333333333,1.897166666666667,2
1.583333333333333,1.3655,0.7,1.378833333333333,3
1,0.5136666666666666,0.9,1.2035,1
0.7333333333333334,1.255666666666667,1,1.466833333333333,2
1.983333333333333,2.211666666666667,1.45,2.0585,2
1.166666666666667,1.333833333333333,2.816666666666666,2.265666666666666,2
0.6666666666666666,1.219333333333333,1.083333333333333,0.9493333333333334,1
1.566666666666667,1.219166666666667,0.8333333333333333,1.5085,1
2.166666666666667,2.517666666666666,1.783333333333333,2.896166666666667,1
2,1.5725,3.65,2.339666666666667,1
4.666666666666666,1.966666666666667,2.4,1.877833333333333,3
2.683333333333334,1.538333333333334,0.5833333333333333,1.534666666666667,1
1.366666666666667,2.515,2.25,1.660166666666667,2
0.7833333333333333,1.321166666666667,1.983333333333333,1.161833333333333,1
1.533333333333333,1.705666666666667,2.233333333333333,1.445666666666667,1
3.116666666666667,1.5465,1.183333333333333,1.181166666666667,1
2.85,3.191,0.7,1.4445,2
0.7833333333333333,1.3055,3.666666666666667,2.7305,4
0.5833333333333333,1.006833333333333,1.15,1.268833333333333,1
0.5,1.943333333333333,1.7,1.847,0
2.116666666666667,1.298666666666667,0.9,0.5391666666666667,1
2.25,1.729,1.366666666666667,2.287333333333333,1
0.7333333333333334,1.111833333333333,2.1,1.26,0
1.933333333333333,1.596,1.666666666666667,1.4275,1
2.366666666666667,1.583,1.033333333333333,1.917166666666667,3
0.5833333333333333,0.3965,1.783333333333333,1.2385,0
1.616666666666667,2.453666666666666,3.083333333333333,1.3515,1
2.6,2.9945,2.616666666666667,2.043666666666667,0
1.866666666666667,1.517666666666667,0.5,1.021166666666667,0
2.666666666666667,1.432166666666667,1.4,1.931,2
0.4,1.785,1.533333333333333,0.9378333333333333,1
2.116666666666667,1.4725,1.033333333333333,1.060333333333333,0
2.033333333333333,1.408333333333333,3.483333333333333,3.011333333333333,1
1.533333333333333,1.391166666666667,0.9,0.9205,3
0.5333333333333333,0.6901666666666667,1.616666666666667,1.383666666666667,1
1.533333333333333,1.664333333333333,1.4,1.686,0
2.066666666666666,2.648166666666667,1.333333333333333,1.264166666666667,3
0.2,1.128333333333333,1.783333333333333,1.475333333333333,0
2.316666666666666,1.8205,1.583333333333333,1.6695,4
2.15,0.8961666666666666,1.1,0.7606666666666667,0
0.7,0.8396666666666668,1.783333333333333,1.055833333333333,3
1.783333333333333,1.606666666666667,1.2,1.044666666666667,2
1.333333333333333,1.2835,1.4,1.5465,0
2.45,1.635666666666667,2.266666666666667,2.003166666666667,2
3.616666666666667,2.096166666666667,0.7,0.9643333333333335,1
1.483333333333333,1.860833333333333,1.983333333333333,1.613666666666667,1
1.35,1.0075,2.45,2.256666666666667,1
2.616666666666667,1.977666666666667,0.9,1.151666666666667,3
0.3333333333333333,1.077833333333333,2.116666666666667,1.94,1
1.7,1.385833333333333,2.683333333333334,1.554833333333333,3
2.033333333333333,0.7633333333333333,1.116666666666667,1.299666666666667,1
0,1.092333333333333,3.7,1.552666666666667,1
1.65,1.628,1.2,1.095,1
2.8,1.761,0.7333333333333334,1.756666666666667,2
0.9833333333333334,1.554333333333334,0,0.891,0
2.4,2.172666666666667,0.25,1.5745,3
2.266666666666667,1.9215,2.033333333333333,0.9378333333333333,4
1.366666666666667,1.761333333333333,1.933333333333333,1.562333333333333,0
1.25,1.118,1.45,1.865,0
0.5833333333333333,0.8123333333333334,2.983333333333333,1.8525,1
0.3333333333333333,1.221333333333333,1.533333333333333,1.084833333333333,1
1.416666666666667,0.9139999999999999,1.266666666666667,1.367833333333333,3
0.7,0.7615000000000001,2.533333333333333,2.492333333333333,0
2.033333333333333,2.227,0.75,1.238,0
1.783333333333333,2.233333333333333,3.066666666666666,2.241333333333333,2
1.6,1.112,1.783333333333333,1.523833333333333,1
3.733333333333333,2.326333333333333,0.7,1.274166666666667,1
1.866666666666667,1.432333333333333,0.3333333333333333,1.028,0
2.533333333333333,1.362166666666667,0.5333333333333333,1.118333333333333,1
2.9,1.7545,1.733333333333333,2.746833333333333,3
0.95,1.088333333333333,0.9,1.630333333333333,2
2.983333333333333,2.244666666666666,0.95,1.5225,4
2.9,2.4915,1.366666666666667,1.4175,2
2.8,1.828166666666666,4.033333333333333,2.470166666666667,4
0.3333333333333333,0.5318333333333334,1.483333333333333,0.8221666666666666,2
1.166666666666667,1.117333333333333,2.233333333333333,2.306166666666666,1
3.866666666666667,3.051833333333334,1.85,1.298333333333333,2
1.7,1.8355,1.083333333333333,0.8488333333333333,0
2.116666666666667,2.429166666666667,2,1.624333333333333,4
3.85,2.766,1.833333333333333,1.6325,1
0.65,1.149333333333333,0.5,1.510333333333334,1
2.283333333333333,0.6873333333333334,1.333333333333333,1.637666666666667,1
0.5333333333333333,0.6616666666666667,3.716666666666667,1.867333333333333,2
1.083333333333333,0.8905,3.633333333333333,2.941333333333334,3
0.7,1.5155,2.316666666666666,1.9595,0
1.516666666666667,1.668166666666667,2.333333333333333,1.916833333333333,1
0.65,1.116833333333333,1.45,0.542,3
1.533333333333333,1.383333333333333,0.6666666666666666,1.164833333333333,1
3.083333333333333,2.869,0.5333333333333333,1.038833333333333,4
2.8,2.021333333333333,0.7,0.9593333333333334,2
0.6,1.153333333333333,1.1,1.056666666666667,0
0.25,0.9596666666666667,3.633333333333333,2.622,2
3.6,2.5695,2.583333333333333,2.131666666666667,1
1.866666666666667,0.844,0.9166666666666666,1.049666666666667,0
1.483333333333333,1.323333333333333,2.533333333333333,1.4695,1
1.25,1.595666666666667,2.283333333333333,2.182833333333333,3
2.733333333333333,2.699166666666667,2.083333333333333,2.458,3
2.933333333333334,2.455,2.116666666666667,1.169,1
2.566666666666666,1.798666666666667,2.2,2.4575,2
3.183333333333333,1.961,0.2,0.7626666666666666,2
2.65,2.922333333333333,0.3333333333333333,1.162,3
0,1.286833333333333,2.416666666666667,2.806333333333333,4
2.433333333333334,1.416666666666667,3.033333333333333,3.817666666666667,3
2.633333333333333,2.2805,3.016666666666667,1.689333333333333,1
1.733333333333333,1.3165,2.2,2.136333333333333,4
2.466666666666667,1.617333333333334,1.233333333333333,1.502333333333333,1
0.8333333333333333,1.273833333333333,2.183333333333334,1.973333333333333,3
1.033333333333333,0.8811666666666667,1.916666666666667,1.242833333333333,5
3.533333333333333,2.792666666666666,1.533333333333333,1.530166666666667,4
0.8333333333333333,1.231166666666667,2.533333333333333,1.769833333333333,2
3,2.311333333333334,2.533333333333333,1.851166666666667,1
1.95,1.779,0.9166666666666666,1.542333333333333,2
0.75,1.5705,1.65,1.345,1
1.983333333333333,1.402333333333333,2.566666666666666,1.866166666666667,3
0.7333333333333334,0.465,2.316666666666666,2.0045,2
1.95,2.1465,1.783333333333333,1.5015,1
1.2,1.091833333333333,1.283333333333333,0.8921666666666667,1
1.2,1.613,1.416666666666667,1.6075,1
1.083333333333333,0.6848333333333333,2.666666666666667,1.646833333333333,0
2.2,1.651833333333334,1.533333333333333,2.612,2
1.366666666666667,1.681,2.5,1.52,1
2.783333333333333,2.4465,3.033333333333333,1.728166666666667,1
2.15,1.611833333333333,0.7,1.258833333333333,0
2.533333333333333,2.363833333333333,0.95,1.1535,2
1.25,0.5868333333333333,0.7833333333333333,1.139333333333333,0
1.65,1.926333333333333,2.133333333333333,1.949,3
2.9,2.763833333333333,2.65,2.8455,3
1.533333333333333,1.2005,3.866666666666667,3.5425,6
2.4,2.5405,1.083333333333333,0.723,1
1.083333333333333,1.430666666666667,2.35,2.239166666666667,2
1.833333333333333,1.311,0.3333333333333333,1.019,1
2.9,1.388166666666667,3.3,2.273333333333333,0
1.283333333333333,0.712,2.316666666666666,1.4815,0
1.45,2.226833333333333,1.45,1.8645,3
3.966666666666667,3.469,1.983333333333333,1.512166666666667,0
3.916666666666667,2.1655,0.75,1.235333333333333,0
1.233333333333333,1.374833333333333,2.283333333333333,2.396833333333333,1
1.583333333333333,2.137166666666667,1.366666666666667,1.1395,0
0.85,0.7105,1.533333333333333,1.435833333333333,3
0.95,0.519,1.383333333333333,1.561166666666667,0
1,0.9528333333333333,1.283333333333333,1.7135,2
3.383333333333333,3.512666666666667,1.933333333333333,0.9273333333333333,0
2.316666666666666,2.254833333333333,1.483333333333333,1.775666666666667,2
2.05,2.971333333333333,0.5,0.9355,1
2.366666666666667,2.607833333333333,1.183333333333333,0.9575,4
0.65,1.201166666666666,0.6666666666666666,1.637833333333333,1
1.233333333333333,1.524,2.3,2.592,1
0.8333333333333333,0.7335,4.5,2.924166666666667,1
1.283333333333333,1.052333333333333,1.533333333333333,0.9736666666666667,0
0.45,1.241166666666667,0.8333333333333333,1.0445,2
1.05,1.7445,1.75,2.396833333333333,0
1.35,1.958,0.95,1.222,2
1.083333333333333,0.9411666666666666,0.85,1.8635,2
2.1,2.509333333333333,0.6,0.8294999999999999,0
2.116666666666667,1.782666666666667,2.1,2.431,3
1.9,1.950833333333333,3.033333333333333,2.391,1
0.9166666666666666,0.8478333333333334,3.45,2.144166666666667,3
2.583333333333333,2.477833333333333,0.45,1.210166666666667,1
0.7833333333333333,1.2635,0.7,1.492833333333333,1
3.483333333333333,2.503,1.116666666666667,1.541833333333333,5
2.95,2.724166666666667,0.75,1.050333333333333,1
3.066666666666666,2.368166666666666,0.4,0.9708333333333334,6
0.25,0.5098333333333334,1.583333333333333,1.305833333333333,2
1.2,1.962833333333333,1.533333333333333,1.2225,1
1.5,1.071666666666667,3.116666666666667,2.574666666666666,1
1.5,1.699666666666667,1.233333333333333,1.623333333333334,1
1.35,2.137,1.416666666666667,0.8321666666666666,0
2.4,1.845,1.866666666666667,1.3155,0
1.333333333333333,1.173833333333333,2.533333333333333,2.244333333333334,3
1.033333333333333,0.9063333333333333,2.183333333333334,1.995666666666667,2
1.116666666666667,0.8905,3.1,2.042,1
1.916666666666667,2.001666666666666,0.95,0.473,1
1.033333333333333,1.618166666666667,1.166666666666667,1.6675,3
1.166666666666667,1.081,0,0.366,0
1.45,1.0225,1.85,2.966166666666667,4
1.4,1.302833333333333,1.033333333333333,0.547,1
0.6666666666666666,1.014166666666667,1.733333333333333,1.575,1
1.083333333333333,1.246,3.6,2.353333333333333,5
3.4,3.263333333333333,1.533333333333333,2.368333333333333,2
1.683333333333333,1.335,0.8333333333333333,2.207833333333333,2
3.466666666666667,2.229166666666667,1.583333333333333,1.400666666666667,2
1.583333333333333,1.000166666666666,1.083333333333333,1.168333333333333,0
1.833333333333333,1.278666666666667,1.166666666666667,1.69,3
0.5333333333333333,0.9386666666666666,2.566666666666667,1.598666666666666,1
1.5,1.416333333333333,2.333333333333333,2.1995,1
1.7,0.9166666666666666,2.366666666666667,0.9899999999999999,2
2.716666666666667,2.714333333333333,0.5,0.4831666666666666,1
3.233333333333333,1.898333333333333,0.9,1.243333333333333,3
1.35,1.517833333333333,2.833333333333333,2.659,2
1.95,1.693333333333333,3.683333333333334,2.338666666666667,5
2.333333333333333,1.485,2.333333333333333,1.845,3
1.416666666666667,1.253,1.283333333333333,1.665,1
1.083333333333333,2.410833333333333,0.65,0.4675,4
0.7333333333333334,1.231166666666667,1.083333333333333,0.7618333333333334,1
1.65,0.7421666666666666,1.95,1.754166666666667,1
1.2,1.254,2.083333333333333,1.862166666666667,3
0.7333333333333334,0.6745,2.766666666666667,2.312833333333333,3
2.116666666666667,1.517833333333333,1.366666666666667,2.085833333333333,3
3.95,2.722666666666667,0.45,0.9550000000000001,3
0.9333333333333333,1.1395,2.9,2.219666666666667,3
1.616666666666667,1.679333333333333,2.283333333333333,0.9495,4
3.416666666666667,1.867166666666667,1.033333333333333,1.1485,1
1.683333333333333,1.0775,1.366666666666667,1.010166666666667,1
0.5333333333333333,1.745166666666667,1.116666666666667,1.715833333333333,1
3.366666666666667,2.566833333333333,3.783333333333333,2.7595,2
2.783333333333333,2.107166666666667,2.566666666666666,1.213166666666667,1
1.533333333333333,1.565,1.283333333333333,1.552833333333333,2
0.8333333333333333,1.1145,2.333333333333333,1.262166666666667,0
1.266666666666667,1.074166666666667,0.5833333333333333,1.068666666666667,0
1.983333333333333,1.159833333333333,2.966666666666667,1.723666666666667,1
3.7,2.139333333333333,0.7833333333333333,1.2135,1
2.05,1.130333333333333,2.866666666666667,2.541666666666667,3
2.233333333333333,2.074666666666666,2.45,1.358333333333333,2
1.416666666666667,1.516666666666667,1,1.471333333333333,0
2.516666666666667,2.297666666666667,2.683333333333334,1.94,3
3.05,1.861,0.45,0.949,0
0.65,0.8168333333333333,3.55,2.564333333333333,3
1.616666666666667,1.421666666666667,2.95,2.6825,1
1.033333333333333,1.0175,2.066666666666666,1.086833333333333,2
0.5,0.8738333333333334,2.616666666666667,1.611666666666667,1
2.45,1.535,0.95,1.1575,0
2.366666666666667,1.698333333333333,0.75,1.002333333333333,1
2.316666666666666,2.145333333333333,1.783333333333333,1.79,2
2.95,2.734,2.066666666666666,1.902833333333333,2
1.916666666666667,1.633166666666667,1.666666666666667,0.9896666666666667,0
2.2,2.0705,1.783333333333333,1.8705,0
0.95,1.375166666666667,1.916666666666667,1.522833333333333,1
1.083333333333333,1.207666666666667,1.5,1.913166666666667,1
2.116666666666667,1.283833333333333,1.283333333333333,1.719666666666667,3
2.583333333333333,1.744,1.783333333333333,1.280166666666667,1
1.25,1.583166666666667,1.25,1.489833333333333,1
1.683333333333333,1.205166666666667,2.85,2.1965,3
0.75,1.3415,2.1,1.380166666666667,0
2.6,2.354833333333334,1.75,1.419,4
1.75,1.6695,0.75,1.0435,1
0.6,1.128166666666667,1.183333333333333,1.452166666666666,2
1.466666666666667,1.552,0.9,1.439666666666667,1
2.866666666666667,2.014166666666667,1.45,1.221,2
1.433333333333333,1.19,2.35,2.261,4
2.283333333333333,1.54,3.266666666666667,1.751,4
1.7,1.289333333333333,1.616666666666667,1.694166666666667,1
1.35,1.3785,3.1,2.268333333333334,0
3.483333333333333,2.354666666666667,1.133333333333333,1.025333333333333,1
1.1,1.263,1.033333333333333,0.9424999999999999,1
1.683333333333333,1.846833333333333,1.933333333333333,1.5015,2
2.066666666666666,1.467,2.583333333333333,1.060166666666667,3
1.9,1.619,1.2,1.179833333333333,2
1.25,1.015333333333333,1.366666666666667,1.968,0
1.6,1.071,2.85,2.426,3
1.083333333333333,0.7773333333333333,0.3333333333333333,0.452,2
1.783333333333333,2.740666666666667,1.033333333333333,0.7753333333333333,0
1.95,1.687166666666667,0.9,1.012,3
0.5333333333333333,0.8553333333333333,4.183333333333334,3.142666666666667,1
1.833333333333333,1.256,2.983333333333333,2.657333333333333,2
4.433333333333334,3.015166666666667,1,0.8306666666666667,2
3.733333333333333,2.232833333333333,1.483333333333333,1.309333333333333,4
0.5833333333333333,1.131,0.9166666666666666,1.276666666666667,0
1.783333333333333,1.462166666666667,2.733333333333333,1.5745,1
1.25,1.125833333333333,1.9,1.329833333333333,0
1.166666666666667,1.091833333333333,2.85,1.503833333333333,3
2.283333333333333,1.530666666666667,3.366666666666667,1.898833333333334,1
1.2,2.163166666666667,2.116666666666667,1.553666666666667,3
0.7333333333333334,0.9570000000000001,1.666666666666667,1.026166666666667,0
2.816666666666666,2.447666666666667,1.25,1.261166666666667,1
2.666666666666667,2.008666666666667,1.033333333333333,0.6161666666666668,4
2.216666666666667,1.905666666666667,3.883333333333333,2.562,2
0.25,0.6983333333333334,1.116666666666667,1.5475,1
2.25,1.975,1.866666666666667,1.857166666666667,2
0.5333333333333333,1.003,0.5,0.9101666666666666,0
2.866666666666667,1.524666666666667,0.95,1.254666666666667,1
1.5,0.6838333333333333,3.766666666666667,2.535666666666667,2
1.266666666666667,1.023166666666667,0.45,0.7833333333333333,2
0.45,0.9891666666666666,1.9,1.250333333333333,3
3.7,2.350166666666667,0.9166666666666666,0.9441666666666666,2
3.1,1.502833333333333,2.6,1.772333333333333,2
3.483333333333333,2.319833333333333,2.3,1.7615,1
2.683333333333334,1.929666666666667,2.4,1.679833333333333,0
1.883333333333333,1.507333333333333,2.5,1.987666666666667,1
0.7,0.893,1.783333333333333,1.424833333333333,1
1.033333333333333,1.1715,1.2,1.801166666666667,0
2,1.364833333333333,1.483333333333333,1.344833333333333,2
2.033333333333333,1.741166666666667,0.9,0.6395,1
2.5,2.419333333333333,2.783333333333333,0.9620000000000001,0
1.733333333333333,2.133833333333333,2.483333333333333,1.687666666666666,0
2.4,1.2195,0.4,0.8424999999999999,1
1.916666666666667,1.392,1.933333333333333,1.327833333333333,3
1.2,1.289333333333333,1.816666666666666,1.556833333333334,0
2.433333333333334,1.364166666666667,3.016666666666667,1.691833333333333,6
0.95,0.7988333333333333,2.15,1.707833333333333,2
1.666666666666667,1.135333333333333,1.066666666666667,1.374,2
1.766666666666667,1.286833333333333,1.083333333333333,1.402,1
1.5,1.730333333333334,2.733333333333333,2.245,1
2.066666666666666,1.577833333333333,1.5,1.817666666666667,1
3.066666666666666,2.439833333333334,2.366666666666667,1.514333333333333,2
0,0.8443333333333334,0.5833333333333333,0.8416666666666668,0
2.133333333333333,1.764,0.7,1.711833333333333,2
1.95,2.129333333333333,1.333333333333333,1.4535,2
0.5833333333333333,0.9493333333333334,1.833333333333333,1.884,0
1.183333333333333,1.4685,2.85,1.108166666666667,1
2.2,0.8346666666666667,2.366666666666667,1.040333333333333,0
2.85,1.632333333333333,1.133333333333333,1.588333333333333,2
1.033333333333333,1.567,0.5,0.9931666666666666,2
1.283333333333333,1.767,0.8333333333333333,0.9884999999999999,1
1.916666666666667,0.8063333333333335,3.183333333333334,2.378,2
2.2,1.755166666666667,1.8,0.6123333333333334,0
2.15,1.6115,1.316666666666667,1.7705,3
0.5,1.4145,1.183333333333333,1.9595,1
2.45,1.7425,2.4,2.121,2
0.6666666666666666,1.027,1.566666666666667,1.520333333333333,1
1.983333333333333,1.580166666666667,3.9,3.0155,2
1.566666666666667,1.321333333333333,2.533333333333333,1.595333333333333,1
0.7333333333333334,1.404,0.7833333333333333,1.282166666666667,4
0,0.8813333333333333,1.516666666666667,1.5275,3
2.2,2.696333333333333,3.566666666666666,2.800333333333334,1
1.5,1.276833333333333,1.166666666666667,1.8535,3
0.5333333333333333,1.2355,0.95,1.456666666666667,2
1.816666666666667,0.5495,1.333333333333333,1.632666666666667,3
1.4,1.417333333333333,1.5,0.7846666666666667,3
2.116666666666667,1.774166666666667,1.333333333333333,0.929,0
1.366666666666667,1.710833333333333,1.7,1.375,3
2.25,1.812666666666667,0.95,1.357166666666667,3
1,0.5776666666666667,0.7333333333333334,0.4581666666666667,0
1.916666666666667,1.461333333333333,1.283333333333333,0.9208333333333333,1
2.966666666666667,3.475333333333333,1.533333333333333,1.185,0
1.433333333333333,1.2875,2.033333333333333,1.812833333333333,3
2.866666666666667,1.731166666666667,1.833333333333333,1.622,3
1.233333333333333,1.5855,2.4,1.6185,2
2.333333333333333,2.434333333333333,2.483333333333333,1.787,2
0.9,0.7448333333333332,2.65,2.178166666666667,3
1.983333333333333,1.381,1.933333333333333,1.393833333333333,2
0.8,0.758,2.45,1.525833333333333,0
0.8666666666666667,1.492333333333333,1.283333333333333,0.7358333333333333,1
2.666666666666667,1.951,2.15,2.064833333333334,4
1.333333333333333,1.507,3.033333333333333,2.116833333333334,1
2.083333333333333,2.450833333333334,2.416666666666667,1.7465,2
0,0.6741666666666667,0.5,0.8258333333333334,1
3.033333333333333,2.055,2.65,1.148666666666667,2
1.566666666666667,2.790166666666666,1.583333333333333,1.169833333333333,1
2.116666666666667,2.126333333333333,0.75,0.8353333333333334,3
1.033333333333333,1.198166666666667,1.566666666666667,1.351,0
2.616666666666667,2.1175,0.2,0.5698333333333333,1
1.116666666666667,1.526333333333334,3.2,3.056166666666667,2
3.25,2.209833333333334,1.8,1.858833333333333,2
2.933333333333334,3.137166666666666,2.2,1.820166666666667,0
1.25,0.9921666666666666,1.966666666666667,2.192666666666667,1
3.033333333333333,1.511166666666667,1.316666666666667,1.563666666666667,0
1.283333333333333,1.0885,2.416666666666667,2.596833333333334,0
1.533333333333333,1.713333333333333,0.5,1.298333333333333,2
0.65,1.015166666666667,1.666666666666667,2.017333333333333,1
1.45,1.635333333333333,1.483333333333333,1.651333333333333,2
3.35,2.470833333333333,1.4,2.336666666666667,2
1.65,2.479333333333333,2.1,0.8641666666666665,1
1.983333333333333,1.509833333333333,3.15,2.435333333333333,3
1.7,1.288166666666667,1.7,2.050333333333333,4
0.85,1.096666666666667,0.8333333333333333,0.8555,1
2.133333333333333,1.461,0.5,1.906833333333333,3
2.266666666666667,2.986833333333333,1.333333333333333,1.249666666666667,2
2.933333333333334,1.744166666666667,0.7,1.447166666666667,2
3.266666666666667,2.646666666666667,1.05,1.219666666666667,4
0.25,1.347166666666667,1.783333333333333,1.9385,1
0.75,1.362666666666667,1.6,2.241666666666666,0
1.233333333333333,1.396666666666667,2.4,2.0105,1
1.25,1.2315,1.066666666666667,1.823166666666667,0
1.416666666666667,2.494166666666667,2.533333333333333,2.017166666666667,3
2.1,2.330166666666667,1.616666666666667,1.980833333333333,1
0,0.8721666666666666,0.95,0.7981666666666667,0
2.433333333333334,1.8685,0.7,1.610666666666667,4
1.816666666666667,1.761333333333333,2.016666666666667,1.686666666666667,3
3.9,2.253,2.166666666666667,1.809333333333333,4
0.7,1.9925,3.216666666666667,2.445166666666667,3
0,1.016833333333333,2.1,1.504,2
0.9166666666666666,0.9430000000000001,1.9,1.7345,1
3.383333333333333,2.407666666666667,0.5,1.526,3
2.533333333333333,2.125166666666667,2.4,2.364833333333333,2
1.7,1.986333333333333,1.866666666666667,1.209666666666667,0
0.6,1.977333333333333,1.616666666666667,2.376666666666667,0
2.433333333333334,2.143166666666667,1.533333333333333,1.525833333333333,2
0.8666666666666667,1.182166666666667,2.6,1.954,1
0.8333333333333333,0.9711666666666667,2,1.4905,4
2.233333333333333,1.4235,1.333333333333333,1.156666666666667,2
0.25,0.7688333333333334,1.816666666666667,1.4115,2
1.533333333333333,1.443333333333333,2.016666666666667,1.3985,0
0.75,1.0225,0.25,0.5791666666666666,0
2.266666666666667,1.6585,1.95,1.850666666666667,1
1.7,1.548166666666667,1.75,2.887833333333333,4
2.15,1.369666666666667,2.333333333333333,2.172333333333333,1
0.7333333333333334,1.110333333333333,2.7,1.902833333333333,1
2.616666666666667,2.056,0.25,0.5358333333333334,0
3.15,2.995,0.2,0.5763333333333334,0
1.85,1.767166666666667,2.15,2.100333333333333,0
1.25,2.287333333333334,1.266666666666667,0.9395,0
0.6666666666666666,0.9899999999999999,2.483333333333333,2.015666666666667,0
0,1.378333333333333,2.166666666666667,1.5675,0
1.766666666666667,1.418666666666667,2,2.085666666666667,0
1.766666666666667,1.5005,1.183333333333333,1.998166666666667,1
2.2,1.387166666666667,2.116666666666667,1.482,0
0.75,1.051,0.65,0.7806666666666666,2
3.433333333333334,2.343166666666667,1.083333333333333,1.473333333333333,2
0.7333333333333334,1.217166666666667,1.65,1.603666666666667,0
0.7,1.147833333333333,0,0.5281666666666667,1
2.35,3.181333333333333,1.983333333333333,1.348166666666667,5
2.033333333333333,1.986833333333333,1.316666666666667,0.984,2
1.25,1.257833333333333,1.483333333333333,1.083833333333333,2
1.116666666666667,1.075333333333333,1.933333333333333,1.737166666666667,0
1.4,0.7705,1.966666666666667,1.151333333333333,3
1.166666666666667,0.772,2.15,1.588833333333333,1
1.483333333333333,1.105666666666667,2.083333333333333,1.804,0
0.8333333333333333,0.7871666666666667,0.5,0.9743333333333334,2
3.433333333333333,1.7265,2.4,2.739,3
0.5,0.9631666666666666,0.8666666666666667,1.937333333333333,0
0.6,0.7206666666666667,2.333333333333333,1.174666666666667,1
1,1.2365,0.9,0.7561666666666668,0
3.766666666666667,3.289666666666667,0.65,0.9634999999999999,2
2.333333333333333,2.027,2.1,1.5215,2
0.9166666666666666,0.6778333333333334,1.8,1.538833333333333,1
1.4,1.877166666666667,0.5333333333333333,1.464833333333333,0
1.6,2.429833333333333,0.5,1.803333333333333,1
0.4,0.654,1.6,2.090666666666666,4
0.9,1.775166666666667,0.5,0.6596666666666666,0
1.716666666666667,2.288833333333333,1.333333333333333,1.203,2
3.05,2.388,2.15,1.325666666666667,4
3.166666666666667,2.151333333333334,1.45,1.125166666666667,2
3.166666666666667,2.9565,1.616666666666667,1.650833333333333,3
1,1.476666666666667,1.916666666666667,1.880666666666666,0
1.75,1.414166666666667,0.8333333333333333,1.468166666666667,1
3.233333333333333,3.348,1.083333333333333,2.060666666666667,3
1.666666666666667,1.353833333333333,2,2.155,1
3.683333333333334,2.849,1.866666666666667,2.644333333333333,5
0.4,1.068166666666667,1.083333333333333,1.382166666666667,1
1.783333333333333,1.274833333333333,1.166666666666667,1.801166666666667,1
2.45,2.416333333333333,2.5,2.3925,3
0.5333333333333333,1.119666666666667,2.366666666666667,1.7095,2
0.6666666666666666,1.6935,3.066666666666666,2.015166666666667,0
1.983333333333333,1.157666666666667,2.533333333333333,2.2665,2
1.5,1.172166666666667,1.233333333333333,1.034333333333333,0
1.066666666666667,1.231,0.65,0.7918333333333333,2
1.616666666666667,1.223,0.5333333333333333,1.3865,0
0.5,0.8741666666666665,3,2.4965,1
1.1,1.293,0.6666666666666666,1.2575,0
5.366666666666667,3.7155,1.533333333333333,1.510833333333333,5
1.083333333333333,0.7498333333333334,1.166666666666667,1.664,0
0.2,1.115833333333333,2.4,2.1435,2
1.233333333333333,1.6135,2.166666666666667,1.481,2
1.5,0.8298333333333334,0.7,1.030666666666667,1
1,1.942,1.25,0.7873333333333333,2
0.3333333333333333,0.7773333333333333,1.2,0.8115,0
2.733333333333333,2.672166666666667,3.483333333333333,3.5365,4
1.033333333333333,1.097666666666667,1,1.660666666666667,2
0.45,1.0385,2.5,2.3575,2
1.5,1.0295,1.25,1.444833333333333,1
1.366666666666667,0.8856666666666666,2.733333333333333,2.006333333333334,0
2.9,1.547333333333333,0.2,0.8231666666666666,0
1.75,2.386833333333334,0.9166666666666666,1.425166666666667,2
1,1.811833333333333,0.5333333333333333,1.7875,0
1.516666666666667,2.381166666666667,2.583333333333333,2.4385,1
1.75,2.144833333333333,0.4,0.9516666666666665,0
0.95,0.4818333333333333,1,0.8363333333333333,1
0,1.176833333333333,0.7,1.44,2
4.666666666666667,4.1525,2.733333333333333,2.307333333333333,7
0.3333333333333333,0.9288333333333333,2.65,1.603333333333333,2
3.6,1.994333333333334,1.516666666666667,1.747166666666667,1
2.066666666666666,1.546,0,0.7576666666666667,2
1.183333333333333,0.6625000000000001,2.433333333333334,1.575166666666667,1
0.75,1.325166666666667,1.083333333333333,1.458,2
1.116666666666667,1.838333333333333,2.266666666666667,1.754166666666667,1
1.333333333333333,0.874,1.566666666666667,2.179166666666667,0
0.2,0.5841666666666666,0,1.457,2
6.283333333333333,4.865500000000001,0.7,1.2455,3
1.733333333333333,1.442833333333333,3.283333333333333,3.1395,1
1.866666666666667,1.519333333333334,1.2,1.903166666666666,1
1.25,1.2925,1.45,1.169166666666667,1
1.533333333333333,1.753666666666667,1.666666666666667,1.6715,1
1.5,1.180333333333333,2.616666666666667,2.317166666666667,4
1,1.8045,1,1.2895,2
2.583333333333333,2.0985,1.033333333333333,0.9968333333333333,4
1.7,1.565666666666667,0.9,0.581,1
3.733333333333333,3.358,1.65,1.5295,2
0.6666666666666666,0.9736666666666667,2.433333333333334,1.558333333333333,2
0.8333333333333333,0.9423333333333334,0.6666666666666666,0.6511666666666667,2
2.566666666666666,2.100333333333333,4.383333333333334,2.720833333333334,0
1.35,1.774333333333333,2.166666666666667,1.419,3
1.2,1.046,1.916666666666667,1.834166666666667,0
2.033333333333333,1.542833333333333,1.366666666666667,1.450666666666667,1
1.733333333333333,1.9505,3.283333333333333,2.454333333333333,2
0.5833333333333333,0.4773333333333333,1.116666666666667,1.367,1
1.733333333333333,1.629333333333333,0.5833333333333333,0.7966666666666666,2
0.6666666666666666,0.6433333333333333,2.483333333333333,2.622333333333334,1
1.033333333333333,0.6435,1.083333333333333,2.031333333333333,0
1.533333333333333,1.656833333333333,1.25,1.896,0
1.333333333333333,1.055166666666667,1.15,1.321,0
1.45,0.9079999999999999,1.533333333333333,1.016833333333333,1
2.383333333333333,2.220333333333333,2.383333333333333,1.3185,1
4.45,3.9835,1.666666666666667,1.1755,3
2.083333333333333,1.827833333333333,0.6666666666666666,1.498833333333333,1
0.9166666666666666,1.111,2.483333333333333,1.618833333333333,3
2.616666666666667,2.126333333333333,0.5833333333333333,1.066833333333333,2
0.8666666666666667,0.7203333333333333,0.9,1.292333333333333,0
3.25,2.706833333333333,1.233333333333333,0.8883333333333334,3
1.033333333333333,0.5908333333333333,1.666666666666667,1.800833333333333,2
1.066666666666667,1.969833333333333,3.116666666666667,2.663666666666667,2
2.366666666666667,1.801166666666667,1.566666666666667,0.7168333333333334,0
1,1.114333333333333,1.65,1.435833333333333,4
0.5833333333333333,0.9468333333333333,1.233333333333333,1.472833333333333,4
1.9,2.182666666666667,3.616666666666667,3.048333333333333,2
1.783333333333333,1.645333333333333,2.9,2.246666666666667,2
0.8333333333333333,1.390666666666667,1.866666666666667,1.867,1
1.133333333333333,1.4215,3.283333333333333,2.043166666666667,1
0.45,0.9536666666666667,0.45,1.571666666666667,0
0.7,0.9556666666666667,2.05,2.126,0
2.45,1.938666666666667,1.25,1.270666666666667,1
1.5,2.225666666666666,2.066666666666666,1.218166666666666,2
3.783333333333333,2.659,0.4,1.026666666666667,1
0.45,1.082333333333333,3.166666666666667,2.816166666666667,4
1.583333333333333,1.104166666666667,1.65,1.383666666666667,0
0.7333333333333334,0.9356666666666666,0.8333333333333333,0.4733333333333334,1
1.4,0.8823333333333333,1.366666666666667,1.569666666666667,2
1.116666666666667,0.9678333333333333,1.816666666666667,1.273833333333333,0
2.666666666666667,2.187666666666667,0.5833333333333333,1.326333333333333,2
0.9,0.8756666666666667,3.283333333333333,2.415166666666667,2
1.583333333333333,1.102833333333333,0.5,1.319833333333333,1
1.816666666666667,2.182666666666667,2.933333333333333,2.316333333333334,5
2.283333333333333,1.759333333333334,1.316666666666667,1.431833333333334,1
1.916666666666667,1.399333333333333,2.566666666666666,1.945666666666667,4
3.016666666666667,3.2215,1.95,1.098666666666667,2
1.866666666666667,1.181833333333333,0.75,0.8511666666666666,0
2.033333333333333,2.194666666666667,3.2,2.012166666666666,3
3.433333333333334,1.8685,4.166666666666666,3.550166666666667,2
1.733333333333333,0.915,0.8333333333333333,1.308833333333333,1
1.233333333333333,1.1835,1.2,1.859,2
2.9,2.056166666666667,1.833333333333333,1.48,1
1.333333333333333,0.8885,1.033333333333333,1.0705,0
0.7,0.7264999999999999,0.5333333333333333,1.037666666666667,1
3.533333333333333,3.451333333333334,1.45,1.4755,1
1.7,1.2155,2.283333333333333,1.418,1
2.766666666666667,2.741666666666667,3.633333333333333,1.9185,2
0.75,1.062666666666667,0.75,0.7663333333333333,1
1.083333333333333,1.829666666666667,2.4,1.491333333333333,5
0.5,0.4793333333333333,1.716666666666667,1.605666666666667,1
1.066666666666667,1.166333333333333,1.833333333333333,1.439333333333333,1
0.9,1.374333333333333,1.166666666666667,1.315333333333333,2
0.25,0.637,3.15,1.700333333333333,2
1.366666666666667,1.069666666666667,0.9833333333333334,1.906666666666667,2
1.833333333333333,1.6745,1.5,1.413,1
4.35,2.540333333333333,1.4,1.355166666666667,1
3.883333333333333,2.467333333333333,1.083333333333333,0.96,1
1,0.8608333333333335,3.983333333333333,3.060166666666666,1
1.2,1.641333333333333,1.033333333333333,0.6933333333333334,1
1.4,3.016,1.833333333333333,1.087833333333333,2
0.8333333333333333,0.7976666666666667,1.283333333333333,1.412166666666667,0
1.833333333333333,1.107833333333333,1.3,1.677333333333333,0
1.883333333333333,1.764833333333333,1.45,1.526833333333333,1
2.7,2.1175,1.833333333333333,3.086833333333334,1
1.033333333333333,0.7826666666666666,1.5,1.5,0
3.116666666666667,2.490833333333334,1.2,1.4415,0
3.283333333333333,3.284833333333333,2.866666666666667,2.378333333333333,2
3.65,1.858166666666667,1.166666666666667,1.5285,0
1.583333333333333,2.669333333333333,2.65,1.781666666666667,1
0.25,0.761,0.45,1.319833333333333,0
2.45,2.561666666666667,2.983333333333333,1.935833333333333,1
1.15,1.318833333333333,3,2.126,1
0.8333333333333333,1.1925,1.3,1.873666666666667,0
3.566666666666666,3.406666666666666,0.9833333333333334,0.6815,4
0.4,0.9258333333333334,1.316666666666667,2.404666666666667,1
1.116666666666667,1.1915,0.5833333333333333,1.118333333333333,0
2.133333333333333,1.525333333333333,2.7,2.640833333333333,3
0.95,2.3505,0.45,0.9803333333333333,3
2.483333333333333,1.842333333333333,0.7833333333333333,0.6639999999999999,0
0.95,0.8981666666666667,0.8333333333333333,1.416666666666667,1
1.95,1.875666666666667,2.183333333333334,2.199333333333334,2
0.2,1.251166666666667,3.116666666666667,2.3955,1
0.65,1.234166666666667,1.25,1.577833333333333,3
0.7833333333333333,1.173333333333333,1.9,1.149833333333333,1
4.233333333333333,4.2645,3.033333333333333,3.390833333333333,4
0.5833333333333333,1.0655,2.45,2.439166666666667,0
2.283333333333333,1.562,1.2,2.168833333333334,2
3.333333333333333,2.9865,2.033333333333333,1.6595,5
0.4,0.7420000000000001,1.5,1.774666666666667,3
1.083333333333333,2.0605,0.9,2.096833333333334,2
2.483333333333333,2.364333333333333,2.75,2.945666666666666,1
2.116666666666667,1.973,1.5,2.545666666666667,2
0.5833333333333333,1.360666666666667,2.65,2.300333333333334,2
0.8333333333333333,1.565,0.5333333333333333,1.704166666666667,0
3.033333333333333,3.028333333333333,2.5,2.245833333333333,5
1.9,1.386166666666667,0.5333333333333333,0.6605,0
2.4,2.582833333333333,1.7,1.473166666666667,2
1.5,1.834,0.25,1.513166666666667,2
1.85,2.398166666666667,1.783333333333333,2.465333333333333,5
2.033333333333333,2.271833333333333,2,2.564833333333334,0
4.5,3.457166666666667,2.616666666666667,2.220666666666666,2
1,0.9081666666666666,1.4,2.224833333333333,0
1.45,1.575833333333333,4.383333333333333,3.169,1
2.366666666666667,2.094666666666667,3.883333333333333,2.675833333333333,0
2.483333333333333,1.782,0.25,0.358,0
0.5833333333333333,1.647333333333333,2,1.416166666666667,1
0.25,1.113,3.3,1.966666666666667,2
0.6666666666666666,1.174333333333333,1.25,0.8754999999999999,1
1.333333333333333,1.453666666666667,0.7833333333333333,1.558,3
1.083333333333333,1.186,1.033333333333333,1.942333333333333,0
1.1,0.9256666666666666,1.366666666666667,1.294333333333334,0
2.916666666666667,2.565333333333333,1.65,1.226666666666667,2
0.9166666666666666,1.174666666666667,1.25,1.452833333333333,1
1.45,1.0365,2,1.449833333333333,0
2.133333333333333,2.413333333333334,2.383333333333333,2.219666666666667,3
2.45,1.759833333333333,0,0.493,2
3.616666666666667,2.700166666666667,2.25,1.9435,1
3.166666666666667,3.485833333333333,1.566666666666667,1.759166666666667,0
1.7,1.782833333333333,2.1,1.946166666666667,1
0.45,0.8196666666666667,2.183333333333334,2.132833333333333,1
1.1,1.601166666666667,2.783333333333333,2.220333333333333,1
1.333333333333333,1.495833333333333,2.45,2.281333333333333,2
1.033333333333333,1.488333333333333,1.5,1.609166666666667,2
3.016666666666667,2.797,1.666666666666667,1.761666666666667,4
2.416666666666667,1.885166666666667,2.433333333333334,2.702833333333333,2
3.516666666666667,2.848666666666666,0.5,1.166833333333333,4
1.9,2.135833333333333,2.616666666666667,2.923333333333333,3
0.6666666666666666,1.3025,0.6666666666666666,1.25,0
2.016666666666667,1.513,0.9333333333333333,1.248,4
0.7333333333333334,1.2155,0.4,1.523833333333333,0
0.25,0.7903333333333333,0.9166666666666666,0.9303333333333333,1
1.45,1.670833333333333,2.7,1.990833333333333,2
0.2,1.55,3.2,1.520833333333333,2
3.433333333333334,1.339333333333333,2.016666666666667,1.821,1
2.7,1.944333333333333,0.7,1.4935,3
1.733333333333333,0.9105000000000001,0.7333333333333334,0.5663333333333334,1
1,0.9648333333333334,2.083333333333333,0.9115,1
2.483333333333333,1.1845,2.25,2.420833333333333,1
1.233333333333333,0.9119999999999999,1.866666666666667,1.571333333333333,3
0.3333333333333333,0.4141666666666667,1.95,0.873,0
3.5,2.356666666666666,1.533333333333333,1.539166666666667,0
1.416666666666667,1.144166666666667,3.166666666666667,1.64,1
1.083333333333333,1.71,1.333333333333333,1.450833333333333,1
0.7,0.9866666666666666,0.4,1.148166666666667,2
3.25,2.4275,1.2,1.085666666666667,3
2.483333333333333,2.794833333333333,0,1.258333333333333,2
1,1.419333333333333,2.816666666666666,2.001166666666667,0
0.7,1.2125,1.533333333333333,0.839,1
2.733333333333333,1.337666666666667,0.95,1.3415,2
0.9,1.439833333333334,1.283333333333333,1.246666666666667,3
1.766666666666667,2.461666666666667,1.15,2.094833333333333,1
1.483333333333333,1.436166666666667,3.766666666666667,1.8925,2
1.033333333333333,0.9830000000000001,1.733333333333333,1.662166666666667,2
2.483333333333333,2.2685,2.233333333333333,3.0795,5
1.483333333333333,1.467166666666667,1.75,1.99,1
2.9,2.339333333333333,0.5333333333333333,0.9878333333333333,2
0.7,1.228166666666667,1.9,1.589333333333333,4
2.716666666666667,3.1095,2.15,1.827333333333333,1
1.416666666666667,1.543,1.833333333333333,2.017833333333333,3
1,1.1435,2.233333333333333,1.299333333333333,1
1.95,1.383333333333333,1.283333333333333,2.542,1
1.883333333333333,1.036333333333333,1.4,1.077,2
2.85,2.803166666666667,1.166666666666667,1.104,5
0.2,0.3576666666666667,0.95,1.190333333333333,4
1.283333333333333,2.0235,0.6666666666666666,1.1735,1
2.483333333333333,1.382833333333333,1.85,1.635666666666667,0
1.5,1.172333333333333,2.75,1.732666666666667,3
1.483333333333333,1.514833333333333,1.166666666666667,1.319666666666667,1
2.116666666666667,1.306666666666667,1.183333333333333,2.6775,2
1.75,1.442666666666667,0.5833333333333333,1.438333333333333,4
0.8666666666666667,0.9083333333333334,2.316666666666666,1.468833333333333,1
2.416666666666667,2.5625,1.45,1.336666666666667,4
0.5833333333333333,0.9031666666666666,2.116666666666667,2.005333333333333,1
1.333333333333333,1.443,2.616666666666667,2.829166666666667,1
1.283333333333333,2.22,0.8666666666666667,1.11,0
0.8666666666666667,1.780333333333333,2.083333333333333,1.556,2
2.716666666666667,2.315666666666667,1.033333333333333,0.5496666666666667,0
0.95,1.229333333333333,2.283333333333333,2.188333333333333,2
1.283333333333333,1.496666666666667,2.583333333333333,3.386666666666667,1
1.45,1.117333333333333,1.333333333333333,1.4855,0
1.683333333333333,1.1185,2.95,2.868666666666666,4
1.733333333333333,2.742,1.933333333333333,1.710833333333333,2
1.5,1.252166666666667,3.35,2.171333333333333,1
3.766666666666667,3.479166666666667,1.45,2.174333333333333,2
3.283333333333333,2.571,2.683333333333334,2.6935,2
4.016666666666667,2.928833333333333,2.6,1.6765,1
0.7833333333333333,1.625333333333334,1.233333333333333,1.506166666666667,2
2.566666666666666,1.814333333333333,0.7333333333333334,0.9638333333333334,2
1.45,1.793833333333333,1.283333333333333,0.9846666666666667,2
1.666666666666667,1.131833333333333,2.033333333333333,1.750166666666667,0
1.116666666666667,1.941333333333333,1.233333333333333,1.387666666666667,3
0.7333333333333334,1.3785,2.283333333333333,1.518166666666667,1
1.533333333333333,0.9088333333333334,1.283333333333333,1.78,0
1.283333333333333,1.332333333333333,2.783333333333333,1.7755,2
1.5,1.595833333333333,0.7,1.339833333333333,3
1.816666666666667,1.592833333333333,0.4,0.5105,1
0.7833333333333333,0.7456666666666667,0.45,0.6808333333333334,0
1.533333333333333,1.440166666666667,3.433333333333334,2.119333333333334,2
1.3,1.550666666666666,2.85,3.067166666666667,0
0.45,0.5325,1.116666666666667,1.4245,1
2.566666666666666,2.365333333333334,1.9,2.086833333333333,5
1.833333333333333,1.976,0.8666666666666667,0.5913333333333333,1
1.866666666666667,1.655833333333333,2.083333333333333,1.207166666666666,0
0.9833333333333334,0.9826666666666667,2.15,1.602,3
2.5,1.510666666666667,1.333333333333333,1.770166666666666,2
2.2,1.962666666666667,1.7,2.085,1
0.45,1.123666666666667,2.483333333333333,3.306333333333333,2
1.033333333333333,1.5625,0.7833333333333333,1.298,1
1.916666666666667,2.637333333333333,0.2,0.467,1
1.833333333333333,1.879666666666667,1.866666666666667,2.509,3
1.85,2.8785,0.5,0.7746666666666666,1
1.866666666666667,2.205833333333334,1,1.336166666666667,0
2.116666666666667,1.8575,2.1,2.153333333333333,2
1.3,1.934666666666667,1.566666666666667,2.514666666666667,1
2.783333333333333,2.227333333333333,0.9,0.9411666666666667,1
0.3333333333333333,0.5846666666666667,0.8333333333333333,1.066,1
1.2,1.132166666666667,0.95,1.020333333333333,1
1.083333333333333,1.083,2.05,2.316333333333334,1
3.016666666666667,2.1285,1.033333333333333,0.853,2
2.75,3.038333333333333,2.7,1.531833333333333,3
1.366666666666667,2.266333333333333,2.8,2.059833333333333,1
1,1.556,1.95,1.088333333333333,2
2.816666666666666,1.986333333333333,1.45,1.048333333333333,2
2.033333333333333,2.127166666666667,1.866666666666667,1.750833333333333,3
0.5,1.171333333333333,3.516666666666667,2.321833333333333,1
1.3,0.8386666666666667,1.25,1.398166666666667,1
2.116666666666667,1.656833333333334,2.716666666666667,1.769333333333333,3
3.4,2.323833333333333,1.833333333333333,0.9606666666666667,1
2.083333333333333,1.383666666666667,1.4,1.881833333333333,2
3.266666666666667,1.785833333333333,2.466666666666667,1.349833333333333,0
1.7,0.9158333333333334,2.9,3.165,1
1.333333333333333,1.744,2.283333333333333,2.813166666666667,1
1.566666666666667,1.632166666666667,1.366666666666667,1.744333333333333,0
2.766666666666667,1.629,2.283333333333333,1.3205,1
2.133333333333333,2.054833333333333,3.85,1.4945,0
1.283333333333333,1.2655,0.25,1.0575,2
0.8333333333333333,0.8716666666666668,2.166666666666667,1.940666666666667,0
2.85,2.6085,1.433333333333333,1.808166666666667,4
1.033333333333333,1.434666666666667,1.783333333333333,1.972166666666667,1
3.316666666666666,3.760833333333333,1.333333333333333,2.028,5
1.15,1.856,0.8333333333333333,1.243333333333333,1
2.4,2.2815,1.933333333333333,2.239,0
1.733333333333333,1.419333333333333,2.15,2.139833333333334,0
1.7,1.592833333333333,1.166666666666667,1.070833333333333,5
0.8333333333333333,1.075666666666667,0.9333333333333333,1.2595,0
1.366666666666667,1.117166666666667,1.65,1.482333333333333,0
1.166666666666667,1.3875,2.9,2.1295,2
0.5833333333333333,0.743,2.016666666666667,0.8929999999999999,0
1.683333333333333,0.9450000000000001,1.283333333333333,0.777,1
2.15,1.756333333333334,1.666666666666667,1.217166666666667,2
1.933333333333333,1.558,1.233333333333333,1.167,2
1.033333333333333,1.211,1.15,1.609333333333333,1
0.7833333333333333,1.1425,0.9,1.469666666666666,1
0.45,1.361333333333333,3.783333333333333,2.6115,0
0.2,1.233166666666667,1.283333333333333,1.239666666666666,2
1.616666666666667,1.267666666666666,1.283333333333333,2.2,1
0.9,1.456333333333333,2.616666666666667,2.5135,1
1.583333333333333,1.333166666666667,1.85,1.166333333333333,1
4.816666666666666,3.876,1.45,1.463833333333333,0
2.116666666666667,1.904,0.6666666666666666,1.135666666666667,1
2.683333333333333,1.688,1.033333333333333,1.1525,5
0.2,0.9866666666666667,1.433333333333333,0.8120000000000001,0
0.2,1.038333333333333,1.316666666666667,0.9596666666666667,3
1.933333333333333,1.462833333333333,0.8666666666666667,1.091833333333333,1
3.183333333333334,2.737333333333333,0.85,1.681666666666667,3
1.116666666666667,1.505,1.783333333333333,2.159833333333333,1
1.783333333333333,1.108666666666667,1.033333333333333,1.135666666666667,0
1.116666666666667,1.048166666666666,0.7,0.865,3
1.2,1.457833333333333,2.416666666666667,2.074166666666667,5
0,0.7166666666666668,1.45,1.926166666666667,1
0.45,1.073166666666667,1.766666666666667,2.014666666666667,1
3.266666666666667,2.13,0.5,1.549666666666667,2
0.7,0.8268333333333333,2.2,1.684833333333334,0
1.1,1.859666666666667,1.7,1.701166666666666,4
0.9,1.228166666666667,1.366666666666667,1.126,1
0.3333333333333333,1.109333333333333,0.7,0.6273333333333333,3
1.333333333333333,1.5175,0.75,0.8058333333333334,0
