2.383333333333333,1.699833333333333,3.033333333333333,1.304833333333333,2
3.083333333333333,2.520833333333333,0.9,1.387,3
1.333333333333333,1.164333333333333,2.433333333333334,2.599333333333333,0
0.8666666666666667,1.382333333333333,1.233333333333333,1.082833333333333,3
0.5333333333333333,1.689833333333334,2.083333333333333,2.371833333333333,2
0.7333333333333334,1.518833333333333,1.033333333333333,1.7525,3
2.033333333333333,1.185,0.3333333333333333,1.213333333333333,0
2.083333333333333,1.682833333333333,1.866666666666667,0.9546666666666668,0
1.283333333333333,1.366,2.083333333333333,1.187833333333333,1
2.566666666666667,1.681166666666667,1.816666666666667,1.708833333333333,1
1.666666666666667,1.2115,0.3333333333333333,1.258333333333333,0
0.5833333333333333,1.151166666666667,2.366666666666667,0.8374999999999999,0
0.8333333333333333,0.7918333333333334,1.333333333333333,1.2545,2
0.6666666666666666,0.8458333333333334,1.483333333333333,1.343833333333333,0
1.416666666666667,1.586166666666667,1.233333333333333,1.220166666666667,4
0.7333333333333334,1.022166666666667,0.9166666666666666,1.207166666666667,0
1.033333333333333,0.6443333333333334,0.25,1.008,1
1.283333333333333,0.9425,1.366666666666667,0.7271666666666666,0
1.9,0.9750000000000001,0.8333333333333333,0.5876666666666667,0
0.8333333333333333,1.317,1.616666666666667,1.171833333333333,1
1.283333333333333,1.468,1.466666666666667,1.832166666666667,0
2.7,2.008333333333333,0.5833333333333333,0.7985,1
0.25,0.7051666666666667,1.883333333333333,1.1275,2
1.9,1.177833333333334,3.3,2.816,3
0.7,0.7903333333333332,1.45,1.760333333333334,1
0.8,0.8099999999999999,2.116666666666667,1.06,0
1.616666666666667,1.0445,2.75,1.1965,2
1.55,1.334333333333333,2.45,2.874833333333333,0
0.8666666666666667,1.988166666666667,0.9833333333333334,1.327,1
5.05,3.533,1.5,1.270333333333333,2
0.65,0.4541666666666667,1.483333333333333,2.2805,1
0.75,0.7763333333333333,0.7,0.8286666666666667,1
1.283333333333333,0.663,0.8333333333333333,0.7743333333333333,1
0.45,0.5905,2.783333333333333,1.6405,0
0.7,1.756333333333333,1.116666666666667,0.9113333333333333,2
2.116666666666667,1.012833333333333,0.45,0.5771666666666666,3
1.283333333333333,1.427,1.65,0.6883333333333334,0
0.9,0.8246666666666667,1.15,0.7669999999999999,0
2.483333333333333,1.558,0.3333333333333333,0.8054999999999999,3
1.616666666666667,1.692166666666667,0.9,0.6996666666666667,1
0.25,0.6593333333333333,1.033333333333333,1.208,1
1,0.7688333333333334,1.416666666666667,1.219333333333333,0
0.3333333333333333,0.6273333333333333,1.616666666666667,1.0505,1
1.85,1.120833333333333,2.016666666666667,1.095,0
0.95,1.331333333333333,0.65,0.7513333333333334,2
1.233333333333333,1.805666666666666,2.25,1.788833333333333,1
1.283333333333333,0.9284999999999999,1.933333333333333,1.333333333333333,0
3.516666666666667,2.945833333333333,0.9333333333333333,1.108666666666667,2
1.316666666666667,1.258,2.1,2.803833333333333,1
3.033333333333333,2.048,1.083333333333333,1.080666666666667,5
1.183333333333333,0.6543333333333333,2.566666666666666,2.202333333333333,0
2.483333333333333,2.125,1.283333333333333,1.449333333333333,3
0.8333333333333333,0.7943333333333333,3.283333333333333,1.890666666666667,1
0.5,0.3593333333333333,0.5833333333333333,1.2535,1
0.8333333333333333,0.7496666666666667,1.8,1.472833333333333,2
1.9,1.488166666666667,0.75,1.076833333333334,0
0.9166666666666666,1.791333333333333,2.2,1.644,2
0.95,1.676833333333333,1,0.9346666666666668,1
1.25,1.136333333333333,0.8333333333333333,0.4373333333333334,2
4.55,2.6245,0.5833333333333333,0.4501666666666666,1
2.416666666666667,2.381833333333333,0.9333333333333333,0.9473333333333332,1
1,0.9555,0.7833333333333333,0.9761666666666667,1
0.6,0.6948333333333334,1.333333333333333,1.814833333333333,3
1.866666666666667,1.753833333333333,2.2,1.7065,1
0.5333333333333333,1.058166666666667,0.65,0.674,1
0.9833333333333334,1.087,1.666666666666667,2.118833333333333,2
3.95,2.4705,0.5333333333333333,1.4545,1
1.783333333333333,1.750333333333333,0.4,0.7038333333333333,1
0.7333333333333334,1.191333333333333,1.866666666666667,1.421666666666667,2
1.566666666666667,1.863166666666667,1.5,1.849333333333333,2
1.566666666666667,1.585333333333333,1.916666666666667,1.963666666666667,1
1.416666666666667,1.217166666666667,1.95,1.485333333333333,1
0.7,1.004,1.933333333333333,1.178333333333333,3
0.5833333333333333,0.6411666666666667,1.783333333333333,1.186,2
2.116666666666667,1.321666666666667,0.75,0.7761666666666667,1
0.6,0.7716666666666666,2.616666666666667,1.774833333333333,1
3.683333333333334,2.278,2.783333333333334,2.063166666666667,3
1.283333333333333,1.0295,2.266666666666667,2.233833333333333,2
1.083333333333333,1.743333333333333,1.033333333333333,1.337666666666667,1
2.95,2.439333333333333,1.033333333333333,0.9700000000000001,2
1,1.143833333333333,0.5333333333333333,1.0605,2
1.45,1.168333333333333,1.033333333333333,1.559333333333333,0
1.733333333333333,1.545833333333333,0.3333333333333333,0.5705,0
0.5833333333333333,0.7834999999999999,2.266666666666667,1.9615,1
2.083333333333333,2.110333333333333,0.5333333333333333,0.9848333333333334,0
1.983333333333333,1.791333333333333,2.45,1.693833333333333,2
2.033333333333333,1.2965,0.8333333333333333,0.9468333333333332,0
0.8666666666666667,1.4085,1.566666666666667,1.290333333333333,2
1.066666666666667,1.417,1.783333333333333,1.531666666666667,3
2,2.376333333333333,0.5833333333333333,1.090333333333333,2
3.266666666666667,2.965333333333334,1.483333333333333,1.748666666666667,1
1.116666666666667,1.557333333333333,0.85,0.9778333333333333,2
1.483333333333333,1.652333333333333,1.783333333333333,0.911,2
1.25,1.222333333333333,1.233333333333333,1.589333333333333,2
0.9833333333333334,1.055666666666667,3.2,1.928833333333333,2
2.233333333333333,1.016833333333333,0.8666666666666667,1.094,1
1.666666666666667,1.484166666666667,2.233333333333333,2.465833333333333,1
0.5,1.084666666666667,2.9,1.641833333333333,2
0.7833333333333333,1.6005,0.5833333333333333,1.177166666666667,3
2.033333333333333,2.2465,1.033333333333333,1.645,1
0.7,1.106333333333333,2.566666666666666,2.259333333333333,1
1.116666666666667,1.810166666666666,1.233333333333333,1.772,2
1.566666666666667,1.396833333333333,0.45,1.739833333333333,0
0.2,1.1855,0.2,0.9055,1
1.266666666666667,1.659,1.45,1.599333333333333,0
1,1.176,0.9,1.625166666666667,1
0.45,0.9964999999999999,2.266666666666667,1.970666666666667,5
0.25,0.8038333333333334,0.8666666666666667,1.289,1
1.35,1.611166666666667,0.7,1.416,2
2.266666666666667,1.770333333333334,1.366666666666667,1.312,0
1.983333333333333,3.357333333333334,1.866666666666667,1.169166666666667,2
2.116666666666667,1.2955,1.733333333333333,1.963333333333333,0
2.2,1.916166666666667,1.666666666666667,1.1375,1
0.9833333333333334,1.227333333333333,1.366666666666667,2.291333333333333,3
1.533333333333333,1.303333333333333,1.533333333333333,1.369833333333333,2
1.916666666666667,1.265833333333333,1.7,1.530166666666667,2
0.8666666666666667,1.458,1.533333333333333,2.935333333333333,1
1.566666666666667,1.5235,2.016666666666667,1.023833333333333,2
1.916666666666667,2.126166666666667,2.016666666666667,1.577,3
2.166666666666667,2.685833333333333,3.816666666666667,2.828333333333333,3
0.8333333333333333,0.9678333333333333,1.6,1.922,2
2.65,2.717333333333333,1.366666666666667,1.327,3
1.833333333333333,1.110333333333333,1.833333333333333,2.397666666666667,3
0.5833333333333333,1.629166666666666,2.333333333333333,2.752333333333334,2
2.283333333333333,2.1445,2.6,1.9315,3
1.833333333333333,1.839833333333333,0,1.497833333333333,0
3.166666666666667,1.562333333333334,1.233333333333333,1.018833333333333,1
0.8333333333333333,0.9893333333333333,2.483333333333333,2.324833333333333,3
2.066666666666666,2.025,1.033333333333333,1.1895,1
2.233333333333333,1.695166666666667,1.366666666666667,1.236,2
1.116666666666667,2.4085,2.2,1.966666666666667,0
0.8333333333333333,1.037333333333333,0.4,1.404833333333333,0
3.016666666666667,2.387,2.066666666666666,1.5065,1
1.116666666666667,1.3825,1.233333333333333,0.9476666666666667,1
0.9,0.9068333333333334,1.316666666666667,1.186166666666667,1
0.9,1.025666666666667,2.7,1.411,1
1.65,1.988166666666666,0.7833333333333333,1.497166666666667,2
1.433333333333333,1.200666666666667,2.75,2.444333333333333,3
1.7,1.808,1.516666666666667,1.174833333333333,0
1.95,1.589333333333333,3.45,2.34,1
2,1.830833333333334,1.283333333333333,1.155666666666667,2
1.366666666666667,1.641666666666667,0.7833333333333333,0.5501666666666667,4
0.9,0.8781666666666667,3.366666666666667,1.938166666666667,1
2.583333333333333,1.548666666666667,1.65,1.389333333333333,2
1.783333333333333,1.190666666666667,3.25,3.070333333333333,1
0.95,1.152333333333333,2.283333333333333,1.726833333333333,3
3.2,1.3415,0,0.6483333333333333,1
4.65,4.094333333333333,2.2,2.116833333333333,3
2.116666666666667,0.9218333333333333,2.25,1.8605,0
1.733333333333333,1.545166666666667,3.666666666666667,2.313333333333333,0
0.85,1.581833333333333,1.566666666666667,1.006333333333333,1
1.616666666666667,1.301333333333333,0.4,0.9548333333333333,0
1.983333333333333,1.908333333333333,0.5,0.6885,1
0.3333333333333333,0.7463333333333333,1.533333333333333,1.0545,1
0.7333333333333334,0.6855,2.433333333333334,1.101833333333333,4
0.45,0.9521666666666666,1.25,0.907,2
0.9833333333333334,1.437666666666667,0.9833333333333334,2.007833333333333,1
1.4,1.507,2.183333333333334,1.918666666666667,4
0.8333333333333333,1.557833333333333,0.5,1.050166666666667,0
1.766666666666667,1.284166666666667,0.7333333333333334,1.100333333333333,2
2,1.548,1.616666666666667,1.106333333333333,2
0.7833333333333333,0.9996666666666667,0,1.337333333333333,0
1.616666666666667,1.8635,1.7,1.5665,3
2.766666666666667,1.792333333333333,0.95,2.314333333333334,4
2.483333333333333,1.378333333333333,2.65,1.6045,0
1.333333333333333,0.8414999999999999,2.35,1.658166666666667,1
3.85,2.702166666666667,2.35,2.270666666666667,2
0.5833333333333333,1.163666666666667,1.683333333333333,2.294666666666667,1
2.183333333333334,1.745333333333333,2.266666666666667,1.909,0
1.416666666666667,1.07,2.533333333333333,0.8293333333333333,0
2.333333333333333,2.752833333333333,2.85,1.214166666666667,1
1.816666666666667,1.488666666666667,1.783333333333333,2.438833333333333,1
0.4,2.015833333333333,1.033333333333333,0.9874999999999999,1
1.783333333333333,2.068666666666667,0.9166666666666666,0.9303333333333333,0
0.5333333333333333,1.1295,2.033333333333333,2.683,1
0.6666666666666666,0.9488333333333333,1.483333333333333,1.535,0
0.4,1.074,0.8333333333333333,1.169166666666667,1
3.533333333333333,1.7625,0.75,1.754,1
0.3333333333333333,1.3105,1.866666666666667,1.671166666666667,1
1.033333333333333,1.6475,0,0.7938333333333333,0
0.4,1.001166666666667,1.4,1.4935,3
0.5333333333333333,1.083333333333333,1.316666666666667,1.073666666666667,1
0.45,1.0955,1.6,1.5405,1
1.55,1.368333333333333,1.416666666666667,1.3585,2
2.833333333333333,2.316333333333334,1.183333333333333,0.7756666666666667,2
1.033333333333333,0.5256666666666666,1,1.244333333333333,0
2.483333333333333,1.2345,1.083333333333333,1.418833333333333,1
2.15,1.916,0,0.9751666666666667,1
1.766666666666667,1.489666666666667,2.083333333333333,1.51,0
1.766666666666667,1.3715,1.3,0.7366666666666667,1
1.483333333333333,1.5885,2.633333333333333,2.113666666666667,2
1.883333333333333,3.192666666666667,0.45,1.072333333333333,2
0.3333333333333333,0.9409999999999999,0.5333333333333333,1.290666666666667,0
0.5333333333333333,0.9656666666666667,1.833333333333333,1.200166666666667,2
1.833333333333333,2.365666666666667,1.633333333333333,1.906,0
1.333333333333333,1.648,0.45,0.9858333333333333,0
1.033333333333333,0.8316666666666666,2.083333333333333,2.285,1
0.4,0.8968333333333334,1.233333333333333,1.817666666666667,0
2.2,1.53,0.5,1.8215,1
0.4,0.9100000000000001,0.5,1.189333333333333,0
1.783333333333333,2.591166666666667,1.366666666666667,1.138833333333333,3
1.033333333333333,0.8556666666666667,0.25,1.048,1
1.916666666666667,1.3305,0.7833333333333333,0.7936666666666665,2
2.716666666666667,1.715333333333333,2.25,1.3245,4
2.183333333333334,1.895333333333333,1.4,1.801,0
1.333333333333333,1.5445,2.066666666666666,1.72,0
1.233333333333333,1.0325,2.05,1.1695,1
1,1.3,1.733333333333333,1.314166666666667,2
2.116666666666667,2.029833333333333,1.166666666666667,1.526666666666667,2
1.2,0.9918333333333333,0.5833333333333333,1.356333333333333,2
1.9,1.516166666666667,0.7,0.8363333333333334,2
1.283333333333333,1.338166666666667,1.616666666666667,1.554833333333333,1
1.45,1.9855,1.616666666666667,1.590833333333333,0
0,0.8503333333333334,0.5833333333333333,1.613833333333333,1
1.366666666666667,1.177333333333333,2.283333333333333,1.983166666666667,1
0.2,0.5318333333333333,1.2,1.882333333333333,1
2.133333333333333,1.643666666666666,0.5,0.7478333333333333,2
0.7,1.397,1.416666666666667,0.9953333333333334,0
1.666666666666667,0.8413333333333333,0.5833333333333333,0.8971666666666667,1
1.333333333333333,0.8863333333333332,2.866666666666667,2.010166666666667,1
1.7,2.17,2.933333333333334,1.807666666666667,4
1.2,1.337833333333333,0.8333333333333333,1.284333333333333,3
1.666666666666667,0.8586666666666667,0.25,1.2025,1
1.566666666666667,0.8236666666666667,1.333333333333333,1.318833333333333,2
1.283333333333333,1.276,1.9,1.450333333333333,1
3.733333333333333,2.094166666666667,0.8333333333333333,0.992,1
1.766666666666667,1.632666666666667,0.95,0.9311666666666666,2
0.7,0.8633333333333333,1.366666666666667,0.4946666666666666,0
1.916666666666667,1.833833333333333,1.45,1.433333333333334,1
1.75,1.4905,1.416666666666667,0.8975,3
0.8333333333333333,0.9246666666666666,1.333333333333333,1.041333333333333,1
0.3333333333333333,0.8471666666666666,1.033333333333333,0.9448333333333333,2
0.7,0.9496666666666667,2.316666666666666,2.537666666666667,2
1.866666666666667,2.066333333333334,1.233333333333333,1.386166666666667,3
0.8333333333333333,0.6708333333333334,1.75,1.495166666666667,2
0.75,1.257666666666667,4.283333333333333,1.874166666666667,1
1.416666666666667,0.7881666666666667,0.65,1.228666666666667,3
1.783333333333333,1.700666666666667,1.15,0.784,3
4.566666666666666,2.806166666666667,1.366666666666667,1.437166666666667,0
2.933333333333333,3.398833333333333,1.416666666666667,1.4795,3
2.116666666666667,2.009166666666667,2.366666666666667,1.590833333333333,1
0.7833333333333333,0.8523333333333333,1.7,1.8225,0
1.066666666666667,0.6288333333333334,1.483333333333333,1.177833333333333,0
0.7833333333333333,1.1,1.783333333333333,1.659833333333333,2
2.383333333333333,1.673333333333333,2.333333333333333,1.239333333333333,0
1.483333333333333,1.133166666666667,2.416666666666667,2.238666666666667,1
2.816666666666666,1.9445,0.65,0.4705,2
1.75,1.9685,0.3333333333333333,0.9021666666666666,1
1.033333333333333,1.062666666666667,1.483333333333333,1.607,0
3.25,2.970666666666667,0.8666666666666667,0.9191666666666667,1
0.6666666666666666,1.027166666666667,1.65,1.604666666666667,1
1.65,1.083833333333333,2.95,2.410833333333333,3
1.166666666666667,0.8878333333333335,1,1.109333333333333,0
1.65,1.960333333333333,1.65,2.554166666666667,3
0.8666666666666667,1.060666666666667,2.533333333333333,1.522833333333333,3
1.783333333333333,1.6315,1.416666666666667,1.103666666666667,2
2.2,2.018333333333334,3.2,1.856166666666667,2
1.116666666666667,0.8861666666666667,1.566666666666667,1.661333333333333,1
3.9,1.407166666666667,1.75,1.197333333333333,2
2.85,2.5435,2.083333333333333,1.6165,0
1.45,1.561333333333333,0.5833333333333333,1.147666666666667,0
2.316666666666666,1.461666666666667,1.85,1.7235,1
1.866666666666667,1.270666666666667,0.7833333333333333,1.080166666666666,1
1.7,0.4565,1.95,1.430833333333333,1
1.683333333333333,1.7535,2.233333333333333,1.7915,0
1.783333333333333,1.6975,1.166666666666667,1.026166666666667,0
0.95,1.128166666666667,3.15,2.095,0
2.483333333333333,2.257,1.7,0.7531666666666668,1
2.833333333333333,2.1615,2.45,3.0095,2
0.7333333333333334,0.979,1.5,0.5548333333333333,1
1.866666666666667,1.897666666666667,2.283333333333333,1.164,1
0.65,1.0165,1.45,1.234833333333333,0
2,1.265833333333333,1.666666666666667,1.077333333333333,3
2.35,1.638333333333333,0.6,0.9139999999999999,1
0.7333333333333334,0.7346666666666667,1.566666666666667,1.643166666666667,1
0.3333333333333333,0.4226666666666666,2.85,2.881,1
2.1,2.2565,1.233333333333333,1.56,2
0.75,1.499333333333333,2.233333333333333,1.584,1
2.25,1.8015,0.7333333333333334,0.9258333333333333,2
1.3,1.015166666666667,1.85,1.884166666666667,3
3.65,2.903333333333333,0.65,1.569,6
1.583333333333333,1.467833333333333,2.2,2.542,2
1.033333333333333,1.564666666666667,1.766666666666667,0.9368333333333333,1
0.5,0.854,1.583333333333333,1.380833333333333,0
1.2,1.56,2.416666666666667,2.326,1
1.733333333333333,1.6465,0.8333333333333333,1.132,1
1.983333333333333,1.4915,0.5333333333333333,0.7509999999999999,1
0.75,0.7966666666666666,0.7,1.58,0
1.45,1.848,1.65,1.531666666666667,2
5.35,3.241666666666667,1.333333333333333,1.108166666666667,3
2.183333333333334,1.574333333333333,3.683333333333334,1.31,0
3.766666666666667,3.032833333333333,1.983333333333333,1.855166666666667,2
2.5,1.439833333333333,1.366666666666667,1.463,0
1.533333333333333,0.9746666666666667,3.183333333333334,2.763166666666667,2
0.3333333333333333,1.2255,0.8333333333333333,1.172333333333333,0
1.533333333333333,0.9951666666666668,0.8666666666666667,1.524833333333333,1
1.483333333333333,1.7285,2.283333333333333,1.286,1
2.016666666666667,1.5865,2.9,2.6605,3
2.583333333333333,2.025333333333333,1.1,0.9168333333333334,4
1.033333333333333,0.8835000000000001,1.483333333333333,0.7885,0
4.1,2.747166666666667,0.45,0.823,6
0.5,0.9155,1.166666666666667,1.273833333333333,3
0.5833333333333333,1.310666666666667,2.783333333333333,2.288166666666667,2
1.116666666666667,0.9763333333333334,1.233333333333333,1.425166666666666,0
1.283333333333333,1.117166666666667,2.5,1.757333333333333,3
0.5333333333333333,1.353,1.533333333333333,1.711166666666667,2
1.183333333333333,1.3825,1.25,2.092833333333333,0
0.75,0.5569999999999999,0.5333333333333333,0.5954999999999999,0
1.033333333333333,0.9245,1.916666666666667,1.717333333333333,5
2,2.130833333333333,0.75,0.9430000000000001,2
0.7833333333333333,1.654166666666667,2.85,2.903333333333333,2
1.533333333333333,1.079666666666667,1.033333333333333,1.602666666666666,1
1.45,1.3575,0.7333333333333334,1.618166666666667,1
1.366666666666667,1.086,2.583333333333333,1.568166666666666,2
2.65,1.901333333333334,1.95,1.486,0
2.066666666666666,2.728166666666667,1.15,1.122166666666667,1
2.783333333333333,2.007666666666667,3.616666666666667,2.421166666666667,2
0.7,1.436833333333333,0.45,0.4575,1
0.95,0.9435,0.95,1.8575,1
2.4,1.878833333333333,0.95,0.7668333333333334,1
1.366666666666667,1.571166666666667,1.2,1.428666666666667,2
1.75,1.524666666666667,2.9,2.587,3
0.75,0.7626666666666666,1.866666666666667,1.485166666666667,1
4.1,3.3845,1.966666666666667,1.495666666666667,3
0.2,0.8566666666666667,4.45,2.98,1
3.766666666666667,3.089333333333333,0.7,1.676333333333333,3
2.833333333333333,1.584,0.9166666666666666,0.9193333333333333,0
2.866666666666667,2.053666666666667,2.5,2.8305,2
1.95,2.001,2.816666666666667,1.803666666666667,2
0.4,1.305333333333333,1.9,1.738666666666667,0
2,2.061,1.45,1.981666666666667,4
2.7,2.010666666666666,0,0.9853333333333334,1
2.533333333333333,1.464666666666667,1,0.5991666666666666,1
1.333333333333333,0.838,3.6,2.310166666666666,1
1.783333333333333,1.040333333333333,1.433333333333333,1.024,1
1.95,1.633833333333333,1.45,1.122333333333333,2
1.166666666666667,1.757166666666667,1.733333333333333,2.349333333333333,2
1.866666666666667,1.892333333333333,2.45,1.672166666666667,1
0.75,2.146166666666667,2.283333333333333,2.038666666666667,2
2.116666666666667,1.812333333333333,1.666666666666667,2.296333333333333,2
3.5,1.995833333333333,0.5,0.8313333333333334,1
1.483333333333333,1.498666666666667,1.616666666666667,1.967,0
2.116666666666667,1.943666666666667,1.1,0.8568333333333334,3
0.3333333333333333,1.229833333333333,0.5833333333333333,0.9691666666666667,0
2.283333333333333,1.769166666666667,1.166666666666667,1.748666666666667,6
2.75,1.728333333333333,2.233333333333333,1.140833333333333,2
1.7,1.781833333333333,3.333333333333333,2.2265,2
0.5,0.6093333333333333,0.95,1.215166666666667,1
1.616666666666667,2.2865,1.333333333333333,1.744833333333333,1
0.8333333333333333,1.298166666666667,2.45,2.322333333333333,2
1.633333333333333,1.049,0.5,1.588333333333333,1
0.2,0.8586666666666667,0.8333333333333333,0.7429999999999999,1
1.933333333333333,2.5045,1.583333333333333,1.9665,1
0.7833333333333333,0.6245000000000001,1.933333333333333,1.612,3
1.733333333333333,1.951,0.3333333333333333,0.8075,3
1.416666666666667,1.485833333333333,1.616666666666667,2.183666666666667,2
1.833333333333333,1.262,0.95,1.165333333333334,1
1.583333333333333,1.794833333333334,1.716666666666667,1.572333333333333,2
1.316666666666667,1.309666666666667,2.6,2.287166666666667,3
2.066666666666666,1.859833333333333,3.533333333333333,1.6975,1
0.5333333333333333,1.061166666666667,3.566666666666666,2.541833333333333,0
0.25,1.230666666666667,2.4,1.655333333333333,2
1.416666666666667,1.941666666666666,0.65,1.455666666666667,1
0.7,1.115,2.75,1.754666666666667,0
1.45,1.367166666666667,2.216666666666667,2.223166666666666,1
0.5833333333333333,0.5506666666666666,2.483333333333333,1.819666666666667,2
3.2,2.291833333333333,1.083333333333333,1.024666666666667,1
2.1,2.092,2.2,1.075,1
2.516666666666667,1.413666666666667,3.15,1.92,3
3.65,2.646666666666667,1.783333333333333,1.474666666666667,2
2.65,1.985166666666667,1.2,1.055,1
1.2,1.051,1.033333333333333,1.349,0
0.8333333333333333,1.188,1.283333333333333,2.284666666666667,3
0.5333333333333333,1.105666666666667,0.7,0.9435,0
0.9833333333333334,1.842,2.316666666666666,1.755333333333333,2
1.45,1.249333333333333,0.3333333333333333,1.130333333333333,1
1.9,1.913666666666667,0.7833333333333333,1.991,1
1.283333333333333,1.785833333333333,2.066666666666666,1.279333333333333,1
2.45,1.542,2.483333333333333,1.9945,0
1.283333333333333,2.032666666666667,2.75,2.3355,1
1.333333333333333,1.868166666666667,1.4,1.563666666666667,0
1.483333333333333,1.957833333333333,2.616666666666667,1.0375,3
2.15,1.0865,2.783333333333333,1.88,1
0.8666666666666667,0.4825,2.533333333333333,1.916,3
0.9,1.195666666666667,1.733333333333333,2.457,2
1.833333333333333,1.343,1.85,1.622833333333333,0
0.25,0.9560000000000001,1.983333333333333,1.854,0
1.166666666666667,1.416333333333333,1.866666666666667,1.915333333333333,1
1.616666666666667,1.276333333333334,2.283333333333333,2.277833333333334,1
3.266666666666667,3.190333333333334,1.333333333333333,0.8906666666666666,4
1.283333333333333,1.3475,0.95,1.048,0
1.366666666666667,1.161666666666667,1.083333333333333,1.929666666666667,3
0.6,1.141,1,1.162333333333333,1
2,0.6114999999999999,0.95,1.238833333333333,2
1.183333333333333,1.468,1.733333333333333,1.441,2
0.2,1.387833333333333,0.9333333333333333,1.170333333333333,0
0.8333333333333333,1.320166666666667,0.7,1.3145,1
3.033333333333333,1.268,1.533333333333333,1.378,0
1.683333333333333,1.787833333333333,0.5333333333333333,1.505666666666667,1
2.45,1.853833333333333,1.733333333333333,1.79,0
2.133333333333333,1.017,0.5,1.125333333333333,1
0.7,1.003666666666667,2.033333333333333,1.592333333333333,0
2.733333333333333,3.013,2.4,1.192,5
1.166666666666667,0.6083333333333334,0.8333333333333333,1.3785,2
2.183333333333334,1.679833333333333,1.783333333333333,2.341666666666667,4
0.45,1.176333333333333,1.25,1.356166666666667,2
0.9833333333333334,1.051166666666667,1.366666666666667,1.170333333333333,1
0,0.8635,1.233333333333333,0.52,1
1.616666666666667,1.475166666666667,1.45,1.339166666666667,0
1.95,2.6455,1.533333333333333,1.9805,3
0.7333333333333334,0.7761666666666667,0.45,1.4335,3
1.366666666666667,1.000666666666667,0.2,0.6248333333333334,3
3.116666666666667,2.606166666666667,0.25,0.4418333333333333,1
1.366666666666667,1.313,3.983333333333333,1.777,2
1.833333333333333,1.2255,2.45,2.237166666666667,3
1.283333333333333,1.929833333333333,1.583333333333333,1.802,1
0.5,1.354333333333333,1.2,1.022166666666667,1
0.8333333333333333,0.8943333333333332,1.15,0.9931666666666666,1
1.2,1.278833333333333,1.533333333333333,1.697333333333333,0
1.45,0.8458333333333334,1.166666666666667,1.038,2
1.65,1.458166666666667,0.95,0.6786666666666666,0
1.85,2.4435,1.083333333333333,0.8408333333333333,2
3.716666666666667,2.580666666666667,2.283333333333333,2.517166666666667,4
0.8333333333333333,0.9543333333333333,1.733333333333333,1.592333333333333,0
2.766666666666667,1.4525,2.033333333333333,1.764333333333333,1
0.25,0.8868333333333334,1.75,1.924,2
0.8333333333333333,1.121,1.45,1.989,2
0,0.9664999999999999,1.233333333333333,1.243666666666667,2
0.95,1.354833333333333,1.166666666666667,1.3815,3
2.2,1.6405,0.9833333333333334,1.095666666666667,1
1.65,1.497,1,1.0485,3
1,1.379666666666667,0.8333333333333333,0.5880000000000001,0
2.233333333333333,1.994,2.2,2.3855,0
0.65,1.226333333333333,3,2.6165,0
1.083333333333333,0.9598333333333333,2.116666666666667,1.2345,0
2.283333333333333,2.032,0.95,0.9541666666666667,1
3.7,3.116166666666667,1.083333333333333,1.092166666666667,0
0.7833333333333333,0.5966666666666667,3.316666666666666,1.745666666666667,1
1.316666666666667,1.8845,3.1,2.259666666666666,1
0.5833333333333333,1.102666666666667,1.416666666666667,2.133833333333333,1
2.166666666666667,1.294666666666667,1.75,1.325166666666667,0
0.2,1.035333333333333,0.5833333333333333,0.6981666666666666,0
1.266666666666667,1.677,0.4,0.7458333333333333,0
2.116666666666667,1.248666666666667,3.883333333333333,3.151166666666667,1
2.166666666666667,2.172333333333333,1.033333333333333,1.606166666666667,2
0.95,0.8206666666666667,2.1,1.261666666666667,1
2.233333333333333,1.275166666666667,1.116666666666667,1.054833333333333,1
2.233333333333333,1.509166666666667,0.65,1.117166666666667,1
2,1.577666666666667,2.116666666666667,1.296,2
1.433333333333333,1.205,2.4,1.789333333333333,1
1,1.263833333333333,1.666666666666667,1.630666666666667,1
1.4,1.320333333333333,1.583333333333333,1.157666666666667,1
1.866666666666667,1.396,1.1,1.448,1
0.5,1.333333333333333,1.9,1.227833333333333,1
2.6,2.2815,1.916666666666667,1.4835,2
0.95,0.9138333333333334,1.4,1.925333333333334,1
1.533333333333333,1.205666666666667,1.65,2.095666666666666,3
2.283333333333333,2.027666666666667,1.233333333333333,1.325166666666667,1
2.483333333333333,1.846833333333333,0.95,1.5295,1
1.5,0.9776666666666666,1.733333333333333,1.3395,1
2.9,3.220666666666666,2.6,1.968833333333333,5
1.5,1.990666666666667,2.066666666666666,1.200833333333333,1
1.883333333333333,1.376833333333333,0.7,0.4871666666666666,0
1.083333333333333,0.5993333333333333,1.483333333333333,0.9796666666666667,2
0.75,0.8346666666666666,1.483333333333333,1.422,0
1.2,0.8380000000000001,0.8333333333333333,1.0035,0
2.316666666666666,2.109,0.7333333333333334,0.9598333333333333,1
1.033333333333333,1.197166666666666,1.183333333333333,0.8288333333333333,0
0.9333333333333333,1.3355,0.5,0.7558333333333334,1
1.533333333333333,1.5025,3.966666666666667,2.604333333333333,2
1.033333333333333,0.7648333333333334,1.766666666666667,1.499,1
3.916666666666667,3.279166666666667,0.8333333333333333,1.469333333333333,2
0.8333333333333333,0.9753333333333333,1.183333333333333,1.609,4
1.166666666666667,1.402333333333333,1.033333333333333,0.9445,0
0.9833333333333334,1.324,1.583333333333333,1.579333333333333,1
1.583333333333333,1.532833333333333,1.5,2.013,2
0.8333333333333333,0.9629999999999999,2.533333333333333,2.264833333333333,2
1.033333333333333,1.822333333333333,1.083333333333333,1.639,2
0.5833333333333333,1.384333333333333,0.7833333333333333,0.9678333333333333,2
2.2,1.9145,0.8333333333333333,0.972,1
1.533333333333333,1.119,2.316666666666666,1.427333333333333,0
1.35,1.390666666666666,0.5833333333333333,1.175,2
2.483333333333333,1.882666666666667,0.25,0.6478333333333334,0
1.116666666666667,0.479,1.483333333333333,1.463833333333333,1
2.116666666666667,1.286666666666667,2.616666666666667,1.407,2
0.25,0.6818333333333333,0.95,1.653333333333333,2
0.95,0.7361666666666667,1.45,1.314833333333333,2
1.283333333333333,1.628333333333333,1.033333333333333,0.8756666666666666,1
1.6,1.422333333333333,1.2,0.5231666666666667,0
0.45,1.369833333333333,0.9833333333333334,1.171333333333333,1
1.033333333333333,1.3865,2.816666666666666,1.509166666666667,1
3.366666666666667,2.6255,2.116666666666667,1.485166666666667,1
2.916666666666667,2.489333333333333,1.45,1.6445,5
1.2,1.024333333333333,0.8666666666666667,1.746333333333333,1
1.866666666666667,1.477833333333333,0.45,1.022666666666667,2
1.183333333333333,1.2045,3.533333333333333,2.665166666666667,1
0.4,1.482166666666667,3.116666666666667,2.344666666666666,1
1.033333333333333,0.7825,2.266666666666667,1.3245,2
1.866666666666667,1.579166666666667,1.283333333333333,1.2395,4
1.533333333333333,0.9890000000000001,0.8666666666666667,1.753333333333333,1
1.783333333333333,1.567166666666667,0.95,1.101833333333333,1
1.7,1.417333333333333,2.283333333333333,0.9483333333333335,1
1.333333333333333,0.7581666666666667,0.5,1.1095,3
2.416666666666667,0.827,1.916666666666667,1.512166666666667,0
1,1.453,2.316666666666666,1.5275,2
1.566666666666667,1.4055,1.783333333333333,1.043833333333333,0
0.7333333333333334,0.4508333333333333,1.483333333333333,1.013,1
0.95,1.585833333333333,1.066666666666667,0.8176666666666667,1
1.333333333333333,1.023166666666667,2.116666666666667,1.176333333333333,2
1.783333333333333,1.408833333333333,1.166666666666667,0.879,4
1.283333333333333,0.8744999999999999,0.5,0.6748333333333334,0
2.233333333333333,1.7775,0.7333333333333334,1.612166666666667,2
2.333333333333333,2.0215,1.083333333333333,1.857166666666667,0
0.7833333333333333,1.367,2.783333333333333,1.9495,1
1.133333333333333,1.700166666666667,0.6666666666666666,1.065666666666667,3
1.833333333333333,1.674666666666667,2.633333333333333,2.186833333333333,4
2.066666666666666,1.286166666666667,3.233333333333333,1.834166666666667,3
1.033333333333333,1.591333333333333,1.483333333333333,2.1155,1
1.033333333333333,1.672833333333333,2.166666666666667,1.764166666666667,2
3.316666666666667,2.632166666666667,1.566666666666667,1.238166666666667,3
1.733333333333333,1.868166666666667,1.733333333333333,2.412833333333333,0
2.4,1.6605,2.066666666666666,1.861166666666667,1
1.95,1.680666666666667,0.7833333333333333,1.1435,0
1.416666666666667,1.197833333333333,1.2,0.6340000000000001,1
0.9,1.1495,0.7333333333333334,1.623666666666667,0
0.5333333333333333,0.6040000000000001,3.383333333333333,2.507666666666667,2
1.366666666666667,1.258666666666667,1.816666666666667,1.750333333333333,0
0.3333333333333333,1.638166666666667,1.4,0.9781666666666666,0
1.083333333333333,1.422333333333333,2.233333333333333,1.108166666666667,1
2.033333333333333,1.436166666666667,0.9166666666666666,1.747833333333333,1
1.683333333333333,1.282166666666667,0.75,0.6940000000000001,1
0.7,1.226,3.166666666666667,1.186833333333333,1
3.5,2.7835,1.35,1.308166666666667,0
1.866666666666667,2.206833333333333,0.8666666666666667,1.0935,0
2.033333333333333,1.4535,3.4,2.826666666666667,2
1.65,1.415,1.9,1.6515,2
1.7,1.2925,1.633333333333333,1.721833333333333,2
0.3333333333333333,0.8958333333333333,2.783333333333333,2.398,2
2.7,1.720166666666667,1.533333333333333,2.231666666666666,4
2.533333333333333,2.071,0.75,1.421333333333333,1
0.2,1.277666666666667,1.45,1.9185,1
3.133333333333333,1.923333333333333,1.483333333333333,1.8005,0
1.816666666666666,2.500833333333333,1.15,1.531166666666667,4
1.483333333333333,0.9861666666666666,2.2,2.1295,4
0.2,1.098666666666667,3.05,1.200833333333333,1
0.85,1.2545,0.5833333333333333,0.6126666666666667,2
1.333333333333333,1.6375,2.866666666666667,2.575833333333334,3
1.283333333333333,1.788,1.233333333333333,1.463333333333333,1
0.9,1.724666666666667,1.383333333333333,1.365,1
0.7833333333333333,1.1195,0.7,1.085,1
0.3333333333333333,1.308,0.5,1.236166666666667,0
2.416666666666667,1.477,0.25,1.253,3
1.4,1.578666666666667,2.266666666666667,1.821,4
0.5,1.063,0.95,1.467,1
2.966666666666667,1.158,2.983333333333333,1.351166666666667,2
1.5,1.197166666666667,3.016666666666667,1.568666666666667,0
1.95,1.565833333333333,0.8333333333333333,1.561666666666667,0
2.033333333333333,2.113666666666667,2.033333333333333,2.237666666666667,1
2.683333333333334,2.255166666666667,0.95,0.7228333333333334,2
1.583333333333333,1.833333333333333,0.5833333333333333,1.767166666666667,2
2.233333333333333,1.654166666666667,0.8666666666666667,0.9195,0
1.833333333333333,1.135,1.7,1.171333333333333,0
1.666666666666667,1.276,1.783333333333333,1.485,0
1.7,1.624166666666667,2.1,1.249666666666667,1
0.5333333333333333,0.7909999999999999,2.083333333333333,1.721666666666667,2
1.25,1.1855,2.4,3.254166666666666,2
1.283333333333333,1.4055,1.833333333333333,1.484666666666667,1
1.45,1.178166666666667,0.5333333333333333,0.704,4
2.6,2.0255,3.333333333333333,2.027166666666667,5
1.316666666666667,1.591666666666667,2.25,1.052,0
1.333333333333333,1.192166666666667,1.483333333333333,1.669166666666667,1
1.95,1.443,2.533333333333333,1.768,2
1.533333333333333,1.603833333333333,1.283333333333333,1.614333333333333,1
1.483333333333333,1.469,2.133333333333333,1.712166666666667,1
2.316666666666666,2.072,1.116666666666667,1.081333333333333,2
2.15,1.410833333333333,1.2,1.861833333333333,0
0.7,0.8938333333333334,1,1.322833333333333,1
1.083333333333333,1.352833333333333,2.233333333333333,0.8786666666666667,4
1.35,1.233166666666667,0.9166666666666666,0.7933333333333333,0
0.7333333333333334,1.062166666666666,1.616666666666667,1.9345,2
2.866666666666667,1.2795,1.283333333333333,1.410833333333333,2
1.283333333333333,1.564666666666667,1.783333333333333,1.912166666666667,2
0.45,1.346,1.4,1.829666666666667,3
0.9,0.7538333333333334,1.1,1.546833333333333,5
1.866666666666667,1.311666666666667,1.033333333333333,1.358333333333333,1
1.366666666666667,1.507166666666667,6.016666666666667,4.015333333333333,2
2.2,1.371,2.966666666666667,2.150833333333333,0
3.166666666666667,2.806833333333334,1,0.522,2
0.5833333333333333,1.433333333333333,1,0.9433333333333334,1
1.833333333333333,1.490166666666667,0.7833333333333333,1.548666666666667,3
5.55,3.185666666666667,1.866666666666667,1.737166666666667,0
2.166666666666667,1.580333333333333,2.883333333333333,2.184,1
3.2,3.051333333333333,2,2.11,4
0.7833333333333333,0.9826666666666666,1.066666666666667,1.136666666666667,0
1.816666666666667,1.521666666666667,2.166666666666667,2.128666666666667,2
0.75,1.145166666666667,1.566666666666667,1.345833333333333,0
4.566666666666666,1.939,1.866666666666667,1.132333333333333,3
1.783333333333333,2.2705,1.533333333333333,1.138666666666667,2
0.8666666666666667,0.7493333333333334,0.9333333333333333,1.296,0
0.8333333333333333,1.24,3.283333333333333,2.087333333333333,2
1.033333333333333,1.232333333333333,1.116666666666667,1.118,1
1,1.008833333333333,1.2,1.217666666666667,0
2.033333333333333,1.114333333333333,1.166666666666667,1.312166666666666,0
2.166666666666667,2.1485,2.2,1.381666666666667,0
2,1.384,3.816666666666666,2.578333333333334,1
1.066666666666667,1.048333333333333,3.416666666666667,3.149999999999999,1
1,1.1545,2.166666666666667,1.3385,2
2.2,2.0465,1.333333333333333,0.9388333333333333,4
2.733333333333333,1.155166666666667,1.9,2.0325,4
1.2,1.081166666666667,1.866666666666667,1.6185,3
1.616666666666667,1.47,2.033333333333333,1.925166666666667,0
2.9,3.320666666666667,3.583333333333333,2.504833333333333,1
4.133333333333333,3.180833333333333,2.116666666666667,1.802,6
1.116666666666667,0.8228333333333334,0.4,0.8436666666666667,0
0.9166666666666666,1.065,0.65,1.020333333333333,1
1.783333333333333,1.849,0.25,0.28,1
0.2,0.7436666666666667,0.7,0.9936666666666667,2
0.25,1.112333333333333,2.15,1.509,2
0.9,1.281166666666667,2.816666666666666,2.588833333333334,0
2.65,1.426,1.666666666666667,1.907166666666667,0
1.733333333333333,1.4715,2.116666666666667,1.367333333333333,2
0.75,0.7855,2.283333333333333,2.370666666666667,2
2.333333333333333,1.184166666666667,0.75,0.773,2
1.15,0.8928333333333333,2.816666666666666,1.368,1
1.5,0.9435,1.483333333333333,1.835333333333333,4
1.933333333333333,1.609333333333333,2.583333333333333,2.038833333333333,2
2.2,1.450666666666667,4.366666666666667,3.048833333333334,1
1,0.9113333333333333,2.283333333333333,1.109166666666667,3
1.75,1.104,2.333333333333333,1.8895,1
4.283333333333333,1.862,0.7,1.413833333333333,0
4.666666666666666,3.642,2.45,2.135166666666667,4
0.75,0.7543333333333333,2.883333333333333,2.616833333333333,1
1.983333333333333,1.3545,1.833333333333333,0.7255,0
1.616666666666667,1.533666666666667,1.4,1.143333333333334,3
1.166666666666667,2.468666666666667,1.95,0.9128333333333334,2
1.033333333333333,0.9968333333333333,1.4,2.063833333333333,2
1.033333333333333,1.0055,0.9166666666666666,0.7643333333333334,0
0.75,0.7846666666666667,3.033333333333333,1.4235,0
2.933333333333334,2.354833333333334,2.733333333333333,1.478666666666667,2
1.2,0.6396666666666667,1.566666666666667,0.7831666666666667,0
0.25,0.8518333333333334,0,1.464166666666667,2
1.083333333333333,1.158166666666667,2.866666666666667,2.372166666666667,1
2.733333333333333,2.0905,1.616666666666667,1.265666666666667,3
1.033333333333333,1.473,2.233333333333333,1.958,1
2,0.9379999999999999,0.2,0.5906666666666667,0
2.3,1.762,2.233333333333333,1.369166666666667,0
3.333333333333333,1.451,3.683333333333334,3.444,2
1.716666666666667,2.03,3.783333333333333,2.3775,1
0.6666666666666666,1.0425,0.75,1.443,1
2.65,1.662333333333333,2.383333333333333,1.421166666666667,6
3.083333333333333,2.035,0,0.5326666666666666,1
2.15,1.556333333333333,0.9166666666666666,1.396666666666667,2
0.7,0.7923333333333333,0.4,0.4836666666666666,0
1.516666666666667,1.027166666666667,2.033333333333333,2.5555,2
1.316666666666667,1.984666666666667,0.65,1.238833333333333,1
0.2,0.9811666666666667,3.966666666666667,1.895833333333333,1
4.033333333333333,3.482333333333333,1.65,1.230333333333333,4
1.25,1.530833333333333,1.6,2.210666666666667,1
0.8666666666666667,1.767166666666667,1.533333333333333,1.121333333333333,4
0.25,0.6646666666666667,0.95,1.869833333333333,1
0.6,1.107333333333334,0.95,0.5578333333333334,2
1.916666666666667,1.749,2.833333333333333,1.642666666666666,0
0.7833333333333333,0.7676666666666667,1.366666666666667,0.9846666666666666,1
4.183333333333334,3.448666666666667,1.7,1.459333333333333,3
1.266666666666667,1.188666666666667,1.4,1.616166666666667,0
1.5,1.292833333333333,4.066666666666666,2.653,2
0.5,1.292333333333333,0.5333333333333333,1.535666666666667,0
1.733333333333333,1.340833333333333,1.766666666666667,1.326166666666666,1
1.5,1.234166666666667,1.633333333333333,1.401,0
1.95,2.357,0.5833333333333333,0.6756666666666666,4
1.233333333333333,1.983,1.683333333333333,1.348833333333333,5
1.316666666666667,0.6895,1.4,1.8325,3
1.916666666666667,1.496666666666667,0.85,0.8011666666666667,2
0.3333333333333333,1.188,2.05,1.310833333333334,1
2.45,2.016166666666666,3.5,2.082666666666667,0
1.283333333333333,1.271666666666667,1.5,2.0395,0
1.05,1.31,2.2,1.76,3
0.5,0.676,0.9166666666666666,1.275666666666667,1
2.6,1.8195,1.15,0.7816666666666667,2
0.5833333333333333,1.098166666666667,2.533333333333333,1.8815,3
0.8333333333333333,0.614,1.033333333333333,1.948166666666667,0
1.9,1.799833333333333,1.283333333333333,0.8744999999999999,2
1.4,1.4415,1.2,1.203666666666667,1
2.7,2.494666666666666,0.45,0.823,2
1.7,1.635,2.616666666666667,1.734166666666667,3
1.033333333333333,0.9826666666666666,0.75,1.121666666666667,1
0.75,1.825,0.45,0.7153333333333334,1
0.3333333333333333,0.7725,0.9833333333333334,1.099666666666667,1
1.1,1.1995,2.033333333333333,1.801833333333333,0
2.016666666666667,1.727,2.1,2.052,1
2.683333333333333,2.002833333333333,0.7333333333333334,1.534666666666667,2
1.866666666666667,1.929666666666667,0.7,1.8355,2
1.566666666666667,1.6675,1.333333333333333,1.348666666666667,3
2.533333333333333,1.374666666666667,0.5833333333333333,1.328833333333333,2
0.2,0.6601666666666667,0.6666666666666666,1.127,1
1.033333333333333,1.458833333333333,0.8666666666666667,1.166833333333333,1
1.95,1.810166666666667,1.7,1.793333333333333,3
0.3333333333333333,0.9846666666666667,1.416666666666667,0.8428333333333333,1
0.45,0.8206666666666667,1.7,1.1755,1
1.25,1.7495,1.2,1.642166666666667,1
1.2,1.4555,2.25,1.794,1
1.666666666666667,1.371333333333333,4.25,2.940166666666666,1
3.333333333333333,1.724833333333333,3.25,1.5685,6
1.666666666666667,1.519333333333333,0.5833333333333333,1.250666666666667,1
1.583333333333333,1.458166666666667,1.65,1.246833333333333,1
1.1,1.217166666666667,1.583333333333333,1.178166666666667,1
0.7833333333333333,1.295666666666667,1.333333333333333,1.025666666666667,2
2.25,1.0075,1.866666666666667,1.133,1
1.983333333333333,1.909,1.033333333333333,1.0115,0
1.533333333333333,1.297,1.416666666666667,1.547333333333333,0
0.25,0.9458333333333333,0.3333333333333333,1.020666666666667,2
2.266666666666667,1.769833333333333,1.183333333333333,1.8815,0
1.45,1.712333333333333,0.7333333333333334,0.5396666666666666,0
1.4,1.219666666666667,2.366666666666667,1.742,1
1.033333333333333,0.8993333333333333,1.083333333333333,2.225333333333333,0
1.833333333333333,1.326,0.9833333333333334,0.9653333333333333,1
0.8333333333333333,0.9296666666666666,2,1.375,2
1.933333333333333,1.520333333333333,2.2,1.508666666666667,1
0.7833333333333333,1.9745,4.616666666666667,2.236333333333334,2
3.366666666666667,2.031,1.733333333333333,1.174,4
1.583333333333333,1.592,4.083333333333334,2.889166666666666,1
0.9833333333333334,1.145666666666667,1.333333333333333,1.8135,0
3.016666666666667,1.688333333333333,0.2,1.256333333333334,3
4.15,2.285166666666667,1.033333333333333,1.507333333333333,6
1.533333333333333,1.49,1.45,1.439166666666667,1
1.733333333333333,1.914166666666667,1.366666666666667,1.4375,2
1.183333333333333,1.029666666666667,0.5333333333333333,1.692166666666667,3
0.7,1.477166666666667,1.083333333333333,1.688666666666667,1
0.5833333333333333,0.8213333333333334,2.233333333333333,1.388666666666667,2
0.7,1.235,1.366666666666667,1.477833333333333,1
0.6666666666666666,1.131333333333333,1.15,1.185,0
1.4,2.243333333333333,0.5833333333333333,0.925,4
1.366666666666667,1.410666666666667,1.433333333333333,0.8475,0
0.5,1.093666666666667,1.983333333333333,1.291,0
2.733333333333333,2.529166666666667,2.533333333333333,1.574,2
0.95,1.288,3.066666666666666,2.226666666666667,1
1.033333333333333,0.9253333333333333,0.5333333333333333,0.8804999999999999,1
1.116666666666667,1.09,1.7,1.824,1
1.433333333333333,1.3525,1.533333333333333,1.517333333333333,1
2.783333333333333,1.325,0.95,1.030333333333333,1
0.7,1.352333333333333,1.766666666666667,1.2865,1
1.033333333333333,0.9065,1.333333333333333,1.826,0
1.15,1.231,1.833333333333333,1.525666666666667,1
4.95,3.188333333333333,1,0.957,4
0.7833333333333333,1.324166666666667,1.283333333333333,1.731666666666667,0
0.3333333333333333,0.982,1.7,2.0425,1
1.4,1.2195,2.866666666666667,1.6025,3
1.366666666666667,1.089,1.5,1.726166666666667,3
2.4,1.8695,2.2,2.632333333333333,0
0.8333333333333333,0.9331666666666667,0.75,1.172,1
2.3,1.611833333333333,1.566666666666667,2.153,1
1.866666666666667,2.54,0,0.6925,1
2.15,1.889,1.333333333333333,1.7575,2
0,0.6513333333333333,1.233333333333333,1.552,4
1.75,1.474833333333333,0.2,0.8825,1
0.7833333333333333,1.674666666666667,0.9833333333333334,1.084833333333333,1
0.45,0.9643333333333334,1.45,1.681333333333333,0
1.783333333333333,1.408,0.95,1.822666666666667,0
1.083333333333333,1.310333333333333,1.583333333333333,1.119,1
0.7333333333333334,1.011166666666667,2.033333333333333,1.732666666666667,4
1.2,1.311666666666667,2.75,1.670333333333333,0
2.866666666666667,2.747166666666667,1.533333333333333,1.426333333333333,2
1.533333333333333,1.411166666666667,2.35,1.5195,3
0.85,1.086333333333333,0.3333333333333333,0.6435,3
0.7833333333333333,1.093833333333333,2.65,1.878166666666667,2
1.183333333333333,1.143666666666667,3.7,2.785333333333333,2
3.783333333333333,2.651166666666666,1.483333333333333,2.164,5
2.15,1.5415,1.45,1.332166666666667,0
1.083333333333333,1.766833333333333,0.5833333333333333,1.741333333333333,2
0.45,1.6315,1.2,1.575333333333333,3
1.083333333333333,1.476,1.033333333333333,1.104333333333333,3
2.333333333333333,1.471,1,1.210666666666667,1
1.283333333333333,1.833666666666667,0.3333333333333333,0.953,0
1.833333333333333,1.567333333333333,0.5333333333333333,1.116666666666667,2
1.533333333333333,0.9793333333333333,2.366666666666667,1.600166666666667,2
0.5333333333333333,1.138166666666667,2.683333333333334,2.242166666666667,3
0.7833333333333333,0.8658333333333332,3.25,1.550666666666667,2
3.983333333333333,3.2865,0.8666666666666667,1.2835,1
0.5,1.091166666666667,0.7833333333333333,1.058666666666667,1
1.566666666666667,2.115666666666666,0.25,1.026166666666667,2
0.8666666666666667,1.287,3.4,2.454,0
0.8666666666666667,1.5905,2.2,0.6840000000000001,2
1.75,1.471166666666667,1,0.7071666666666667,1
1.116666666666667,1.556333333333333,2.116666666666667,1.7155,1
2.766666666666667,1.812166666666667,0.8666666666666667,1.917833333333333,2
1.5,1.058,2.983333333333333,2.360333333333333,4
2.416666666666667,1.740666666666667,3.283333333333333,1.532333333333333,3
2.45,1.3555,2.85,2.550166666666667,2
2,2.053166666666667,1,1.5685,2
4.716666666666667,2.7745,0.5,1.412333333333333,1
0.8333333333333333,0.659,1.25,0.6993333333333334,0
0.2,1.106833333333333,1.166666666666667,2.019666666666667,0
1.716666666666667,1.733833333333333,1.733333333333333,1.397,1
3.533333333333333,2.399,2.566666666666666,1.635166666666667,2
1.566666666666667,2.692666666666667,2.2,1.539833333333333,5
1.866666666666667,1.227166666666667,0.3333333333333333,0.9573333333333334,1
1.783333333333333,1.384833333333333,1.916666666666667,1.092166666666667,2
3.283333333333333,2.261833333333333,2.2,1.372166666666667,2
1,0.9593333333333334,0.8666666666666667,1.304333333333333,1
0.6,0.9515,1.033333333333333,1.3555,2
1.2,2.212666666666666,1.066666666666667,1.445833333333333,1
1.233333333333333,1.306666666666667,1.766666666666667,0.5888333333333334,0
2.183333333333333,1.8955,1.766666666666667,2.2885,1
1.083333333333333,1.235833333333333,1.7,2.1135,0
0.4,1.115,2.533333333333333,2.441,1
0.8333333333333333,0.7816666666666666,2.333333333333333,1.788166666666667,1
1.566666666666667,1.265333333333333,1.583333333333333,1.378833333333333,3
1.766666666666667,1.7195,3.3,1.9405,0
2.65,2.4595,0.3333333333333333,1.204666666666667,3
2.766666666666667,1.976833333333333,1.5,1.842833333333334,1
1.333333333333333,1.022166666666667,2.266666666666667,2.571166666666667,1
1.233333333333333,1.714166666666667,0.65,2.075,1
1.483333333333333,1.701,0.9,0.5528333333333333,0
1.666666666666667,1.505166666666667,1.533333333333333,1.669166666666666,1
0.6666666666666666,1.189833333333333,1.233333333333333,1.255666666666666,2
1.616666666666667,1.358,1.533333333333333,1.049333333333333,0
0.5,1.459,1.816666666666667,1.1925,1
3.716666666666667,3.103666666666666,3.016666666666667,1.4895,4
0.95,0.9135,2.066666666666666,1.6925,2
2.616666666666667,2.1525,2.533333333333333,2.217166666666667,3
1.733333333333333,1.599333333333333,1.583333333333333,1.275666666666667,5
1.4,1.325666666666667,0.7333333333333334,1.373833333333333,2
3.266666666666667,2.405333333333333,0.9833333333333334,1.187666666666667,1
0.95,0.7056666666666667,1,1.634,1
0.8333333333333333,1.031,1.1,1.5555,2
1.15,1.689666666666667,1.666666666666667,2.677833333333333,1
1.15,1.520833333333333,1.133333333333333,1.087,0
0.2,0.8508333333333333,1.233333333333333,1.459,0
0.9,1.653,2.2,1.499666666666666,3
2.783333333333333,2.091333333333333,1.183333333333333,1.490333333333334,1
1.566666666666667,0.9706666666666667,2.7,2.1045,1
3.233333333333333,2.339166666666667,0.8333333333333333,1.414666666666667,3
1.583333333333333,1.9855,1.283333333333333,1.657,1
1.45,1.8595,4.083333333333333,2.207166666666667,0
0.75,1.315666666666667,1.483333333333333,2.3615,2
2.15,1.665833333333333,0.5,0.6433333333333333,1
1.483333333333333,1.4065,1.733333333333333,2.408333333333333,0
0,0.8966666666666667,1.816666666666667,1.127166666666667,4
0.95,1.474833333333333,1.2,1.291666666666667,0
2.416666666666667,2.420166666666667,2.083333333333333,1.721166666666667,2
1.533333333333333,1.563333333333333,0.5333333333333333,1.459,1
1.433333333333333,1.678166666666667,0.7,1.318333333333333,0
2.533333333333333,2.567,1.033333333333333,1.968166666666667,2
1.766666666666667,2.318333333333333,1.45,1.989833333333334,1
1.25,1.674666666666667,0.45,1.484166666666667,1
1.483333333333333,2.277666666666667,0.6666666666666666,1.311833333333333,4
1.116666666666667,1.5625,1.283333333333333,1.475333333333333,0
1.333333333333333,0.8301666666666666,2.366666666666667,2.725833333333333,2
2.116666666666667,1.939,2.35,1.579166666666667,2
3.033333333333333,2.068666666666667,1.083333333333333,0.5485,0
0.45,1.1945,1.366666666666667,1.254,2
0.8666666666666667,0.9675,2.983333333333333,2.1625,0
1,0.8813333333333333,1.983333333333333,1.488833333333333,1
1.583333333333333,1.1695,2.45,1.9375,2
1.833333333333333,1.672333333333333,1.783333333333333,2.286666666666667,4
3.05,1.987833333333333,1,1.549166666666667,5
0.7833333333333333,1.050166666666667,1.45,1.276833333333333,2
1.816666666666666,1.763,2.05,1.627833333333333,4
0.5333333333333333,1.430833333333333,1.183333333333333,1.155166666666667,3
1.283333333333333,1.4335,0.5333333333333333,1.154166666666667,1
2.666666666666667,1.9415,1.45,1.394166666666667,2
0.9833333333333334,1.225833333333334,1.95,1.542166666666667,0
1.4,1.653166666666667,3.233333333333333,2.348166666666667,1
0.45,1.753833333333333,2.116666666666667,2.3455,0
1.116666666666667,0.9015,2.316666666666666,1.2235,1
1.983333333333333,1.608166666666667,2.016666666666667,2.0005,3
2.533333333333333,1.809166666666667,0.3333333333333333,1.082666666666667,2
2.033333333333333,2.629666666666667,1.816666666666666,2.73,4
3.116666666666667,2.49,1.433333333333333,1.522833333333333,0
0.2,1.185166666666667,2.5,2.1795,1
1.7,1.475833333333333,3.1,4.157166666666667,3
1.416666666666667,1.142166666666667,1.2,1.031666666666667,2
0.6666666666666666,1.256666666666667,0.75,0.9855,1
0,0.8623333333333334,0.5833333333333333,1.215166666666667,0
1.083333333333333,0.6973333333333334,1.2,1.241166666666667,2
1.166666666666667,1.399333333333333,2.533333333333333,2.3105,3
0.8666666666666667,1.101166666666667,2.083333333333333,1.373166666666667,1
2.233333333333333,1.354166666666667,1.633333333333333,1.070666666666667,0
3.333333333333333,4.1755,2.416666666666667,1.335333333333333,5
2.166666666666667,1.256166666666667,0.45,0.51,1
0.7833333333333333,0.9633333333333334,1.733333333333333,0.9965000000000002,2
3.3,2.408166666666667,1.166666666666667,0.6998333333333333,1
3.65,2.994166666666667,1.183333333333333,1.926833333333333,1
2.116666666666667,1.768,2.65,2.638166666666667,1
1.45,1.452666666666667,1.366666666666667,1.218,0
1.866666666666667,0.7533333333333334,1,1.475333333333333,0
0.8333333333333333,1.518833333333333,0.25,0.8743333333333333,2
0.7333333333333334,1.0695,1.166666666666667,0.8365,1
0.2,0.6343333333333333,3.25,2.572166666666667,1
1.2,1.5475,2.4,1.980833333333333,1
2.983333333333333,2.331333333333333,1.983333333333333,1.5515,4
1.816666666666667,0.9738333333333333,1.7,1.214833333333333,2
3.233333333333333,2.223166666666667,1.2,1.358666666666667,3
3.916666666666667,2.721,1.766666666666667,1.573166666666667,2
0,0.8074999999999999,1.9,1.8405,1
1.233333333333333,1.032833333333333,1.616666666666667,2.213,5
1.933333333333333,1.466,3.116666666666667,2.1925,2
1.233333333333333,1.709833333333333,2.5,2.518833333333333,1
1.05,1.465833333333333,3.416666666666667,2.565166666666666,2
3.366666666666667,3.569166666666667,0.7,1.6485,4
0.5,0.9834999999999999,0.3333333333333333,0.7626666666666666,1
1.533333333333333,1.6725,3.6,3.094833333333333,1
2.033333333333333,1.529,1.583333333333333,1.832666666666667,0
2.6,2.264833333333333,1.25,1.335,1
2.183333333333334,1.721166666666667,2.533333333333333,1.957333333333333,5
0.5,0.9748333333333333,2.783333333333333,2.181833333333334,2
1.95,1.963,1.433333333333333,1.292833333333333,3
0.3333333333333333,1.363166666666667,1.233333333333333,1.385,0
2.116666666666667,1.610166666666667,0.95,0.7338333333333333,0
1.15,1.0205,1.65,1.2705,0
2.583333333333333,2.883,0.7333333333333334,0.9921666666666666,2
2.116666666666667,2.197833333333333,2.416666666666667,2.2825,1
2.2,1.573166666666667,1.683333333333333,1.8415,1
0.4,0.5296666666666666,1.183333333333333,1.281666666666667,0
0.7833333333333333,1.8645,1.25,1.394666666666667,1
2.083333333333333,1.199666666666667,2.916666666666667,2.444666666666667,1
1.616666666666667,1.473666666666667,1.583333333333333,1.671833333333333,0
1.9,2.020166666666666,1.5,1.814166666666667,2
1.816666666666667,0.9031666666666667,1.816666666666667,1.430666666666667,2
1.416666666666667,1.444666666666667,1.366666666666667,1.37,0
1.2,1.203166666666667,1.333333333333333,2.138333333333334,1
2.1,1.766333333333334,0.5333333333333333,0.5528333333333333,0
0.9166666666666666,1.024333333333333,0.95,1.987833333333333,3
2.616666666666667,2.809166666666667,2.2,2.191333333333334,3
2.883333333333333,2.7405,1.966666666666667,2.191833333333333,1
0.75,0.9525,2.083333333333333,1.666666666666667,1
0.9,1.255333333333333,3.116666666666667,2.393666666666667,0
0.7,1.058333333333333,0.7,0.9436666666666667,0
1.166666666666667,1.976333333333333,2.133333333333333,1.308,1
2.916666666666667,2.7065,1.2,0.9933333333333334,4
1.083333333333333,1.836333333333333,0.5833333333333333,0.8718333333333332,0
2.316666666666666,1.423833333333333,1.483333333333333,1.9505,3
1.65,1.426333333333333,1.4,1.710833333333333,2
0.5333333333333333,1.256666666666667,1.2,1.174333333333333,2
1.333333333333333,2.3085,0.8,1.516333333333333,2
0.65,1.0315,2.483333333333333,2.073,2
2.8,2.529666666666667,1.783333333333333,1.831666666666667,2
1,0.9743333333333333,2.65,1.584,0
2.016666666666667,1.675833333333333,1.316666666666667,1.294333333333333,0
0.9333333333333333,1.409666666666667,1,0.9724999999999999,4
1.2,0.9146666666666666,0.45,0.8401666666666665,2
1.9,1.520666666666667,0.25,0.9844999999999999,0
3.566666666666666,2.579833333333333,1.25,1.721166666666667,2
2.183333333333333,1.718166666666667,3.516666666666667,2.679,5
2.75,2.468666666666667,2.283333333333333,2.346333333333333,2
1.083333333333333,1.448833333333333,1.833333333333333,1.719333333333333,3
1,1.189166666666667,1.283333333333333,0.9441666666666667,0
0.5833333333333333,1.017,2.433333333333333,1.924333333333333,3
0.75,1.0655,1.283333333333333,1.851,1
0.9833333333333334,1.553666666666667,1.25,1.582166666666667,1
2.783333333333333,3.045,0.7,1.3585,1
1.2,1.376666666666666,2,1.3455,1
2.516666666666667,2.526166666666667,1.166666666666667,1.738833333333333,3
1.166666666666667,1.343833333333333,1.166666666666667,1.690166666666667,0
0.5,0.9235,1.45,1.549166666666667,1
1.65,1.616666666666666,1.416666666666667,1.575333333333333,1
1.666666666666667,1.112833333333333,1.2,1.956666666666667,2
0.8666666666666667,2.100833333333334,2.083333333333333,1.368,0
0.6666666666666666,1.257,0.2,0.9751666666666667,1
2.283333333333333,1.541833333333333,0.4,1.051166666666667,0
2.4,2.006166666666667,0.6666666666666666,0.8838333333333332,3
1.533333333333333,2.102166666666667,0,1.3095,2
2.316666666666666,2.428166666666667,1.616666666666667,2.369,5
1.35,1.195,1.083333333333333,1.32,0
2.466666666666667,1.728,2.7,1.265,1
2.7,2.582333333333334,3.316666666666666,2.2735,0
1.083333333333333,1.0215,4.066666666666666,2.497166666666667,0
0.5,1.498833333333333,1.566666666666667,1.478333333333333,4
0.8333333333333333,1.52,2.166666666666667,2.404666666666667,1
2.283333333333333,1.478,0.45,0.7304999999999999,3
3.5,2.476166666666667,1.283333333333333,1.259,2
1.916666666666667,2.454666666666667,1.4,0.7638333333333334,0
1.7,1.757833333333333,0.8333333333333333,2.007166666666667,1
0.4,1.198166666666667,1.833333333333333,1.051666666666667,1
2.35,2.262333333333333,2.316666666666666,1.077333333333333,0
0.3333333333333333,0.4841666666666667,1.483333333333333,1.393166666666667,2
0.95,1.526666666666667,2.766666666666667,2.924833333333333,2
3.4,3.432333333333333,1.4,1.542666666666667,4
1.833333333333333,1.206166666666666,1.616666666666667,2.489166666666667,4
1.233333333333333,1.527666666666667,0.5833333333333333,0.7876666666666667,0
2.316666666666666,1.298833333333334,2.15,2.230333333333333,1
4.15,3.281,3.366666666666667,3.535666666666667,2
0.25,1.186666666666667,3.166666666666667,3.745,3
1.333333333333333,1.151,1.166666666666667,1.998166666666667,1
1.35,1.77,1.5,1.526333333333333,3
2.416666666666667,2.502,2.066666666666667,2.670166666666667,1
3.2,2.164333333333333,2.116666666666667,2.295,3
4.816666666666666,5.213666666666667,2.15,2.214333333333333,1
0.95,1.935833333333333,1.733333333333333,2.0815,0
1.983333333333333,1.833166666666667,2.983333333333333,2.397,2
1.033333333333333,1.4265,0.2,0.6973333333333334,2
1.833333333333333,1.932,1.75,2.256,1
1.7,1.331,1.083333333333333,0.7035,0
3.05,2.799,1.416666666666667,1.4645,3
0.7333333333333334,0.826,1.616666666666667,1.221,0
1.866666666666667,1.2075,1.5,2.2295,0
1.166666666666667,1.162,1.433333333333333,1.854166666666667,1
0.75,0.8041666666666667,0.7,0.8891666666666667,1
1.5,0.9978333333333333,3.75,3.0375,0
2.866666666666667,1.862833333333333,1.4,1.084333333333333,0
1.483333333333333,1.793166666666667,3.483333333333333,3.928333333333333,0
5.6,4.532,1.45,0.8936666666666666,2
2.233333333333333,1.622833333333333,1.283333333333333,1.459166666666667,2
0.25,0.6211666666666666,1.583333333333333,2.123333333333334,0
0.95,1.511166666666667,0.7333333333333334,1.091333333333333,0
1.6,1.554833333333333,1.066666666666667,0.8678333333333332,3
1.316666666666667,1.496,1.6,1.6185,1
1.266666666666667,1.106833333333333,1.816666666666667,2.0785,3
0.8333333333333333,1.570833333333333,1.2,1.478166666666667,0
1.433333333333333,1.882666666666667,1.983333333333333,1.713666666666667,2
0.2,1.0955,0,0.6231666666666666,1
1.783333333333333,1.871666666666667,2.2,1.486666666666667,2
4.2,3.307666666666667,0.65,0.9428333333333334,1
2.516666666666667,2.614,0.7,1.094833333333333,6
2.15,1.841166666666667,2.65,1.646166666666667,1
2.15,1.727166666666667,0.5833333333333333,0.4618333333333333,0
1.483333333333333,1.666166666666667,1.733333333333333,2.211333333333333,1
1.583333333333333,0.6498333333333333,1.95,2.545666666666667,1
0.7,0.8273333333333333,1.85,2.305666666666667,2
1.45,2.188666666666666,2.416666666666667,1.7065,3
2.333333333333333,1.864166666666667,1.95,1.960166666666667,2
2.9,2.3395,1.3,1.724166666666667,3
1.7,1.907833333333333,1.2,1.627833333333333,1
1.616666666666667,1.8785,1.833333333333333,2.791,3
0.5,0.7391666666666667,1.166666666666667,1.56,1
1.233333333333333,1.697666666666667,2.616666666666667,1.907666666666667,0
1.283333333333333,1.406833333333333,1.616666666666667,1.8685,2
0.2,0.9041666666666667,0.75,1.335833333333333,2
2.25,2.543833333333334,0.3333333333333333,1.295333333333333,1
0.75,0.9128333333333333,2.666666666666667,2.2435,2
0.8333333333333333,1.230833333333333,1.6,2.134166666666667,3
2.533333333333333,2.445166666666666,0.3333333333333333,1.576333333333333,0
2.933333333333334,2.430833333333333,1.2,1.347833333333333,2
0.2,0.3655,2.75,1.865333333333333,1
2.5,2.168333333333333,1.033333333333333,1.380166666666667,0
0.7,1.208333333333333,2.283333333333333,2.726833333333333,1
1.533333333333333,1.556166666666667,1.083333333333333,1.441,2
0.5,1.133833333333333,2.583333333333333,2.173833333333334,1
1.366666666666667,2.421333333333333,2.933333333333334,2.7425,1
1.916666666666667,1.3255,3.15,2.044833333333333,0
3.733333333333333,3.472166666666666,1.166666666666667,1.309333333333333,2
3.166666666666667,1.747833333333333,3.066666666666666,2.021833333333333,3
1.433333333333333,1.907333333333333,1.25,1.2355,0
0.45,1.331166666666667,3.416666666666667,2.595333333333333,1
2.183333333333334,1.306333333333333,1.033333333333333,1.381333333333333,1
1.616666666666667,2.180166666666667,0.9833333333333334,1.594666666666666,1
1.416666666666667,1.492833333333333,1.316666666666667,2.336166666666667,0
2.45,1.698833333333333,1.65,1.391166666666667,2
4.85,3.3345,2.45,1.8035,2
1.083333333333333,0.9511666666666666,1.733333333333333,1.357833333333333,0
0.6666666666666666,1.064333333333333,2.5,1.615333333333333,0
0.8333333333333333,0.8716666666666666,2.783333333333333,1.5895,1
2.1,1.290833333333333,1.316666666666667,1.151666666666667,0
1.033333333333333,1.579166666666667,0.95,1.280333333333333,1
1.116666666666667,1.4895,0.2,1.123333333333333,2
0.9,1.210333333333333,2.283333333333333,1.883666666666667,3
2.366666666666667,1.777166666666667,1.366666666666667,0.724,6
0.7333333333333334,1.737666666666667,1.033333333333333,1.519,1
2.716666666666667,2.250666666666667,1.166666666666667,1.894166666666667,5
0.5833333333333333,0.852,2.133333333333333,1.672666666666667,0
0.95,1.744333333333333,1.1,1.015833333333333,0
1.9,1.389833333333333,2.95,1.888,3
1.083333333333333,0.6921666666666666,0.6,1.065,1
4.4,3.082,1.283333333333333,0.925,4
1.033333333333333,0.7075,1.983333333333333,1.715666666666667,3
0.9833333333333334,1.337666666666667,3.416666666666667,2.300333333333333,1
0.95,1.017,3.266666666666667,1.863833333333333,0
1.766666666666667,1.682333333333333,0.4,1.440166666666667,2
0.3333333333333333,1.063666666666667,1.9,1.953,1
5.016666666666667,2.863333333333333,0.8333333333333333,1.1555,0
0.2,1.015,1.1,1.217333333333333,1
1.283333333333333,1.181166666666666,0.95,1.8955,3
0.5,1.434,2.2,1.625,2
1.283333333333333,0.9213333333333332,2.783333333333333,1.596166666666667,2
0.5333333333333333,1.2565,2.033333333333333,2.009,3
1.5,1.796,2.866666666666667,1.843166666666667,3
0.75,1.6435,1.533333333333333,1.237833333333333,1
2.15,1.1405,0.6666666666666666,1.216,3
0.2,1.5015,0.7833333333333333,0.8373333333333333,0
1.033333333333333,1.628333333333333,0,0.8485,0
2.816666666666667,2.392833333333334,3.15,1.375833333333333,1
3.4,2.051833333333333,0.9,0.962,1
2.45,1.410833333333333,1.083333333333333,1.797,2
2.066666666666666,1.8385,1.583333333333333,2.362166666666667,0
0.3333333333333333,1.081833333333333,3.25,1.822,3
0.7333333333333334,0.4943333333333333,1.166666666666667,1.3315,1
0.5333333333333333,0.6173333333333333,0.45,0.5916666666666667,0
4.15,2.249666666666666,2.75,2.385333333333334,1
0,1.620333333333333,0.3333333333333333,0.6373333333333333,0
1.333333333333333,1.301166666666667,1.333333333333333,3.026,1
0.75,1.892,3.433333333333334,2.6375,1
4.183333333333334,4.276666666666667,1.2,0.9771666666666666,2
2.25,1.272333333333333,0.7833333333333333,0.9406666666666667,3
1.166666666666667,1.187166666666667,0.5833333333333333,0.6986666666666667,2
1.85,1.426833333333333,1.783333333333333,1.609166666666667,0
1.45,1.4025,2.766666666666667,2.394,3
2.116666666666667,1.275666666666667,0.7,1.1335,2
1.783333333333333,1.126666666666667,3.25,1.791833333333333,1
1.6,0.8951666666666667,2.4,1.431333333333333,1
0.9166666666666666,1.094666666666667,1.866666666666667,1.194166666666667,1
0.5833333333333333,2.205666666666667,1,1.0155,1
1.2,1.400833333333333,0.25,0.554,1
2.2,1.459666666666667,1.2,2.338333333333333,0
2.466666666666667,3.234166666666667,1.683333333333333,2.429333333333333,3
0.5333333333333333,0.627,0.5,0.843,1
0.7,0.7474999999999999,2.116666666666667,1.541333333333333,4
0.5,0.8106666666666666,0.9833333333333334,0.8195,1
0.95,0.6226666666666667,1.766666666666667,1.303666666666667,3
0.5833333333333333,2.083666666666667,1.2,1.678333333333333,2
1.766666666666667,0.9468333333333333,1.166666666666667,1.092333333333333,1
1.283333333333333,1.382833333333333,2.283333333333333,1.821166666666667,1
1.95,2.009666666666666,2.6,1.817666666666667,3
0.7333333333333334,0.711,1.65,1.962,0
2.066666666666666,1.487333333333333,1.366666666666667,0.5735,1
0.5333333333333333,1.6205,0.2,1.005166666666667,0
1.85,1.150333333333333,2.35,2.3855,3
1.433333333333333,1.487166666666667,2.65,1.964333333333333,1
2.566666666666666,1.598,1.433333333333333,1.3045,2
1.6,1.380166666666667,1.916666666666667,1.460333333333333,1
1.283333333333333,1.586,1.933333333333333,1.286,1
2.5,1.383833333333333,2.7,1.961333333333333,1
2.916666666666667,2.3185,0.3333333333333333,0.5681666666666667,2
0.7333333333333334,1.2435,0.9166666666666666,0.596,0
1.366666666666667,1.894166666666667,0.9833333333333334,2.0125,1
3.65,3.4175,1.166666666666667,1.230666666666667,3
0.5333333333333333,0.7729999999999999,2.233333333333333,1.469333333333333,2
1.1,1.076666666666667,2.083333333333333,1.2065,0
1.583333333333333,1.077333333333333,3.85,3.060833333333333,2
0.9833333333333334,0.8875,0.7833333333333333,1.245833333333333,1
1.85,2.636833333333333,1.65,1.286666666666667,3
2.083333333333333,1.0375,0.75,1.850166666666667,3
3.25,1.975166666666667,2.533333333333333,2.5005,2
1.816666666666666,2.108833333333333,0.5,0.7128333333333333,0
1.483333333333333,1.862166666666667,1.366666666666667,1.316666666666667,0
0.7,1.243833333333333,2.25,1.012666666666667,0
2.1,1.314166666666667,1.183333333333333,1.655833333333333,1
1.783333333333333,1.045833333333333,1,1.168166666666667,0
1.933333333333333,1.2925,1.733333333333333,1.942166666666667,1
1.333333333333333,1.991166666666667,2.683333333333334,1.9625,0
0.7,0.4776666666666667,1.866666666666667,2.063833333333333,2
2.566666666666666,2.180166666666667,1.283333333333333,1.4225,1
1.283333333333333,1.6065,1.483333333333333,1.452166666666667,0
0.5,0.7288333333333332,1.9,1.820166666666667,0
3.1,2.725833333333333,2.25,1.654666666666667,2
2.266666666666667,2.060333333333333,0.5333333333333333,0.9758333333333333,2
0.2,1.152166666666667,0.95,1.023333333333333,1
1.366666666666667,1.770833333333333,2.1,1.327833333333333,3
2.466666666666667,1.6135,1.033333333333333,2.227166666666667,0
1.033333333333333,1.112833333333333,3.366666666666667,3.032333333333333,1
2.45,1.535666666666667,2.266666666666667,2.41,3
0.9833333333333334,1.982666666666667,0.9,1.695166666666667,1
3.1,3.350666666666667,1.966666666666667,1.856833333333333,8
1.25,1.387333333333333,0.65,1.138166666666667,0
0.95,1.066333333333333,1.7,1.533333333333333,0
0.5,0.8333333333333333,1.25,1.504,3
1.2,1.092666666666667,2.066666666666666,2.155666666666666,2
1.45,2.068666666666667,1.283333333333333,1.174666666666667,1
0.4,1.0615,4.833333333333333,3.191,3
0.95,1.436833333333333,1.85,1.537833333333333,1
1.783333333333333,1.369166666666667,2.8,2.405,1
2.3,1.9425,0.5333333333333333,1.220166666666667,3
2.233333333333333,2.320666666666667,0.45,1.005333333333333,2
1.45,1.194,1.483333333333333,1.361666666666667,2
1.65,1.666,1.283333333333333,1.019666666666667,1
1.4,0.88,1.083333333333333,1.411166666666667,0
2.35,1.376,0.8666666666666667,0.8653333333333333,2
4.016666666666667,2.860833333333333,0.8333333333333333,0.8804999999999999,4
0.7,1.159666666666667,1.85,2.118333333333333,2
1.033333333333333,1.530666666666667,1.85,1.4085,1
0.75,0.6488333333333334,0.95,1.269,3
0.7833333333333333,0.9036666666666666,2.766666666666667,2.591,2
3.016666666666667,3.346,1.366666666666667,0.7920000000000001,2
2.766666666666667,3.187833333333333,1.7,2.008333333333333,6
1.45,1.275833333333333,0.6666666666666666,0.6841666666666666,0
1.25,0.9568333333333333,1.583333333333333,1.534833333333333,0
0.9166666666666666,1.464833333333333,0.7833333333333333,0.7396666666666667,2
1.533333333333333,1.422333333333333,1.316666666666667,1.456333333333333,0
1.5,1.463333333333333,1,1.0455,0
1.333333333333333,1.384666666666667,3,2.135833333333333,0
1,1.2735,0.7833333333333333,1.056666666666667,3
2.5,1.627333333333333,2.033333333333333,1.785333333333333,3
1.666666666666667,1.7235,2.166666666666667,0.9281666666666667,2
1.283333333333333,1.073166666666667,0.5,0.5216666666666667,0
0.75,0.5376666666666667,2.166666666666667,1.1925,0
3.016666666666667,1.323833333333333,2.283333333333333,2.235166666666667,0
1.433333333333333,1.489666666666667,2.316666666666666,1.3885,0
2.25,1.446666666666667,1.783333333333333,2.139666666666667,3
1.866666666666667,1.380833333333333,1.566666666666667,0.6888333333333334,3
1.083333333333333,1.128166666666667,1.45,1.542833333333333,2
2.2,1.169666666666667,2.483333333333333,1.760166666666667,2
2.233333333333333,1.270333333333333,1.366666666666667,1.011,0
4.1,2.242,3.683333333333334,2.168166666666666,4
2.7,2.861499999999999,2.066666666666666,1.697,5
0.95,1.062166666666667,3.35,3.4445,1
1.6,1.070333333333333,0.9,1.806166666666666,0
1.25,1.485,0.8333333333333333,1.262333333333333,2
0.5833333333333333,1.062333333333333,1.45,1.004333333333333,0
1.566666666666667,1.293666666666667,1.35,1.9295,1
1.45,1.265166666666667,2.2,1.0905,1
1.5,0.8783333333333334,2.95,1.659,2
3.9,3.423,1.25,0.9663333333333333,1
1.033333333333333,1.715833333333333,3.516666666666667,2.191666666666666,0
1.866666666666667,0.8395,1.55,1.9,0
0.45,0.8846666666666667,0.9,0.9676666666666667,3
1.866666666666667,1.605666666666667,0.7,1.148,2
2.266666666666667,1.812333333333333,1.7,2.182333333333333,0
2.066666666666666,1.013,2.333333333333333,1.167833333333333,1
0.75,0.8093333333333333,2.533333333333333,3.221833333333334,2
1.15,1.003,1.9,1.059333333333333,2
2.1,1.482333333333333,2.15,1.417333333333333,0
1.7,1.833333333333333,0.8666666666666667,1.310166666666667,1
4.383333333333333,4.329166666666667,1.816666666666666,1.164333333333333,3
0.8333333333333333,0.8281666666666666,2.766666666666667,2.539166666666667,2
4.433333333333334,2.752666666666666,0.8333333333333333,0.9703333333333333,2
0.45,1.119333333333333,0.6666666666666666,0.766,0
1,0.71,0.8666666666666667,1.698833333333333,0
1.2,1.659166666666667,1.333333333333333,1.587333333333333,3
1.6,1.4235,1.75,1.9965,1
1.733333333333333,1.895,1.4,1.211333333333333,2
1.266666666666667,2.036333333333333,2.316666666666667,2.428833333333333,2
0.9833333333333334,1.153833333333333,2.266666666666667,1.447666666666667,1
2.033333333333333,2.468333333333333,1.933333333333333,1.052166666666667,1
0.9,0.8853333333333333,1.5,0.9143333333333333,1
3.45,2.901833333333333,1.616666666666667,2.188666666666667,5
1.1,1.344166666666667,1.383333333333333,1.340333333333333,0
1.666666666666667,1.53,1.6,1.538333333333333,1
1.733333333333333,1.106833333333333,0.75,1.152333333333333,1
1.15,1.687333333333333,1.666666666666667,1.910333333333333,1
2.566666666666666,1.564833333333333,1.733333333333333,1.633833333333333,1
0.9166666666666666,1.287666666666667,1.35,1.721666666666667,2
1.333333333333333,1.587833333333333,1.166666666666667,1.3485,1
1.5,1.591333333333333,1.9,1.332833333333333,1
4.916666666666666,3.770166666666666,0.45,1.201166666666667,2
3.716666666666667,2.4865,2.066666666666666,1.831333333333333,2
0.3333333333333333,1.217833333333334,0.9,2.038833333333333,0
0.75,1.245333333333333,1.666666666666667,2.020166666666666,1
1.65,2.340666666666666,1.4,1.7855,3
1.033333333333333,1.143333333333333,1.166666666666667,1.409833333333333,2
1.583333333333333,1.658,3.166666666666667,1.941,2
3.366666666666667,1.945833333333333,0.5,1.408833333333333,1
0.8333333333333333,1.013666666666667,0.7833333333333333,0.9383333333333335,1
1.616666666666667,1.887833333333333,4.2,2.515,2
1.533333333333333,2.871833333333333,0.9833333333333334,0.9588333333333332,2
2.233333333333333,1.626,2.683333333333334,1.512333333333333,1
1.066666666666667,1.236,1.5,1.499166666666667,2
0.5,0.7603333333333333,1.583333333333333,1.132333333333333,1
1.283333333333333,1.074833333333333,1.333333333333333,1.609,0
1.083333333333333,1.775666666666667,1.033333333333333,1.212333333333333,0
1.333333333333333,1.228166666666667,2.816666666666667,2.726833333333333,2
0.5,1.077833333333333,1.916666666666667,2.3475,0
2.283333333333333,1.650666666666667,2.516666666666667,2.387833333333333,2
2.233333333333333,1.474333333333333,1.683333333333333,1.340666666666667,1
2.816666666666666,2.018666666666667,0.8333333333333333,1.3755,1
2.316666666666666,1.94,2.033333333333333,1.463833333333333,2
1.083333333333333,1.513,2.75,2.2615,3
0.7,1.829,1.816666666666667,1.7485,2
1.5,1.106666666666667,1.983333333333333,2.156,4
2.433333333333334,2.2985,2.816666666666666,1.899333333333333,1
1.116666666666667,1.397833333333333,2.816666666666666,3.172,0
2.983333333333333,2.275166666666666,0.75,1.358,1
1.533333333333333,1.372833333333333,0.8666666666666667,0.9391666666666667,0
2.866666666666667,3.437166666666667,1.616666666666667,1.3575,0
1.75,1.7305,1.4,1.468333333333333,1
4.116666666666667,2.955666666666667,0.45,1.587,3
0.3333333333333333,1.324166666666667,2.066666666666666,2.315666666666667,0
0.95,0.9370000000000001,1.833333333333333,1.766666666666667,2
0.95,1.445333333333334,1.7,2.342833333333334,1
1.866666666666667,1.966666666666667,0.7,1.554333333333333,0
1.533333333333333,1.517666666666667,4.416666666666666,3.206666666666667,1
1.7,1.535166666666667,1.666666666666667,1.039666666666667,1
0.25,0.7723333333333333,1.283333333333333,0.7863333333333333,2
2.666666666666667,2.7025,1.283333333333333,1.311666666666667,7
1.033333333333333,1.393,1.583333333333333,1.124666666666667,1
1.483333333333333,0.8436666666666667,0.4,0.6796666666666666,2
0.4,0.957,1.233333333333333,1.514833333333333,2
1.7,1.354666666666667,2.35,1.688,1
2.65,2.198833333333333,2.316666666666666,1.914,5
2.833333333333333,1.6085,4.283333333333333,2.3815,3
1.45,1.197,1.733333333333333,1.200333333333333,3
1.533333333333333,1.356666666666667,2.15,1.662833333333333,1
1.983333333333333,1.762333333333333,3.533333333333333,2.252,2
2.416666666666667,2.3555,1.283333333333333,2.487333333333333,0
0.9333333333333333,1.215166666666667,0.75,1.647666666666666,0
1.166666666666667,1.367833333333333,1.85,1.456833333333333,3
1.7,2.206833333333333,3.433333333333334,2.503,3
1.416666666666667,1.3025,2.483333333333333,2.045166666666666,3
5.15,3.320833333333333,1.933333333333333,1.018666666666667,2
1.533333333333333,0.9403333333333334,1.5,2.380833333333333,0
1.15,2.305166666666667,0.5833333333333333,0.8178333333333333,1
1.183333333333333,1.393833333333333,1.366666666666667,1.312833333333334,1
3.483333333333333,2.197333333333333,1.366666666666667,1.2135,2
1.283333333333333,1.716166666666667,0.65,1.256666666666667,2
1.6,1.075833333333333,1.45,2.450833333333334,2
1.616666666666667,2.35,1.283333333333333,1.469833333333333,1
4.416666666666667,3.524999999999999,2.716666666666667,2.1185,3
0.8333333333333333,0.8006666666666666,2.95,2.341,1
1.616666666666667,1.178666666666667,1.833333333333333,1.515666666666667,3
1.333333333333333,0.9521666666666666,1.616666666666667,2.4875,1
0.7833333333333333,1.049333333333333,1.583333333333333,1.755666666666667,0
1.783333333333333,1.842333333333333,1.95,1.075333333333333,2
1.166666666666667,1.4535,3.066666666666667,2.036666666666667,2
2.916666666666667,2.638166666666667,0.95,0.879,2
1.75,0.7888333333333333,2.45,2.0795,2
1.533333333333333,1.7005,2.116666666666667,1.5405,0
3.1,2.808,2.166666666666667,2.2945,4
2.316666666666666,1.788333333333334,1.483333333333333,1.3905,3
3.15,2.7145,2.95,1.613,2
1.083333333333333,1.536333333333333,0.5,0.7538333333333334,3
3.316666666666666,2.504,1.483333333333333,1.328166666666667,0
1.283333333333333,1.203,2.25,1.3205,4
1.45,1.162666666666667,1.75,2.5505,1
1.2,1.085,2.933333333333334,1.887,1
3.416666666666667,2.716,0.8666666666666667,1.628166666666667,2
3.5,2.356166666666666,1.416666666666667,1.1455,3
2.15,2.137,1.983333333333333,1.925666666666667,2
1.283333333333333,0.9365,2.166666666666667,1.510333333333333,0
1.45,1.362166666666667,0.9333333333333333,1.471,0
2.316666666666666,1.459833333333333,3.2,2.2775,2
0.9833333333333334,1.992666666666667,2.416666666666667,2.039333333333333,5
2.366666666666667,1.982,0.95,1.582333333333333,1
1.2,1.236833333333333,2.516666666666667,1.863,1
0.7833333333333333,1.104666666666667,1.783333333333333,1.649666666666667,0
