2.35,2.66,1.866666666666667,1.92,5.93,8.91,1
2.7,2.694166666666667,0.5,0.6881666666666666,1.6,17.1,2
1.5,2.360666666666667,2,2.248833333333333,0.802,3.98,2
1.616666666666667,2.102833333333333,1.483333333333333,1.031666666666667,5.87,1.63,1
1.816666666666667,0.8836666666666666,1.766666666666667,2.170833333333333,1.21,2.55,0
2.066666666666666,1.5375,1.6,2.573166666666667,3.03,2.47,2
1.166666666666667,1.302833333333333,1.6,1.608166666666667,2.55,3.26,2
1.7,1.446166666666667,3.6,2.200166666666667,1.63,1.9,1
0.7333333333333334,1.145166666666667,0,0.6553333333333333,17.1,2.23,0
0.5,0.9776666666666667,2.366666666666667,1.327833333333333,8.91,3.03,1
1,1.496833333333333,1.6,1.286,6.41,0.802,2
2.7,1.805666666666667,1.2,1.782166666666667,3.33,5.93,1
0,0.8588333333333333,1.866666666666667,1.556666666666667,2.47,1.6,2
1.7,1.7475,1.283333333333333,0.6953333333333334,5.87,1.21,0
1.766666666666667,1.388166666666667,0.7,1.473166666666667,3.98,2.14,1
1.233333333333333,1.3715,0,0.6333333333333333,17.1,1.63,0
1.133333333333333,1.4795,1,1.975833333333333,2.14,1.21,1
1.416666666666667,2.0615,2.733333333333333,2.211666666666667,2.23,3.98,3
1.966666666666667,1.280333333333333,1.65,1.516333333333333,1.9,5.87,2
1.45,1.729833333333333,2.4,2.233333333333333,3.26,6.41,3
0.8333333333333333,1.775,2.416666666666667,2.663166666666667,1.6,8.91,1
2.15,1.443833333333333,1.733333333333333,2.2505,5.93,2.55,0
2.15,2.663333333333333,0.9166666666666666,1.482166666666667,3.03,3.33,1
3.066666666666666,1.857166666666667,2.666666666666667,2.26,0.802,2.47,1
1.666666666666667,1.168333333333333,4.433333333333334,2.180666666666667,1.63,1.6,1
2.816666666666666,1.630166666666667,2.816666666666666,2.055833333333333,2.47,3.26,5
1.433333333333333,1.521666666666667,1.533333333333333,1.156666666666667,1.21,1.9,0
2.416666666666667,2.039166666666667,1.433333333333333,1.835833333333333,3.33,0.802,0
1.083333333333333,1.771166666666667,1.916666666666667,1.363666666666667,2.55,3.03,0
0.2,0.7211666666666667,2.233333333333333,1.492666666666667,8.91,2.23,1
2.433333333333334,1.227333333333333,2.166666666666667,1.320666666666667,6.41,5.93,0
1.733333333333333,1.269166666666667,0.95,0.8968333333333334,5.87,2.14,0
5.633333333333333,3.7135,0.5833333333333333,1.151166666666667,3.98,17.1,0
1.533333333333333,1.886166666666667,1.2,1.642833333333333,5.93,1.21,0
0.45,0.626,2.083333333333333,3.009666666666666,2.14,1.63,2
3.483333333333333,2.347666666666667,2.2,2.191,2.23,2.47,0
2.816666666666666,2.934666666666667,3.75,2.875833333333333,3.26,5.87,4
2,1.679333333333333,2.233333333333333,2.121,3.03,6.41,0
0.5333333333333333,1.518666666666667,0,0.599,17.1,8.91,1
1.333333333333333,2.2955,0.45,1.375666666666667,3.98,3.33,1
0.5833333333333333,1.195666666666667,1.483333333333333,1.850666666666667,1.6,1.9,1
2.25,2.186833333333333,1.733333333333333,1.624666666666667,0.802,2.55,1
0.8333333333333333,1.021333333333333,2.4,1.731,2.55,2.23,2
2.65,2.029333333333333,1.2,1.559333333333333,1.21,0.802,0
1.233333333333333,0.8123333333333334,1.95,2.078333333333333,3.33,1.6,4
1.2,1.62,1.65,1.271,6.41,2.14,0
3.3,2.885,3.316666666666666,2.422333333333333,2.47,17.1,4
1.2,1.275,1.366666666666667,1.545666666666667,1.9,5.93,0
2.816666666666666,2.114333333333333,2.533333333333333,1.601333333333333,1.63,3.26,0
0.95,1.671,0.25,1.3865,5.87,3.03,0
2.45,2.183666666666666,2.033333333333333,2.064333333333333,8.91,3.98,0
2.283333333333333,1.503666666666667,0.3333333333333333,0.5858333333333333,17.1,3.33,0
3.483333333333333,3.182,1.25,1.42,5.93,5.87,2
1.2,1.083666666666667,0.8333333333333333,1.768666666666667,3.98,2.47,3
1.533333333333333,1.726166666666667,1.616666666666667,2.811333333333333,2.14,1.9,2
0.85,1.762333333333333,0.6,1.025666666666667,2.23,6.41,3
1.033333333333333,2.024333333333333,2.283333333333333,1.627,0.802,8.91,2
1.083333333333333,1.2875,2.033333333333333,1.380166666666667,1.6,2.55,2
1.666666666666667,1.005833333333333,1.95,2.057833333333333,3.03,1.63,0
2.2,1.828,3.933333333333334,2.344,3.26,1.21,1
1,1.302666666666667,1.4,1.614666666666667,1.9,3.26,4
1.25,1.959333333333333,0.25,1.122833333333333,1.21,3.03,1
1.25,1.613166666666667,1.866666666666667,1.4955,5.93,2.14,1
2.033333333333333,1.200666666666667,0.75,0.8516666666666667,6.41,1.6,1
3.833333333333333,2.955,1.916666666666667,1.576833333333333,2.55,17.1,1
1.75,1.269833333333333,1.45,1.963166666666667,1.63,0.802,0
1.616666666666667,1.173333333333333,4.083333333333333,2.230666666666667,3.33,2.23,3
1.25,1.055,1.5,1.277333333333333,5.87,3.98,0
1.583333333333333,2.279,3.083333333333333,2.216,2.47,8.91,0
2.95,1.89,2.066666666666666,1.858833333333334,8.91,3.33,0
0.8666666666666667,0.5626666666666666,1.95,2.125,3.98,2.55,2
2.466666666666667,2.2825,3,1.95,2.23,5.87,3
3.2,1.627833333333333,2.133333333333333,2.139166666666667,3.26,5.93,4
1.866666666666667,1.677,3.616666666666667,3.481,0.802,1.9,1
2.583333333333333,2.634666666666666,4.116666666666667,1.938666666666667,1.6,1.21,2
3.5,2.5835,0.2,0.833,17.1,6.41,0
1.366666666666667,1.932166666666667,2,2.351833333333333,3.03,2.14,1
2.9,3.117833333333333,1.533333333333333,1.5665,2.47,1.63,2
3.916666666666667,3.134,3.3,2.177833333333334,3.33,2.47,2
1.2,1.982666666666667,2.483333333333333,2.062166666666667,2.55,8.91,0
2.15,1.856333333333333,3,3.0015,1.63,2.23,3
2.633333333333333,2.250166666666666,0.8333333333333333,1.257333333333333,1.21,17.1,4
1.883333333333333,1.456166666666667,1.233333333333333,1.654833333333333,5.93,1.6,2
1.833333333333333,2.138833333333333,2.333333333333333,2.3635,1.9,3.03,0
1.333333333333333,1.709,2.833333333333333,2.1215,2.14,3.26,1
1.75,1.274333333333333,1.083333333333333,1.044666666666667,6.41,3.98,1
1,1.324,1.25,1.421333333333333,5.87,0.802,1
1.616666666666667,1.7045,4.1,2.519,2.23,1.21,0
1.5,1.417666666666666,1.083333333333333,1.9975,3.03,3.26,1
1.483333333333333,1.8855,2.816666666666666,1.744,1.6,2.14,0
0.9833333333333334,1.536333333333333,0,0.616,17.1,1.9,0
1.566666666666667,1.012333333333333,2.366666666666667,2.4575,2.47,2.55,4
2.15,2.8985,1.4,1.129666666666667,8.91,5.87,2
3.166666666666667,2.755,2.016666666666667,1.748833333333333,3.98,1.63,1
2.35,1.704,2.883333333333333,2.612166666666667,3.33,6.41,1
3.433333333333334,1.785666666666667,2.233333333333333,3.407333333333334,0.802,5.93,2
2.783333333333333,2.8555,1.633333333333333,1.272833333333333,2.14,17.1,2
3.083333333333333,2.001166666666666,2.783333333333333,1.9315,1.21,3.98,1
1.25,1.479,4.25,2.673833333333334,1.63,8.91,1
0.7,1.124833333333333,1.366666666666667,1.665,5.93,3.03,0
4.316666666666666,3.5815,0.7833333333333333,1.034166666666667,6.41,2.47,1
1.083333333333333,1.551333333333333,1.533333333333333,1.395,3.26,0.802,0
1.116666666666667,1.1375,1.583333333333333,1.525333333333333,5.87,1.6,1
1.8,1.78,2.95,2.4955,2.55,3.33,5
2.85,1.965333333333333,2.05,2.680333333333333,1.9,2.23,2
2.866666666666667,2.153333333333333,1.616666666666667,1.219333333333333,5.87,17.1,1
0.7833333333333333,1.461,1.65,1.1385,2.14,0.802,0
3.333333333333333,3.016833333333333,1.866666666666667,2.159333333333334,1.9,2.47,1
2.683333333333333,2.436,1.05,1.289166666666667,3.26,3.98,1
1.2,0.903,0.5333333333333333,1.787333333333333,3.03,1.6,2
2.616666666666667,1.927666666666667,0.8333333333333333,1.576,5.93,2.23,0
1.366666666666667,1.259333333333333,0.95,1.356666666666667,6.41,8.91,0
1.983333333333333,1.512333333333333,3.583333333333333,2.141,1.63,2.55,0
3.25,2.834166666666667,2.366666666666667,2.329666666666667,1.21,3.33,1
3.033333333333333,1.993333333333333,1.766666666666667,1.9725,2.23,2.14,1
3.366666666666667,2.258166666666667,3.933333333333334,3.060166666666666,2.47,5.87,1
1.2,2.0395,2.333333333333333,1.323833333333333,17.1,5.93,1
2.666666666666667,2.3295,1.116666666666667,1.637833333333333,3.98,1.9,0
2.166666666666667,1.978833333333333,1.366666666666667,1.4595,8.91,1.21,1
0.45,1.511666666666667,0.8666666666666667,0.8386666666666667,1.6,3.26,0
0,0.9706666666666668,3.2,2.628166666666667,0.802,3.03,3
0.7833333333333333,1.203666666666667,3.666666666666667,2.483,2.55,6.41,1
2.516666666666667,1.6575,2.15,2.462666666666667,3.33,1.63,2
1.883333333333333,2.027333333333333,0.7,1.121166666666667,5.93,3.98,0
0.2,1.1595,0.5,0.7384999999999999,1.6,0.802,0
0.65,1.03,1.733333333333333,1.994333333333333,1.9,8.91,3
1.733333333333333,1.6335,0.3333333333333333,0.8988333333333334,3.26,17.1,2
0.8,0.8858333333333333,1,1.4105,2.14,2.55,2
2.083333333333333,1.863833333333333,1.483333333333333,1.475,5.87,3.33,0
1.4,1.809666666666667,0.8666666666666667,1.446166666666667,3.03,2.23,1
0.95,1.299333333333333,1.55,1.262333333333333,1.63,6.41,1
1.883333333333333,1.761333333333333,0.9833333333333334,1.486333333333333,1.21,2.47,2
1.783333333333333,1.974666666666667,0.7333333333333334,0.989,8.91,2.14,2
0.7,0.9933333333333334,0.9,1.542833333333333,3.98,1.6,0
3.233333333333333,1.956,1.2,1.026166666666667,6.41,5.87,5
0,0.8281666666666667,2.916666666666667,1.617833333333333,3.33,3.26,1
2.483333333333333,2.1595,1.033333333333333,1.463333333333333,1.63,1.21,2
2,1.495666666666667,1.533333333333333,1.038,17.1,3.03,0
1.083333333333333,1.651,2.533333333333333,2.4695,2.47,5.93,0
1.4,1.428833333333333,1.833333333333333,2.052666666666667,2.55,1.9,2
0,0.9259999999999999,1.983333333333333,1.489666666666667,2.23,0.802,2
3,2.416666666666667,1.866666666666667,0.9648333333333333,3.26,8.91,3
1.45,1.521166666666667,1.45,1.508166666666667,1.9,3.33,1
2.583333333333333,1.913833333333333,2.366666666666667,2.342,1.21,6.41,2
1.616666666666667,1.6915,2.916666666666667,2.5365,2.14,2.47,1
3.066666666666666,1.924666666666667,0.75,0.9490000000000001,5.93,1.63,1
5.116666666666667,2.602333333333333,2.25,1.905166666666666,0.802,17.1,6
1.083333333333333,1.7915,0.5,0.8683333333333334,1.6,2.23,1
0.95,1.0865,4.733333333333333,3.2745,3.03,3.98,1
0.6666666666666666,0.9874999999999999,2.45,2.083166666666667,5.87,2.55,1
0.5,1.222,0.2,0.4971666666666667,17.1,1.6,1
0.95,1.417166666666667,1.866666666666667,1.26,8.91,5.93,0
1.166666666666667,0.8260000000000001,3.166666666666667,1.990166666666667,6.41,1.9,0
2.366666666666667,1.498,1.983333333333333,0.8218333333333334,3.33,2.14,0
1.333333333333333,0.9998333333333334,1.866666666666667,1.502166666666667,2.23,3.26,1
2.366666666666667,1.811666666666667,1.866666666666667,1.794,2.55,1.21,0
1.6,1.206166666666667,2.2,1.828666666666667,2.47,3.03,1
0.6666666666666666,0.8236666666666665,0.75,1.0835,3.98,0.802,0
3.616666666666667,2.301166666666667,1.616666666666667,1.495166666666667,1.63,5.87,5
1.233333333333333,1.298166666666667,2.4,1.61,3.26,2.55,0
4.1,4.0425,3.533333333333334,2.82,3.03,8.91,0
5.016666666666667,2.664833333333333,2.316666666666666,2.337833333333333,1.21,5.87,0
6.4,4.068333333333333,1.733333333333333,1.262333333333333,2.23,17.1,3
2.983333333333333,2.0155,1.433333333333333,1.0275,1.9,1.63,1
1.833333333333333,1.895,2.083333333333333,3.211,5.93,3.33,1
1.583333333333333,1.206,2.733333333333333,2.449833333333333,2.14,3.98,2
1.983333333333333,2.070333333333333,2.583333333333333,2.602666666666667,1.6,2.47,2
2.366666666666667,1.775833333333333,3.25,2.186333333333333,0.802,6.41,3
1.033333333333333,1.214666666666667,1.5,1.3705,6.41,3.26,0
2.15,1.791333333333333,1.433333333333333,1.626833333333333,1.21,2.14,2
0.5833333333333333,1.152666666666667,1.95,1.971333333333333,3.33,3.03,0
1.75,1.590833333333333,0.9,1.391,2.55,5.93,2
5.933333333333334,3.595166666666667,2.316666666666667,1.4805,1.63,17.1,4
0.4,0.921,3.083333333333333,1.896666666666667,2.47,0.802,0
2.583333333333333,1.501333333333333,0.9,0.9113333333333333,8.91,1.6,0
0.65,0.641,2.55,1.738,5.87,1.9,0
1.283333333333333,1.035333333333333,1.25,1.193,3.98,2.23,0
1.45,1.476166666666667,2.2,2.1895,3.03,2.55,1
1.283333333333333,0.9976666666666666,1.866666666666667,2.076,1.6,1.63,1
2.533333333333333,2.6615,4.7,2.244333333333334,0.802,3.33,0
1.35,1.9545,2.45,2.594666666666667,2.23,8.91,3
0.7333333333333334,1.506,2.283333333333333,1.818166666666666,1.9,1.21,0
3.366666666666667,2.2175,2.85,1.723666666666667,3.26,2.47,1
3.65,1.721833333333333,2.283333333333333,2.9485,5.93,6.41,1
3.15,2.4685,1.366666666666667,1.690833333333333,2.14,5.87,1
2.366666666666667,2.630333333333334,0.5833333333333333,0.4135,17.1,3.98,2
1.666666666666667,1.794833333333334,2.833333333333333,2.229166666666667,1.63,2.14,0
1.45,0.9588333333333334,2.7,2.0435,2.47,2.23,2
1.7,1.733833333333333,1.45,1.728166666666667,1.9,1.6,0
2.566666666666666,2.053833333333333,0.75,1.645666666666667,3.33,3.98,4
0.2,0.8576666666666666,0,1.490666666666667,6.41,3.03,0
1.7,1.874666666666667,1.35,1.566333333333333,5.87,3.26,1
2.883333333333333,2.200666666666667,1,0.9713333333333334,8.91,17.1,1
1.416666666666667,2.101333333333333,1.866666666666667,1.944833333333333,1.21,5.93,0
0,1.085,0.6666666666666666,1.305333333333333,2.55,0.802,0
1.833333333333333,1.702666666666667,3.1,2.3855,2.23,2.55,1
2.733333333333333,1.7805,0.8666666666666667,0.5745,17.1,2.47,0
1.166666666666667,1.3385,1.033333333333333,1.705,5.93,1.9,0
1,1.267,0.9,1.738666666666667,3.98,8.91,1
3.933333333333334,2.986,0.7333333333333334,1.1575,2.14,6.41,3
0.2,1.3605,2.6,1.6785,0.802,1.21,1
2.583333333333333,2.8905,3.083333333333333,2.916166666666666,3.03,5.87,2
1.45,2.3075,1.233333333333333,0.953,1.6,3.33,2
0.5333333333333333,0.7524999999999999,2.833333333333333,2.856,3.26,1.63,2
3.733333333333333,2.923666666666667,2.916666666666667,2.199333333333334,2.47,3.98,0
1.65,1.995166666666667,0.6,1.6305,1.9,2.14,3
2.633333333333333,1.941833333333333,2.833333333333333,2.702166666666667,3.33,17.1,2
1.75,2.1905,0.9,1.544666666666667,2.55,1.6,0
1,1.760166666666667,2.333333333333333,1.718833333333333,8.91,0.802,0
1.666666666666667,1.595833333333333,1,1.879666666666667,6.41,2.23,0
2.583333333333333,2.578,1.9,2.341,1.21,3.26,1
0,0.3946666666666667,2.55,2.360166666666667,1.63,3.03,0
0.4,1.693,0.5833333333333333,1.2095,5.87,5.93,1
0.5,1.094166666666667,2.2,1.305333333333333,2.14,5.93,0
0.9166666666666666,1.742333333333333,3.433333333333334,2.147,2.23,3.33,2
1.65,1.608333333333333,2.616666666666667,1.925,3.26,1.9,2
1.333333333333333,1.237833333333333,2.366666666666667,2.492,3.03,1.21,2
4.2,2.847333333333333,1.116666666666667,1.547333333333333,1.6,6.41,1
0.7,1.34,1.65,1.132666666666667,8.91,2.47,0
1.033333333333333,1.257,0.4,0.665,17.1,2.55,0
1.366666666666667,1.119,2.333333333333333,2.332333333333334,0.802,1.63,2
2.116666666666667,2.357,0.5833333333333333,1.685333333333333,3.98,5.87,0
2.283333333333333,2.379833333333333,1.333333333333333,1.6335,5.93,3.26,2
1.15,1.446,1.033333333333333,1.340666666666667,5.87,2.23,2
1.25,1.638,2.333333333333333,2.464333333333333,1.21,1.6,0
2.25,2.584000000000001,2.716666666666667,2.436666666666667,3.33,8.91,1
0.4,0.9396666666666667,1.75,1.899833333333333,1.63,2.47,0
1.5,1.727,2,1.807166666666667,1.9,0.802,2
2.116666666666667,1.646166666666667,1,1.3825,6.41,17.1,0
1.5,1.133333333333333,1.416666666666667,1.438166666666667,2.14,3.03,2
2.05,2.344166666666667,0.75,1.162,2.55,3.98,2
1.666666666666667,2.112333333333333,1.816666666666667,1.5845,3.03,1.9,1
1.366666666666667,1.608,1,1.092166666666667,17.1,1.21,1
0.7,1.206166666666667,1.1,1.381333333333333,8.91,2.55,0
2.933333333333334,1.803166666666667,0.7,1.195,3.98,6.41,0
1.816666666666667,2.1825,2.866666666666667,1.9095,2.23,1.63,1
1.566666666666667,1.8615,1.766666666666667,2.955833333333334,2.47,3.33,1
2.316666666666666,1.865333333333333,3.066666666666666,2.293333333333333,3.26,2.14,0
1.65,1.607,2.116666666666667,2.1055,0.802,5.87,3
1.75,1.938166666666667,0.7333333333333334,1.843166666666667,1.6,5.93,0
1.666666666666667,1.5915,2.366666666666667,1.746,5.93,0.802,0
1.333333333333333,1.384,1.75,1.824333333333333,6.41,3.33,0
2.433333333333334,2.547833333333333,1.616666666666667,1.578833333333333,5.87,8.91,1
1.416666666666667,1.449333333333333,0.95,1.611166666666667,1.21,2.23,2
1.25,1.294666666666667,2.066666666666666,2.1185,2.14,1.6,0
2.416666666666667,2.3865,1,1.570166666666667,1.63,3.98,2
1.5,1.246166666666667,1.916666666666667,1.958,2.55,2.47,0
1.916666666666667,1.5135,1.9,1.703833333333333,3.26,3.03,1
0.65,1.522333333333333,2.266666666666667,1.9875,1.9,17.1,1
2.5,1.8565,1.2,1.5155,1.6,5.87,2
1.25,1.4725,1.983333333333333,2.3355,3.03,5.93,0
1.7,1.299666666666667,0.9833333333333334,2.014833333333334,2.47,6.41,1
1.983333333333333,1.7975,1.733333333333333,1.317833333333333,2.23,1.9,1
0.25,1.051666666666667,2.45,1.443333333333333,3.33,2.55,1
1.233333333333333,2.0255,0.25,1.160666666666667,3.98,1.21,3
1.65,1.408833333333333,1.833333333333333,1.66,17.1,2.14,0
0.9833333333333334,1.677833333333333,1.25,1.355666666666667,8.91,1.63,2
