AG AXG AOGA AOXGA G
1.25,1.1425,0.25,0.7025,1
1.75,1.1775,1.5,1.09,2
1,1.19,1,0.8674999999999999,0
0.5,0.7925,0.75,1.1875,2
2.5,1.9725,0.5,0.5775,4
0.75,0.63,0.75,0.9924999999999999,2
1,0.97,0,1.13,1
0,0.7325,1,1.075,0
0.75,0.7625000000000001,1.5,1.04,2
0.5,0.845,1.25,1.26,1
0.5,1.485,2,1.995,1
2,2.695,1,1.73,2
3.5,3.379999999999999,0.75,1.2325,0
0.5,1.425,1.75,1.1875,3
2.5,1.405,0.5,1.21,1
1,0.9825,1.25,1.3575,1
1,0.8800000000000001,1.75,1.47,1
2,1.0075,2.75,2.0275,3
0.75,0.85,1.75,1.7825,3
1.25,1.3875,2,1.7075,0
2.5,1.9225,1.25,1.1675,0
1.25,1.68,1.75,1.13,2
0.25,0.9924999999999999,1.25,0.905,1
1,1.375,1.75,1.72,1
1.5,0.8275,1.25,1.095,0
0,0.8125,1,0.9099999999999999,3
1.5,1.5575,0.75,1.1225,0
1.25,1.24,0.25,1.04,3
1,0.7725,0.5,0.8574999999999999,1
1.25,1.125,0.25,1.2675,1
1,2.49,2.25,1.655,3
1.25,1.13,1.75,1.665,1
2,3.47,1.5,1.345,5
0.5,1.3225,0.75,1.5875,3
1.25,1.1625,1.75,1.4125,1
1.25,0.88,0.75,1.645,1
1.5,1.5325,0.5,0.6075,0
1,1.0225,1.25,2.105,4
2,0.9799999999999999,1.5,1.565,2
1.75,1.385,1.5,2.1775,3
1.5,1.99,1.5,1.5425,3
1.75,1.605,0.5,1.44,1
1,1.18,1.5,1.29,1
1.5,1.8925,0.5,0.9999999999999999,5
0.75,1.24,1,0.7225,2
0.75,0.9350000000000001,1.25,1.12,0
0.75,0.755,0.75,1.0075,0
2.25,3.6225,1,1.07,3
1.25,1.48,1,1.7725,2
1.5,1.29,2,2.2675,3
1.5,1.2125,0.75,0.7600000000000001,1
1.75,1.885,2,2.0425,3
0.5,0.5475,1,1.45,2
1.5,1.2975,2.5,1.525,3
1.75,1.3775,1.5,1.5775,0
1.25,1.4775,1.25,1.3725,2
1.25,1.2275,2.5,2.62,1
1,1.38,1.5,1.38,1
1.5,1.235,1,1.65,1
1.5,1.58,0.75,0.78,1
0.25,0.54,2,1.5,2
1.5,1.5325,1.25,1.865,1
0.25,1.21,1.5,1.0025,1
1.25,1.24,1.75,2.29,3
1.25,1.6225,1.5,1.29,2
1.25,1.245,1.75,2.0575,0
2.75,2.5525,1.75,1.51,2
2.75,3.055,1,0.9375,3
1.5,1.8725,1.75,1.9525,1
2.25,2.325,0.75,1.52,3
1.5,1.355,1.25,0.825,2
2.75,1.905,0.75,1.1525,0
1.25,1.4025,1.25,1.19,2
3,1.5575,1.75,1.5925,1
1,0.8774999999999999,2.75,1.395,2
1,0.8649999999999999,2.75,1.93,0
0.75,0.6300000000000001,1.25,1.1125,1
1.5,1.185,1,0.82,2
1,1.275,0.5,0.6749999999999999,0
1.25,0.9724999999999999,1.75,1.9425,1
1,1.43,1.25,2.06,0
3,2.5225,1.25,1.1125,4
1.25,1.75,1.5,1.0175,1
0.5,0.795,1,1.2525,2
1,0.9950000000000001,1,1.0525,0
1.25,1.385,1.75,1.7975,2
0.5,0.4375,1.25,1.69,2
1.5,1.9575,2.25,1.955,0
1.5,1.0775,1,0.71,0
2.25,2.39,1,1.8225,1
1.75,1.9025,1.5,1.6625,4
1.5,0.6325000000000001,0.25,0.3975000000000001,0
2.25,1.28,0,0.5875,1
1.5,1.1825,1.5,0.9199999999999999,1
0.75,0.7975,2.5,1.0775,1
1,0.9125,1,1.295,2
0.75,0.97,1.5,1.1775,2
0.5,1.14,1.5,1.7225,3
2,2.1,1.5,1.025,0
1,0.91,1.25,1.44,1
1.25,0.8100000000000001,1.75,1.2925,1
3,2.8475,0.5,0.7875000000000001,2
1,1.05,1,1.0675,1
1.25,1.4025,1.5,1.38,1
1.25,1.5625,1.75,1.3625,2
1,1,0.5,1.2,1
1,0.9350000000000001,1.25,0.725,1
1.25,1.46,1,1.9425,1
1.25,1.785,0.75,0.8999999999999999,2
0.75,1.1125,2,1.55,1
0.75,0.63,1.5,1.4025,2
0.75,0.7175,1.5,1.955,1
0.5,0.965,0.75,0.5249999999999999,0
1.75,1.275,1.5,1.6825,2
1.5,1.72,2,1.5,10
1.25,1.5525,1,1.5175,0
1.5,0.68,1,1.07,0
1,1.3825,1,1.2725,2
1,1.0725,0.25,0.6225000000000001,1
4,2.835,2,1.2,3
0.5,0.8400000000000001,0.75,0.5925,0
1,0.9600000000000001,0.5,0.8450000000000001,0
1,1.4725,0.75,1.1425,2
0.5,0.9875,2,1.595,2
1.5,0.7949999999999999,0.75,0.6925,0
2.75,2.295,0.5,1.1975,4
1.5,1.29,0.5,0.7524999999999999,0
0.5,0.8725000000000001,1.75,1.58,4
1.25,1.0325,1.25,1.785,1
0.5,0.865,0.75,0.7875,0
1.5,1.2125,1.5,1.4875,1
1,1.0475,0.5,1.0075,2
1,0.6875000000000001,1.75,1.3175,2
0.25,0.9075,1.25,1.1675,0
0.75,0.595,0.25,0.4299999999999999,2
1,1.445,1.25,1.5425,2
1.25,1.0125,0.25,0.7875,1
1,0.6675,1.25,0.6725,2
1,1.2475,1.75,1.3675,1
1.75,2.075,2,1.6475,4
1.25,2.0925,1,0.445,2
1.25,1.0475,2.25,2.245,1
3.75,2.95,1,0.905,5
0.25,0.4675,4,2.6675,2
1.5,0.9275,1.75,1.4825,2
1,1.1875,1.5,1.2625,2
1.75,1.5125,0.75,1.4275,2
1.75,1.1325,0.25,0.6825,1
0.75,1.2375,0.5,0.8675,0
1.25,1.98,0.25,0.5,2
0.5,0.9825,1.25,1.3025,4
1.75,1.075,2.25,2.0375,0
1.25,1.435,1.75,1.57,1
1,1.2075,4,2.5475,2
5,3.4675,2,1.76,5
1.25,1.18,1,1.84,3
1.75,0.7000000000000001,0.25,0.515,0
2.5,2.7375,1,0.7849999999999999,6
2,1.5025,2.75,2.6475,5
0.5,0.9775,1.5,1.5625,5
1.25,1.815,0,0.4550000000000001,1
0.5,0.6699999999999999,0.25,0.825,2
1,0.555,0.5,1.1725,3
1.25,0.865,2,1.6625,3
0.75,1.2375,0.5,0.6550000000000001,5
2,1.52,0.75,0.9125,0
0.5,0.95,1.75,1.565,1
0,0.8574999999999999,1,1.18,1
1.25,0.7524999999999999,1.75,1.5775,3
3,3.180000000000001,0,0.3875,2
3.25,2.015,1.25,1.35,1
2,2.0075,3,2.0825,0
1.5,1.3475,3,2.6625,1
1.5,1.9325,1.5,1.735,2
1.25,1.4225,2,1.2775,3
1.25,1.47,2.5,1.9225,0
1.25,0.7625,2.5,2.1875,2
3.25,2.8075,1.75,2.09,6
0.75,1.07,1.5,0.9175,2
1.25,1.405,1.25,1.65,3
1.5,1.3525,2.25,0.8075,3
2,1.625,2,1.4425,2
1.5,1.24,0.5,1.0175,0
1.75,1.7125,2.25,2.1825,1
2.25,1.1375,0.5,0.84,0
0.5,0.605,1.5,1.69,1
1.25,0.72,0.5,1.13,1
1,1.105,0.5,0.84,1
1,1.185,1.75,1.705,0
2,1.64,1,0.775,2
3.5,2.7375,2,2.0175,4
0.75,1.2225,1.25,1.3325,1
0.75,1.44,4,2.32,2
1.25,0.9474999999999999,0.75,1.5925,2
2.25,1.675,2.5,1.8075,3
1.5,1.2875,2.25,1.6725,2
1.25,1.6025,0.75,0.5924999999999999,0
2.25,1.2125,2.75,1.9125,2
3,2.395,2.25,1.9175,6
2.25,2.065,0.75,1.1075,1
1,0.9375,2,1.7825,3
1,1.0875,0.75,1.045,1
0.75,1.6125,1.5,0.9275,1
1.25,0.6475,1.5,1.605,1
0.75,1.0925,2.5,1.4725,3
2.25,2.29,0.5,1.2675,2
1.5,1.295,1,0.9824999999999999,1
2,1.2225,1.5,1.65,0
1,1.4725,1,1.635,1
1.25,1.47,0.5,0.8774999999999999,0
1.5,1.735,1.75,1.975,0
3.25,2.075,0.75,0.615,0
0,0.905,2.75,2.5,0
1.25,1.085,3.25,1.96,2
1.25,0.8325,1.5,1.865,2
2.75,1.64,0.75,0.9749999999999999,1
0.5,1,1.75,2.445,3
1,1.735,1.25,1.2375,0
1.25,1.4725,2,1.975,0
3.25,3.1625,1,1.2875,2
1.25,1.1875,0.25,0.855,3
0.5,0.61,2,1.6675,4
1.5,1.6775,1.75,1.645,1
1.25,1.4125,1.5,2.0275,1
1.5,2.01,0,0.6675,0
1.25,1.0675,1.25,1.615,4
0.75,1.1325,1.25,1.16,1
0.75,1.5175,2.5,1.62,2
1.5,2.09,1.25,1.5475,0
2,1.9775,1,1.1875,1
2,1.7175,2,2.0375,7
1,0.8625,1,1.3,0
0,0.7775,1,1.245,1
0.75,1.4825,1.25,1.195,3
2,1.4825,1.25,1.305,2
1,1.6575,1,1.11,0
1,0.7749999999999999,1.5,1.34,0
1.25,1.3325,2,2.39,1
1.5,1.66,0,0.74,1
1.5,2.2325,2.75,3.1875,2
1.5,1.0825,2.25,1.39,1
3.25,3.1575,2.25,1.6675,6
1.25,1.64,1.25,0.9975000000000001,1
1.75,1.2475,2.25,2.2425,3
1.5,1.115,2.25,1.815,1
1.25,1.09,2,1.4275,1
1.25,1.6775,0.25,0.7000000000000001,4
2.25,1.5825,0.75,0.7424999999999999,3
1.75,1.1425,1,1.25,1
1,1.52,1.5,1.2025,1
0.25,0.6875,1.75,1.4725,1
0.5,0.86,0.25,0.86,2
0.5,1.1675,0.5,0.6975,0
1,1.2175,2.5,2.3925,2
1,1.3725,1.75,1.685,2
2,1.58,1.5,1.68,0
1.75,1.1625,0.5,1.0325,2
1.25,1.2225,0.5,0.78,2
0.75,1.2025,1.75,1.035,0
3,1.5675,1.25,1.4325,4
1.25,1.0425,3,2.5575,2
2.5,1.2725,1,1.155,5
1.75,1.59,1.75,1.4125,2
4.25,3.435,0.75,1.2375,1
1,1.24,2.75,1.43,1
2.5,2.0225,1.25,0.8125,1
1.5,0.8025,1.5,1.18,1
0.5,1.1375,1.75,1.6625,1
1.5,1.555,1.5,1.2175,1
1,0.8674999999999999,1.5,0.9849999999999999,0
1,0.7925,1,1.5925,0
3.75,2.225,2,1.7575,4
1.5,1.2325,1,1.01,1
0.75,0.9425,1,0.7975000000000001,1
1,1.07,0.75,1.35,1
0.5,1.0375,2,1.115,0
0.5,0.8325,2.25,1.8275,2
1.5,1.48,2.5,2.6025,2
1.75,1.67,1.25,1.185,1
1.5,1.605,0.75,0.8374999999999999,1
0.5,1.2775,1.5,1.555,2
0.25,0.76,0.5,1.2075,1
1.75,1.8225,0.75,0.9075,1
0.75,1.5125,0.75,1.4525,2
1.25,0.995,2.25,2.3025,1
0.75,1.0875,1,1.4975,0
1.5,1.7525,2,0.9824999999999999,1
3,2.06,1,1.18,3
1.25,1.84,1.75,1.7,2
2.25,2.25,1.5,1.69,1
1.25,1.045,0.5,0.9650000000000001,1
0.75,1.125,0.75,1.125,1
1.25,1.4075,1.75,0.9924999999999999,0
1.25,1.1075,2,1.7675,4
1,1.2275,1,0.925,0
0.75,1.05,2.25,1.77,2
0.5,1.45,1,0.855,1
3.75,2.89,1.25,1.1875,3
1,0.5375,2.5,2.615,1
0.75,0.7749999999999999,1,1.0275,5
1.5,1.1325,1.75,1.37,4
1.25,1.6775,0.5,0.9400000000000001,2
3,2.3,0.75,0.7524999999999999,1
2.5,3.0175,0.75,1.305,6
0.75,1.075,3.25,2.4375,1
0.75,1.365,0.5,1.3825,2
1,1.6475,1.5,1.925,2
0.75,1.0275,1,1.96,2
1.25,1.25,1.25,1.5075,0
1,0.9125,1.25,1.275,2
0.75,0.8774999999999999,2.5,1.795,2
0.75,0.76,0.75,1.11,0
2,1.46,1.5,1.26,1
0.75,1.1175,0.75,1.06,0
1.5,1.245,0.75,1.6125,3
1,0.9575,0.75,0.99,2
0.75,0.9925,1.25,1.055,1
0.75,1.38,2.5,1.7725,0
2.5,1.7275,1.25,1.0525,0
0.25,1.07,2.25,1.62,3
1.75,1.05,1,1.015,0
1.25,1.1725,1,1.3025,1
1.5,1.2625,0,0.4349999999999999,2
1.75,1.605,2,2.3575,1
0.75,0.645,3,2.4175,0
0.5,0.8100000000000001,1.5,1.37,2
3,2.265,1.25,2.15,3
0.75,0.9575,1.25,1.52,1
4.25,4.5075,1.75,0.9675,5
1,1.53,2,1.595,1
2,1.615,1,1.505,0
0.75,0.895,1,1.1525,0
3.25,2.0275,0,0.7750000000000001,0
1,1.015,1.75,1.36,3
1,1.22,1,1.06,2
1,1.205,1,1.41,4
0.5,1.0275,2,1.24,4
0.5,0.8825000000000001,1,0.7849999999999999,2
1.25,0.675,1.25,0.7625000000000001,2
1,1.3475,2.75,2.25,3
