Cofs
1.17
8.40
14.90
1.26
6.19
10.87
1.87
3.77
4.14
2.34
2.65
3.99
1.28
6.23
10.16
5.36
4.27
1.61
3.04
3.50
2.33
2.32
3.53
3.07
3.13
3.69
2.23
2.06
3.65
3.56
2.46
2.90
3.51
2.27
3.21
3.50
2.46
3.32
3.01
1.17
7.89
16.57
3.11
3.69
2.24
3.81
3.09
2.20
3.87
3.96
1.89
4.99
4.38
1.63
1.55
4.16
6.47
1.57
4.12
6.16
1.13
8.85
22.23
1.72
3.34
6.11
2.70
3.47
2.64
5.14
4.02
1.68
3.78
3.34
2.09
2.18
3.82
3.10
1.56
4.19
6.07
2.93
3.40
2.45
4.39
3.81
1.81
1.59
3.82
6.71
1.83
3.42
5.00
1.22
7.13
12.02
3.38
3.36
2.25
2.43
3.54
2.89
3.05
3.25
2.46
1.64
4.04
5.46
2.48
3.66
2.75
5.36
3.86
1.68
3.69
3.13
2.22
1.61
3.85
6.22
1.61
4.10
5.62
1.38
4.91
8.82
2.77
3.05
2.87
3.14
3.52
2.28
2.92
3.17
2.63
3.09
2.89
2.70
10.50
5.32
1.32
2.73
3.23
2.74
1.36
5.12
8.95
1.73
3.85
4.94
2.16
3.59
3.33
1.83
3.79
4.32
1.45
4.30
8.26
2.22
3.34
3.44
1.93
3.43
4.36
2.23
3.27
3.51
2.97
3.01
2.68
1.17
7.66
18.69
2.30
3.25
3.35
5.66
3.76
1.67
1.33
5.31
9.99
1.34
5.27
9.59
7.56
4.33
1.48
10.16
5.33
1.33
2.04
3.40
3.91
2.34
3.14
3.40
1.70
3.64
5.64
1.74
3.56
5.41
2.69
3.34
2.72
1.62
4.04
5.75
3.57
2.92
2.40
1.44
4.33
8.41
1.29
5.56
11.80
2.13
3.51
3.52
1.38
4.92
8.51
2.13
3.07
4.10
2.43
3.20
3.14
1.42
4.56
8.45
2.64
3.48
2.68
1.89
3.26
4.94
4.87
3.61
1.80
1.39
4.87
8.42
1.68
3.79
5.51
2.03
3.55
3.73
2.04
3.26
4.15
4.33
3.48
1.92
5.94
3.90
1.63
2.19
3.26
3.63
6.01
4.33
1.55
5.89
3.44
1.73
1.56
3.94
6.81
2.52
3.23
3.01
2.17
3.30
3.63
3.36
3.49
2.19
2.22
3.28
3.54
2.99
3.11
2.60
5.95
4.27
1.57
3.12
3.20
2.45
1.30
5.36
11.87
2.68
3.07
2.94
2.58
3.07
3.06
2.57
3.04
3.03
1.21
6.67
15.24
1.22
6.59
14.41
1.78
3.65
4.85
1.28
5.77
11.40
5.91
3.57
1.70
2.05
3.17
4.21
3.84
3.34
2.08
2.37
3.38
3.12
3.07
3.42
2.39
1.53
4.42
6.13
3.00
3.42
2.42
6.39
4.01
1.58
4.16
3.08
2.10
1.41
4.37
9.76
3.79
3.53
2.03
1.98
3.25
4.34
5.77
3.55
1.71
2.92
3.03
2.71
1.43
4.35
8.73
2.56
3.13
3.06
1.82
3.76
4.41
1.76
3.45
5.50
2.88
3.17
2.64
2.77
2.91
2.98
1.58
3.83
6.92
2.34
3.45
3.09
1.58
3.92
6.52
2.02
3.47
3.87
5.41
3.60
1.73
3.08
3.33
2.43
10.11
5.13
1.34
7.07
3.82
1.57
3.29
3.06
2.44
2.04
3.33
4.00
1.75
3.52
5.47
7.87
4.70
1.42
2.96
3.27
2.52
1.46
4.37
7.73
1.42
4.73
7.98
1.40
4.65
9.17
1.54
4.05
6.91
2.62
3.36
2.77
3.32
3.29
2.29
1.97
3.21
4.51
3.76
3.19
2.17
2.08
3.36
3.80
2.03
3.35
3.99
1.12
9.49
25.22
1.48
4.21
7.97
7.18
4.12
1.52
1.34
5.42
9.30
1.52
4.12
7.18
1.76
3.49
5.47
2.38
3.13
3.33
5.85
3.91
1.63
3.97
3.47
2.00
5.95
4.40
1.55
1.40
4.92
8.18
5.48
4.32
1.59
8.63
5.08
1.37
2.22
3.45
3.36
1.41
4.53
8.95
2.38
3.32
3.13
3.91
3.27
2.09
3.36
2.98
2.46
1.18
7.25
17.66
1.31
5.35
10.65
1.90
3.57
4.32
2.42
3.35
3.08
4.03
3.32
2.04
3.44
3.21
2.29
2.01
3.96
3.45
1.66
3.62
6.22
2.33
3.03
3.55
4.98
3.41
1.83
3.54
3.23
2.25
1.91
3.33
4.61
2.02
3.43
3.93
1.11
9.47
27.64
3.21
3.13
2.45
2.11
3.40
3.74
2.00
3.54
3.88
1.81
3.65
4.66
2.50
2.98
3.29
7.31
4.65
1.45
1.40
4.92
8.11
2.15
3.09
3.96
1.63
4.06
5.62
1.47
4.14
8.43
1.26
5.98
12.43
1.97
3.19
4.57
6.87
4.66
1.47
2.64
3.16
2.89
1.62
3.96
5.92
5.58
4.16
1.61
3.15
3.48
2.29
2.55
2.99
3.18
1.20
6.84
15.77
2.86
3.41
2.54
1.53
4.33
6.39
2.33
3.08
3.48
1.75
3.70
5.00
4.82
3.38
1.86
5.20
3.61
1.76
2.31
3.33
3.26
1.47
4.32
7.52
1.62
3.80
6.21
6.51
3.77
1.61
1.37
4.92
9.35
8.80
4.74
1.39
2.52
3.08
3.13
2.20
3.24
3.59
2.46
3.42
2.94
4.28
3.71
1.86
1.19
7.05
15.80
2.57
3.04
3.07
1.71
3.74
5.36
1.33
5.34
9.77
4.37
3.34
1.95
2.08
3.49
3.69
1.50
4.50
6.44
6.78
3.85
1.58
1.86
3.58
4.48
3.64
3.27
2.18
1.92
3.38
4.48
2.04
3.24
4.10
6.99
3.73
1.59
1.32
5.31
9.99
1.91
3.29
4.66
1.95
3.37
4.38
2.08
3.44
3.72
2.13
3.24
3.83
4.25
3.50
1.93
2.52
3.22
3.00
1.43
4.82
7.29
4.13
3.65
1.91
1.18
7.52
17.03
1.56
3.92
6.75
3.47
3.37
2.20
2.70
3.47
2.66
6.69
4.37
1.51
3.21
3.19
2.42
2.02
3.38
4.01
1.84
3.56
4.62
1.54
4.10
6.67
2.03
3.24
4.20
5.66
3.71
1.68
2.43
3.20
3.16
2.93
3.18
2.61
2.76
3.17
2.75
1.74
3.77
4.93
3.23
3.18
2.40
5.21
4.14
1.64
1.14
8.38
21.22
3.35
3.45
2.22
1.26
5.97
12.28
1.15
8.01
20.74
3.90
3.45
2.03
5.21
3.65
1.76
3.86
3.58
2.00
1.43
4.89
7.40
3.03
3.12
2.58
2.04
3.44
3.85
2.80
3.43
2.56
7.85
4.75
1.42
2.58
3.08
3.06
1.48
4.17
7.83
5.12
3.61
1.76
4.58
3.36
1.91
5.38
3.88
1.68
3.87
3.38
2.06
2.08
3.43
3.74
2.89
3.16
2.65
1.36
5.04
9.34
1.17
7.70
18.31
2.72
3.46
2.61
1.39
4.73
9.26
1.23
6.67
13.20
1.48
4.51
6.93
2.48
3.27
3.05
1.59
4.16
5.78
1.49
4.53
6.55
1.59
3.83
6.63
2.08
3.43
3.75
1.81
3.49
4.96
1.80
3.56
4.91
2.41
3.23
3.20
10.87
5.57
1.30
1.32
5.62
9.43
2.26
3.39
3.32
2.51
3.26
3.04
1.63
3.85
5.96
3.29
3.05
2.45
5.80
4.06
1.61
5.90
4.21
1.58
3.19
3.34
2.34
6.66
3.98
1.56
1.16
7.96
19.99
1.30
5.93
9.96
6.96
3.92
1.56
1.40
4.84
8.21
1.22
6.48
14.44
1.57
4.22
6.03
1.76
3.82
4.76
1.73
3.71
5.20
4.64
4.03
1.74
11.38
5.18
1.32
2.09
3.20
4.02
1.44
4.37
8.55
1.77
3.59
5.09
3.47
3.46
2.17
2.47
3.40
2.94
3.99
3.28
2.07
2.33
3.42
3.13
3.55
3.31
2.21
2.77
3.02
2.86
1.41
4.70
8.53
1.86
3.40
4.83
2.61
3.52
2.67
4.80
3.67
1.79
2.49
3.22
3.05
1.20
6.93
14.57
1.70
3.95
5.10
2.31
3.34
3.25
1.78
3.62
5.02
1.13
8.76
23.61
1.21
6.71
15.05
4.04
3.33
2.04
1.64
3.82
5.99
19.10
7.23
1.18
2.16
3.22
3.75
5.70
3.83
1.66
2.83
3.09
2.77
1.46
4.46
7.67
4.38
3.52
1.90
4.35
3.61
1.89
1.67
3.71
5.80
2.44
3.32
3.04
2.14
3.32
3.71
2.86
3.35
2.56
5.05
3.76
1.74
4.76
3.52
1.85
5.34
4.08
1.66
2.03
3.25
4.16
1.22
6.80
13.88
2.76
3.27
2.71
1.22
6.75
13.57
3.16
3.12
2.48
1.44
4.57
7.99
1.33
5.24
10.73
1.38
4.99
8.51
3.11
3.19
2.48
1.24
6.28
13.49
6.78
4.25
1.52
2.33
3.23
3.32
1.67
3.72
5.86
1.75
3.79
4.97
13.46
5.97
1.25
4.95
3.19
1.92
2.40
3.43
3.04
1.55
4.18
6.38
2.45
3.26
3.07
1.44
4.53
7.94
3.41
3.06
2.37
2.03
3.49
3.80
1.59
3.95
6.37
2.25
3.43
3.30
2.40
2.99
3.45
1.63
3.98
5.68
1.49
4.34
7.15
1.34
5.07
10.58
2.27
3.12
3.57
2.45
3.31
3.05
2.73
3.17
2.79
5.06
3.75
1.74
3.69
3.52
2.05
2.82
3.50
2.52
16.92
6.26
1.22