Cofs
2.61
3.64
2.66
4.57
3.82
1.78
1.67
4.14
4.95
3.26
3.59
2.20
1.71
3.99
4.83
1.39
5.52
7.09
1.80
3.75
4.59
1.53
4.29
6.43
2.24
3.68
3.11
1.09
11.28
27.56
2.90
2.96
2.81
5.78
4.85
1.52
2.22
2.96
4.05
2.27
3.10
3.56
4.30
3.47
1.94
1.56
4.40
5.95
1.89
3.49
4.44
7.66
4.93
1.41
1.20
7.32
13.73
2.19
3.63
3.24
6.38
4.42
1.52
2.26
3.47
3.25
2.22
3.10
3.78
3.79
3.54
2.02
1.96
3.59
3.98
1.22
6.97
13.35
1.51
4.50
6.45
4.49
3.69
1.84
1.13
8.95
25.75
1.11
10.40
24.60
5.05
4.08
1.68
7.24
4.55
1.48
1.38
4.88
9.51
2.99
3.34
2.44
5.69
3.91
1.65
1.93
3.58
4.15
3.29
3.25
2.35
2.30
3.22
3.43
3.03
3.14
2.59
1.31
5.50
10.99
1.42
4.60
8.59
2.31
3.23
3.46
1.55
4.23
6.61
7.60
4.20
1.50
1.37
5.34
8.43
1.98
3.27
4.42
1.98
3.30
4.38
1.23
6.59
13.81
2.98
3.23
2.54
5.11
3.66
1.77
1.33
5.19
10.69
12.23
4.97
1.32
2.96
3.46
2.44
1.23
6.47
15.19
1.70
3.85
5.22
2.20
3.06
3.92
3.18
3.33
2.36
4.50
3.60
1.86
6.40
4.45
1.53
1.20
6.84
17.17
2.58
3.33
2.88
1.32
5.27
12.07
4.31
3.58
1.90
1.60
3.99
6.15
1.69
4.01
5.14
1.50
4.18
7.49
2.60
3.27
2.88
3.48
3.32
2.22
1.89
3.25
4.98
2.42
3.12
3.28
1.49
4.29
7.39
5.41
4.01
1.66
2.41
3.18
3.27
1.15
8.21
23.35
3.10
3.30
2.43
4.22
3.62
1.92
2.46
3.23
3.12
1.86
3.62
4.48
4.78
3.62
1.82
13.03
5.24
1.30
2.79
3.22
2.71
3.06
2.99
2.66
1.59
3.99
6.33
1.82
3.89
4.38
1.37
5.16
8.92
1.83
3.38
5.18
3.53
3.24
2.24
1.64
3.64
6.53
2.30
3.32
3.30
8.67
4.60
1.42
1.43
4.52
8.30
3.07
3.29
2.45
1.54
4.13
6.89
1.89
3.27
4.91
1.15
8.55
18.54
1.24
6.48
13.14
6.22
4.37
1.55
1.32
5.46
10.57
1.22
6.13
18.28
1.40
4.62
9.51
2.27
3.38
3.36
6.10
4.11
1.60
2.70
3.26
2.79
9.28
4.84
1.39
4.01
3.60
1.97
11.45
4.84
1.35
2.19
3.25
3.67
1.43
4.29
9.91
4.11
3.56
1.96
3.54
3.16
2.28
4.73
3.58
1.83
6.50
4.33
1.54
2.70
3.28
2.76
1.23
6.00
17.25
2.08
3.30
3.96
1.40
4.81
8.84
3.93
3.35
2.08
1.55
4.43
6.13
1.63
3.94
5.92
3.24
3.20
2.39
2.49
3.13
3.17
12.62
5.25
1.30
2.07
3.41
3.86
1.47
4.33
7.73
2.07
3.46
3.75
4.32
3.63
1.87
6.06
4.14
1.59
2.28
3.11
3.60
1.25
6.26
13.37
2.91
2.90
2.87
1.19
7.52
16.36
1.65
3.98
5.56
2.35
3.30
3.26
2.41
3.23
3.17
2.65
3.13
2.93
1.14
8.63
23.82
5.12
3.53
1.79
3.39
3.15
2.37
2.18
3.11
3.88
4.74
3.70
1.80
1.18
7.54
16.69
3.06
3.03
2.61
1.52
4.16
7.23
1.47
4.56
7.13
1.77
3.72
4.89
2.01
3.38
4.03
1.83
3.57
4.86
4.51
3.51
1.88
4.71
3.46
1.86
4.94
3.39
1.87
1.49
4.20
7.78
18.43
7.77
1.17
1.44
4.57
7.96
3.30
3.33
2.30
2.10
3.33
3.81
1.23
6.26
14.76
3.48
3.31
2.23
8.90
5.11
1.37
1.27
5.51
13.89
2.31
3.51
3.12
1.38
5.09
8.44
2.48
3.33
2.97
2.60
2.98
3.11
1.26
6.04
13.20
2.29
3.12
3.52
1.19
7.36
15.91
1.42
4.84
7.71
5.81
3.94
1.63
10.65
4.79
1.35
3.01
3.26
2.49
3.82
3.68
1.98
1.54
4.17
6.57
1.25
5.68
15.80
2.45
3.49
2.91
3.97
3.45
2.01
1.72
3.65
5.47
1.29
5.82
10.63
3.11
3.34
2.39
2.62
3.21
2.89
1.85
3.55
4.56
2.36
3.17
3.35
3.74
3.41
2.09
10.19
5.11
1.34
1.91
3.53
4.29
1.27
5.94
12.29
3.76
3.48
2.06
2.38
3.13
3.35
1.09
11.35
28.74
5.74
3.87
1.65
2.01
3.48
3.96
2.59
3.23
2.91
3.22
3.14
2.44
16.45
6.73
1.21
2.32
3.50
3.12
1.27
6.09
11.29
1.44
4.57
7.93
2.93
3.36
2.50
2.47
3.10
3.16
1.86
3.56
4.54
2.39
3.18
3.29
2.38
3.32
3.15
15.90
6.81
1.21
1.72
3.79
5.22
2.57
3.33
2.87
1.47
4.37
7.71
1.21
7.09
14.46
5.15
3.79
1.72
3.11
3.30
2.41
1.73
3.88
4.94
1.26
6.14
12.27
3.24
3.30
2.36
2.62
3.10
3.00
2.23
3.37
3.39
2.63
3.25
2.84
8.12
4.31
1.47
2.98
3.07
2.65
1.78
3.61
5.07
1.94
3.67
4.00
6.25
4.31
1.55
1.23
6.54
13.06
5.10
3.87
1.70
1.34
5.34
9.97
3.29
3.34
2.29
1.52
4.50
6.31
1.54
4.15
7.00
1.72
3.71
5.42
1.45
4.76
7.33
2.17
3.39
3.58
1.48
4.49
7.37
5.81
4.06
1.62
1.90
3.46
4.55
2.47
3.42
2.95
3.38
3.41
2.21
3.28
3.15
2.40
3.69
3.80
1.98
2.14
3.30
3.75
1.59
4.20
5.90
1.41
4.76
8.30
9.75
5.42
1.34
2.65
3.45
2.69
2.16
3.21
3.86
1.24
6.40
13.37
1.22
6.54
15.91
1.14
8.26
24.77
1.70
4.04
5.01
1.76
3.83
4.78
5.07
3.87
1.72
10.28
5.42
1.33
5.18
4.01
1.68
1.76
3.62
5.16
1.67
4.01
5.36
2.47
3.32
3.03
3.33
3.21
2.35
1.84
3.57
4.71
3.26
3.44
2.29
6.34
4.07
1.58
4.04
3.58
1.96
1.77
3.81
4.76
1.99
3.53
3.97
3.23
3.19
2.41
1.46
4.78
6.94
2.22
3.54
3.28
4.18
3.68
1.90
1.37
5.02
9.62
1.84
3.62
4.61
7.70
4.76
1.43
3.23
3.64
2.21
1.06
15.62
42.24
1.59
4.31
5.73
2.51
3.30
2.97
1.78
3.47
5.41
8.59
5.28
1.37
1.57
4.38
5.83
5.43
3.98
1.65
1.15
9.35
17.70
2.14
3.45
3.57
3.08
3.12
2.54
3.83
3.46
2.05
10.31
5.77
1.31
1.33
5.50
9.88
4.15
3.61
1.93
1.17
7.77
17.45
4.86
3.74
1.76
1.67
3.98
5.26
3.44
3.35
2.23
1.75
4.00
4.69
8.21
4.97
1.39
1.13
9.45
24.71
1.90
3.59
4.31
1.33
5.55
10.39
1.43
4.81
7.46
1.25
6.54
11.68
9.14
4.70
1.40
1.62
4.02
5.79
1.60
3.97
6.17
6.07
4.46
1.54
2.95
3.38
2.47
3.69
3.81
1.98
2.07
3.38
3.83
1.48
4.72
6.50
1.54
4.16
6.65
1.88
3.63
4.31
2.22
3.35
3.50
1.98
3.33
4.27
2.45
3.18
3.16
3.38
3.35
2.26
3.32
3.35
2.26
2.23
3.31
3.51
1.63
4.03
5.68
3.28
3.65
2.19
1.58
4.19
6.23
4.99
3.75
1.83
2.48
3.81
2.71
10.22
6.13
1.29
2.94
3.31
2.53
1.50
4.80
6.60
1.88
3.69
4.42
1.29
6.11
10.29
1.13
9.78
21.73
2.18
3.57
3.55
2.52
3.61
2.85
2.25
3.75
3.20
2.03
3.66
3.89
2.24
3.55
3.35
2.00
3.29
4.06
1.33
5.61
9.42
5.76
4.26
1.58
3.59
3.93
2.02
1.38
5.25
8.46
12.85
6.87
1.23
1.23
6.95
12.73
1.24
6.68
12.81
1.34
4.84
10.08
2.19
3.68
3.33
2.19
3.58
3.48
1.38
4.90
8.85
3.35
3.87
2.10
3.10
3.82
2.23
3.52
3.72
2.11
9.40
5.81
1.32
5.84
4.02
1.60
4.04
3.61
1.96
2.99
3.25
2.54
1.38
4.96
9.04
1.10
11.04
25.69
2.43
3.32
3.07
1.71
4.07
4.85
8.13
4.33
1.47
1.21
7.12
14.67
1.55
4.27
6.45
8.59
4.80
1.41
9.30
5.22
1.36
3.94
3.67
1.94
2.32
3.55
3.12
1.63
3.98
5.94
1.62
4.02
5.97
2.47
3.18
3.16
3.79
3.54
2.04
1.22
6.94
14.63
1.25
6.06
14.47
1.32
5.91
9.73
4.04
3.36
2.13
2.78
3.15
2.79
1.68
4.23
4.98
1.36
5.68
8.88
2.47
3.27
3.09
1.67
4.19
5.12
2.23
3.55
3.27
2.62
3.22
2.91
8.44
4.16
1.71
3.27
3.37
2.30
7.24
4.27
1.51
1.50
4.43
6.91
1.28
5.95
11.46
1.63
3.99
5.80
1.92
3.57
4.23
2.04
3.35
4.04
2.91
3.44
2.48
8.03
4.90
1.41
1.15
8.54
21.96