2.5,0.9205000000000001,0.5,1.032166666666667,2.01,1.72,2
0.95,1.922166666666667,2.533333333333333,1.61,1.35,4.13,4
2.533333333333333,2.6445,1.866666666666667,2.818,1.2,1.81,0
1.533333333333333,0.9815,2.216666666666667,1.887666666666667,6.49,1.7,0
1.45,1.583,1.866666666666667,1.397333333333333,0.891,1.35,0
0.9166666666666666,0.9834999999999999,4.166666666666666,1.900166666666667,1.72,2.36,2
0.4,1.0565,0.3333333333333333,0.4330000000000001,2.81,1.89,0
1,1.108333333333333,1.4,1.575333333333333,2.01,0.962,1
0,0.6943333333333334,0.5833333333333333,1.470833333333333,4.13,2.18,2
2.366666666666667,2.275666666666667,0,0.6183333333333334,10.22,6.06,2
2.816666666666666,2.167333333333334,0.5,0.9068333333333334,4.97,7.08,0
1.166666666666667,1.686333333333333,1.45,1.0565,8.32,1.88,1
0.9833333333333334,0.8925,1.75,1.822166666666666,6.06,1.7,0
3.45,3.267166666666666,1.833333333333333,1.659166666666667,2.18,10.22,1
2.833333333333333,2.242333333333334,0.3333333333333333,0.9266666666666667,4.97,4.13,2
1.233333333333333,1.832166666666667,3.783333333333333,2.286833333333333,1.35,0.962,1
1.833333333333333,1.294333333333333,1.166666666666667,2.830666666666667,1.2,6.49,3
2.016666666666667,1.4885,2.2,2.210166666666667,1.89,1.72,0
1.333333333333333,1.313333333333333,1.733333333333333,1.542333333333333,1.81,2.81,2
2.283333333333333,1.176333333333333,1.783333333333333,2.535666666666667,1.88,2.01,0
2.083333333333333,2.577166666666667,3.033333333333333,2.387666666666667,7.08,8.32,2
2.733333333333333,2.575166666666667,1.333333333333333,1.534833333333333,2.36,0.891,1
2.2,2.416,1.15,0.7526666666666666,0.891,1.81,4
1.166666666666667,1.158666666666667,2.566666666666666,1.706,1.72,2.18,3
3.066666666666666,2.1235,1.2,1.060666666666667,2.81,6.06,0
0.5,1.218166666666667,1.333333333333333,2.044666666666667,2.01,1.89,0
1.6,1.223666666666667,1.166666666666667,1.2245,10.22,1.35,0
1.566666666666667,1.284,2.816666666666666,2.001833333333333,1.7,2.36,2
1.233333333333333,1.5385,1.933333333333333,1.323666666666667,8.32,1.2,2
1.483333333333333,1.351666666666667,0.8666666666666667,1.448666666666667,4.13,1.88,1
1.65,1.668666666666667,2.183333333333334,1.446,0.962,7.08,1
1.25,1.544166666666667,1.15,1.636833333333333,6.49,4.97,1
1.283333333333333,1.584833333333333,1.783333333333333,1.706666666666667,2.18,0.891,1
1.15,1.155333333333333,1.7,1.985666666666666,1.88,1.72,0
1.116666666666667,1.894166666666667,2.216666666666667,1.885666666666667,7.08,2.81,0
0.7,1.012166666666667,2.883333333333333,2.157166666666667,1.35,1.7,0
0.7833333333333333,1.450166666666667,0.75,1.549166666666667,6.06,0.962,0
4.366666666666667,3.771666666666667,1.85,1.413833333333333,1.89,8.32,1
2.2,1.732666666666667,1.116666666666667,1.636666666666667,1.81,6.49,1
2.05,1.173666666666667,1.366666666666667,1.413,4.97,2.01,0
2.683333333333334,2.742166666666666,1.283333333333333,1.473333333333333,2.36,10.22,0
3.216666666666667,2.093,4.4,4.072166666666667,1.2,4.13,1
2.15,2.5815,1.866666666666667,1.116166666666667,8.32,6.06,0
1.516666666666667,2.2,3.083333333333333,2.379,0.891,10.22,2
1.333333333333333,2.3615,2.15,1.908166666666667,1.72,7.08,0
2.433333333333334,2.1015,1,2.068,2.81,4.97,1
0.75,1.0105,1.066666666666667,1.621,1.88,1.89,0
1.816666666666667,1.837333333333333,1.95,2.3505,2.01,2.36,4
3.15,2.725666666666667,2.316666666666666,2.175833333333333,1.7,2.18,0
1,1.085666666666667,1.083333333333333,1.5775,6.49,1.35,2
1.616666666666667,1.716166666666667,2.033333333333333,2.578,0.962,1.2,1
2.333333333333333,2.247,1.233333333333333,1.518166666666667,4.13,1.81,2
0.5333333333333333,0.7248333333333334,0.7833333333333333,1.401333333333334,2.18,1.89,0
1.183333333333333,1.377666666666667,1.233333333333333,2.109833333333333,2.81,6.49,2
3.033333333333333,2.031333333333333,2.733333333333333,1.930666666666667,1.81,2.36,1
0.7,0.8951666666666667,1.433333333333333,1.574666666666667,1.7,0.962,1
3.233333333333333,2.066166666666667,3.2,2.361333333333333,0.891,4.13,1
1.25,1.322,0.5333333333333333,0.9328333333333334,10.22,1.72,0
1.5,1.0615,0.7,1.330166666666667,1.35,2.01,1
3.233333333333333,3.5475,2.15,1.612,4.97,8.32,1
1.533333333333333,1.414333333333333,1.4,1.399166666666667,7.08,1.2,2
0.7833333333333333,1.546333333333333,1,1.750666666666667,6.06,1.88,0
2,1.639333333333333,0.65,1.597166666666666,1.89,6.06,2
4.566666666666666,2.168833333333333,2.116666666666667,1.2375,4.13,10.22,3
1.35,1.6205,1.9,0.8881666666666667,1.88,2.18,1
1.2,1.125,2.583333333333333,2.901166666666667,2.01,1.7,1
2.216666666666667,2.5325,0.65,0.8933333333333333,8.32,1.81,3
1.25,1.048666666666667,4.35,1.897166666666667,1.72,0.891,2
2,2.104833333333334,2.033333333333333,2.000666666666667,0.962,2.81,1
1.283333333333333,1.582833333333333,2.783333333333333,2.4745,1.2,4.97,2
1.45,2.200666666666667,2.116666666666667,2.2095,6.49,7.08,1
1.416666666666667,2.3965,1.366666666666667,2.194166666666667,2.36,1.35,1
1.616666666666667,1.804166666666666,0.2,1.433,2.18,1.2,1
1.533333333333333,1.148833333333333,1.033333333333333,0.8751666666666666,1.7,4.13,0
0.7,0.752,1.433333333333333,1.567833333333333,0.891,1.89,0
1.333333333333333,0.9998333333333334,1.866666666666667,1.915166666666666,6.49,2.01,0
0.5,1.009666666666666,0.8333333333333333,1.591333333333333,1.35,1.72,1
1.85,2.566833333333333,3.033333333333333,1.494166666666667,1.81,4.97,4
2.033333333333333,1.566166666666667,1.816666666666667,1.878833333333333,0.962,2.36,3
0.2,1.612666666666667,0.2,0.7461666666666666,10.22,1.88,1
1.366666666666667,1.663166666666667,1,1.298166666666667,6.06,7.08,2
2.533333333333333,2.6775,1.616666666666667,1.694833333333333,2.81,8.32,1
4.15,2.162,1.183333333333333,2.477333333333333,4.97,10.22,0
1.333333333333333,1.439166666666667,1.733333333333333,1.305,6.06,2.18,2
1.983333333333333,2.304166666666667,2.083333333333333,1.602166666666667,1.88,1.35,2
1.166666666666667,1.197333333333333,1.5,1.627333333333333,8.32,0.891,2
1.05,1.011166666666667,3.416666666666667,1.639333333333333,1.72,4.13,2
1.833333333333333,1.993166666666667,0.9833333333333334,1.927666666666667,2.36,6.49,0
0.7833333333333333,1.254166666666667,0.6666666666666666,1.184166666666667,1.89,0.962,2
0.9833333333333334,0.8318333333333332,3.233333333333333,2.140166666666667,7.08,2.01,2
0.8333333333333333,1.0315,4.05,2.417833333333333,1.81,1.7,2
1.933333333333333,1.8265,2.366666666666667,2.38,1.2,2.81,3
1.916666666666667,1.2985,1.783333333333333,1.628,1.35,2.18,1
1.75,2.327166666666667,1.65,1.201833333333334,4.13,1.89,0
2.483333333333333,2.571166666666667,0.3333333333333333,0.6788333333333333,10.22,2.81,1
3.433333333333334,1.989,0.45,2.139333333333333,2.36,6.06,1
0.95,2.240166666666667,3.566666666666666,2.0065,1.72,1.81,0
1.483333333333333,1.7225,1.616666666666667,2.425333333333334,2.01,1.2,2
1.833333333333333,1.927166666666666,3.15,3.314833333333334,0.962,4.97,4
2.283333333333333,1.8105,1.15,1.165333333333333,6.49,8.32,0
1.333333333333333,1.368333333333333,1.2,1.183166666666667,0.891,1.88,0
1.816666666666667,1.527,0.45,0.7426666666666666,1.7,7.08,2
1.6,1.654666666666667,2.266666666666667,1.434166666666667,1.81,10.22,3
0.5833333333333333,1.076166666666667,2.516666666666667,2.135333333333334,8.32,1.72,0
1.366666666666667,0.6853333333333333,1.916666666666667,2.138666666666666,2.18,0.962,1
1.7,2.084333333333333,1.366666666666667,0.7256666666666667,6.06,6.49,0
0.8666666666666667,1.102666666666667,2.4,2.335833333333333,1.2,1.7,1
1.366666666666667,1.044166666666667,1.283333333333333,1.770333333333333,2.81,2.01,2
1.066666666666667,1.668333333333333,0.7,0.9991666666666666,4.97,0.891,1
2.366666666666667,1.691,2.566666666666666,1.692333333333333,1.89,1.35,3
1.283333333333333,1.4265,1.366666666666667,1.339,1.88,2.36,1
2.166666666666667,2.016333333333333,1.866666666666667,1.572666666666667,7.08,4.13,2
2.283333333333333,1.590333333333333,1.25,1.011333333333333,4.13,2.81,0
1.633333333333333,2.630166666666667,2.316666666666666,1.697166666666666,2.01,6.06,1
1.733333333333333,1.614,0.25,1.175,6.49,2.18,2
0.5,1.172333333333333,2.533333333333333,1.787,1.35,1.81,0
2.633333333333333,2.143666666666667,1.9,2.261333333333333,1.72,4.97,0
1.116666666666667,1.281166666666667,1,1.456,0.891,1.2,0
2.25,2.096833333333333,1.333333333333333,2.726166666666667,2.36,1.89,2
1.7,1.522,0.6666666666666666,1.177,1.7,1.88,0
1.7,2.195,3.183333333333334,3.001166666666667,0.962,8.32,4
2.316666666666666,1.4615,1.033333333333333,0.7203333333333333,10.22,7.08,1
1.316666666666667,1.427166666666666,1.733333333333333,1.649166666666667,2.18,2.01,1
1,1.229166666666667,0.7333333333333334,0.9048333333333334,1.88,6.49,1
1.533333333333333,1.760833333333333,1.566666666666667,1.412166666666667,7.08,2.36,1
0.7333333333333334,1.045166666666667,3.15,2.330166666666666,1.89,1.7,1
1.483333333333333,0.6751666666666667,3.9,2.285166666666667,1.81,0.962,1
4.4,2.458166666666667,1.083333333333333,1.045166666666667,4.97,1.35,3
0.7,0.8638333333333333,1.183333333333333,1.745166666666667,1.2,1.72,1
3.316666666666666,2.040166666666667,0.4,0.7151666666666667,6.06,4.13,2
0.7333333333333334,1.781166666666667,2.616666666666667,2.235666666666666,2.81,0.891,0
1.75,1.742666666666667,1.4,1.022833333333333,8.32,10.22,3
2.733333333333333,2.103166666666667,0.75,1.313333333333333,0.891,7.08,0
1.533333333333333,1.58,2.95,2.386166666666667,1.35,6.06,1
2.333333333333333,2.017833333333334,1.5,0.6431666666666667,4.13,8.32,1
1.916666666666667,1.323166666666667,1.166666666666667,2.127,6.49,1.89,1
1.616666666666667,1.447,2.866666666666667,2.686666666666667,2.36,2.18,3
3.05,3.166,0.9,1.054,1.7,4.97,2
1,2.055,3.383333333333333,2.379333333333333,0.962,1.88,3
1.2,0.8566666666666667,2,2.9615,1.72,2.81,2
1.25,1.575666666666667,1.733333333333333,1.396,2.01,1.81,2
1.9,1.954333333333333,1.283333333333333,1.131666666666667,10.22,1.2,0
2.533333333333333,2.327833333333333,3.183333333333334,2.112833333333334,1.81,2.18,1
0.5833333333333333,0.9426666666666668,1.566666666666667,0.9315,4.13,6.49,1
3.35,2.057166666666667,1.15,1.3805,2.81,1.35,1
1.933333333333333,1.409833333333333,2.533333333333333,1.384666666666666,1.2,1.89,0
1.783333333333333,2.250833333333333,2.4,3.350333333333333,1.72,0.962,2
1.033333333333333,1.453833333333333,0.7833333333333333,0.8291666666666667,10.22,1.7,0
2.233333333333333,2.147333333333333,0.9833333333333334,1.383666666666667,7.08,1.88,1
1.416666666666667,1.102,1.95,1.820166666666667,4.97,6.06,1
1.733333333333333,1.206333333333333,0.5333333333333333,1.377,0.891,2.01,2
2.533333333333333,2.890166666666667,1.25,0.9358333333333333,8.32,2.36,1
2.166666666666667,2.4765,3.15,3.1975,2.36,4.97,1
0.5,1.5025,1.333333333333333,1.438666666666667,6.06,0.891,1
0.95,1.3765,2.45,2.245166666666667,2.18,7.08,1
3.283333333333333,2.197166666666666,1.616666666666667,1.7475,2.01,10.22,0
2.6,2.429333333333333,2.8,1.839333333333333,0.962,4.13,1
2.383333333333333,2.431,1.916666666666667,2.103,1.7,8.32,2
2.166666666666667,1.866,1.15,2.1135,1.89,1.81,1
1.25,1.952166666666667,1.833333333333333,1.781833333333334,1.35,1.2,1
1.416666666666667,1.704166666666667,0.9166666666666666,1.546333333333334,1.88,2.81,1
0.95,1.1295,2.483333333333333,2.461,6.49,1.72,1
3.783333333333333,3.063666666666667,2.2,1.379,1.2,1.88,3
2.033333333333333,1.431333333333333,0.2,0.7025,10.22,6.49,1
1.45,1.5905,1.683333333333333,2.272166666666667,4.97,1.89,2
2.366666666666667,1.770333333333333,1.366666666666667,1.029666666666667,0.891,0.962,0
1.483333333333333,1.125166666666667,2.033333333333333,1.703666666666667,1.81,6.06,2
2.783333333333333,1.803166666666667,2.833333333333333,2.3785,2.81,2.18,1
1.366666666666667,0.8526666666666667,1.433333333333333,0.9124999999999999,8.32,2.01,1
2.183333333333334,1.5905,2.033333333333333,1.537166666666667,7.08,1.35,0
1.783333333333333,2.448,1.983333333333333,0.8918333333333333,4.13,2.36,1
0.95,1.0935,3.266666666666667,2.422333333333333,1.72,1.7,1
2.483333333333333,1.966666666666667,1.933333333333333,2.081333333333333,2.18,4.97,3
2.866666666666667,1.901333333333333,2.283333333333333,1.058666666666667,1.35,8.32,1
1.583333333333333,1.681666666666667,2.783333333333333,2.301,6.49,0.891,1
1.733333333333333,2.209333333333333,1.233333333333333,1.150166666666667,1.88,1.81,1
1.083333333333333,1.073666666666667,1.433333333333333,1.909666666666667,2.36,1.2,2
1.833333333333333,1.172833333333333,2.083333333333333,2.340333333333334,1.89,7.08,4
0.5833333333333333,1.266,1.283333333333333,1.798666666666667,6.06,1.72,0
1.083333333333333,1.314333333333333,2.15,1.406,2.01,4.13,1
1.483333333333333,1.566666666666667,1.566666666666667,1.868333333333333,1.7,2.81,1
2.8,2.177,2.183333333333334,1.381333333333334,0.962,10.22,2
1.666666666666667,1.484,1.333333333333333,0.8851666666666667,10.22,1.89,1
1.9,1.1345,2.35,2.070666666666667,6.49,0.962,0
1.583333333333333,1.221833333333333,1.15,0.9844999999999999,0.891,1.7,0
2.2,1.336333333333333,1.033333333333333,1.1175,4.13,1.35,1
1.116666666666667,1.5325,4,1.737333333333333,1.2,6.06,1
2.95,2.332333333333333,1.616666666666667,1.7075,4.97,1.88,1
1.783333333333333,1.4095,2.283333333333333,0.8298333333333333,8.32,2.18,0
3.25,1.685666666666667,1.866666666666667,1.687,1.81,7.08,2
3.283333333333333,1.9265,2.783333333333333,2.038,2.81,2.36,1
2.183333333333334,1.418333333333333,2.233333333333333,1.864,1.7,6.49,0
1.616666666666667,0.9606666666666668,2.233333333333333,2.355333333333333,1.81,1.2,2
2.533333333333333,2.020666666666667,2.283333333333333,1.014,1.35,0.891,0
1.283333333333333,1.434,3.283333333333333,2.761333333333333,1.89,2.81,2
0.7333333333333334,0.7128333333333333,2.366666666666667,1.792666666666667,0.962,2.01,0
1.533333333333333,1.471,2.45,1.703333333333333,2.18,4.13,3
2.45,2.237333333333333,1.433333333333333,1.441833333333333,7.08,4.97,1
2.483333333333333,1.2065,1.283333333333333,1.350666666666667,1.88,8.32,0
2.416666666666667,2.646666666666667,0.95,1.070666666666667,6.06,10.22,1
1.283333333333333,1.5715,1.533333333333333,2.274833333333333,2.81,1.81,0
2.033333333333333,1.390166666666667,0.85,1.085833333333333,6.49,1.2,2
1.083333333333333,1.3435,1.566666666666667,1.458666666666667,0.962,1.35,0
1.233333333333333,1.009166666666667,1.25,1.561333333333333,1.7,6.06,0
2.616666666666667,2.548,0.25,1.030166666666667,0.891,2.36,1
1.483333333333333,1.695166666666667,1.483333333333333,1.942833333333333,1.72,1.89,0
1.683333333333333,1.628333333333333,1.583333333333333,1.6825,2.01,1.88,2
2.266666666666667,1.773666666666667,1.45,0.8754999999999999,8.32,7.08,2
2.183333333333334,1.852666666666667,0.5333333333333333,1.2145,4.13,4.97,0
0.45,1.0465,1.533333333333333,0.7956666666666667,10.22,2.18,0
1.733333333333333,1.658,0.7,0.7861666666666667,1.35,10.22,1
1.45,1.743166666666667,2.366666666666667,2.050666666666666,1.81,0.891,1
0.4,0.7424999999999999,1.333333333333333,1.508166666666667,2.36,1.7,2
0.2,0.7776666666666667,2.6,2.337666666666667,2.18,1.72,1
1.7,0.9621666666666666,1.966666666666667,1.992,1.89,2.01,0
1.7,1.320333333333333,2.583333333333333,1.983833333333333,1.2,8.32,0
0.7333333333333334,0.7795,1.783333333333333,1.4435,7.08,0.962,1
3.7,3.849166666666667,1.95,1.398333333333333,1.88,4.13,2
1.7,1.8995,2.45,2.558333333333334,4.97,6.49,1
2.116666666666667,1.913,0.5833333333333333,0.752,6.06,2.81,2
0.2,0.7063333333333334,0.6,1.464,1.7,1.35,0
0.95,1.265,1.666666666666667,1.627166666666667,6.49,1.81,1
2,1.5025,0.8333333333333333,1.144666666666667,0.891,2.18,1
1.583333333333333,1.754666666666667,0.45,0.417,10.22,2.36,0
2.366666666666667,1.897666666666667,0.2,0.6671666666666667,4.13,1.2,0
1.566666666666667,1.749833333333333,0.45,2.033,2.81,7.08,0
0.45,1.377,0.9,1.058333333333333,0.962,6.06,1
1.45,1.512166666666667,1.116666666666667,1.448333333333333,2.01,4.97,2
0.45,1.075333333333333,1.916666666666667,1.658333333333333,8.32,1.89,1
1.116666666666667,1.097333333333333,2.2,1.979833333333333,1.72,1.88,2
1,1.521,0.8666666666666667,0.7959999999999999,6.06,8.32,0
0.3333333333333333,0.6453333333333333,1.533333333333333,1.316333333333333,7.08,1.72,1
3.266666666666667,3.058333333333333,2.733333333333333,2.014833333333333,1.81,4.13,3
2.333333333333333,2.157833333333333,0.8333333333333333,1.3155,1.35,6.49,2
1.7,1.460333333333333,0.9,1.466,1.89,1.88,2
1.75,1.491,1.616666666666667,1.845666666666667,2.36,2.01,1
0.5333333333333333,0.4828333333333333,1.7,1.8625,1.2,0.962,3
1.166666666666667,1.598666666666667,2.683333333333334,2.143333333333334,2.18,1.7,0
2.066666666666666,1.8435,2.333333333333333,2.335333333333334,4.97,2.81,0
2.083333333333333,1.801333333333333,0.2,0.3078333333333333,10.22,0.891,0
1.766666666666667,1.810833333333333,2.166666666666667,1.749,1.72,2.01,0
1.083333333333333,0.9013333333333333,1.533333333333333,1.922666666666667,2.36,1.81,0
1.783333333333333,1.865166666666667,1.633333333333333,1.534833333333333,1.72,10.22,0
1.15,1.269333333333333,2.566666666666666,1.687333333333333,1.2,7.08,3
0.8333333333333333,1.376666666666667,2.083333333333333,1.419333333333333,0.962,1.7,1
1.45,1.325166666666667,0.5,0.3716666666666667,4.13,0.891,0
2.166666666666667,2.025833333333333,1.733333333333333,1.590166666666667,8.32,4.97,0
0.5,1.4535,1.333333333333333,1.491333333333333,2.01,1.35,3
0.8333333333333333,1.554833333333333,1.6,1.169166666666667,1.88,6.06,1
1.833333333333333,1.564666666666667,1.333333333333333,1.0595,1.89,2.18,1
1.233333333333333,1.275333333333333,1.733333333333333,2.030833333333333,6.49,2.81,1
1.083333333333333,0.8496666666666667,0.9833333333333334,2.017666666666666,2.36,1.72,0
1.2,0.7128333333333333,1.166666666666667,1.830333333333333,2.81,0.962,0
3.9,3.028333333333333,0.5,0.425,10.22,4.13,0
1.666666666666667,1.304166666666667,1.95,1.433833333333333,2.18,1.88,1
1.15,1.225,0.3333333333333333,1.265,1.7,2.01,1
0.7833333333333333,0.8196666666666668,3.116666666666667,1.866,0.891,1.72,2
1.916666666666667,2.612833333333334,1.616666666666667,1.347833333333333,1.35,2.36,1
1.583333333333333,1.176333333333333,0.9,1.182166666666667,6.06,1.89,1
1.75,1.446666666666667,2.95,3.477333333333333,1.81,8.32,3
2.116666666666667,1.926333333333333,0.7833333333333333,1.332,7.08,6.49,0
1.4,1.589333333333333,2.2,1.4355,4.97,1.2,1
1.433333333333333,1.389,1.95,1.679,2.01,6.49,1
1.283333333333333,1.931833333333334,0.45,0.994,7.08,6.06,1
1.6,1.3655,1.533333333333333,1.379,1.89,0.891,2
2.25,2.2595,1.666666666666667,1.797166666666667,1.72,1.35,0
1.7,1.468833333333333,1.083333333333333,1.486333333333334,1.88,10.22,1
0.75,0.5559999999999999,1.2,1.8605,2.36,0.962,1
1.033333333333333,1.621333333333333,1.25,0.7404999999999999,4.13,1.7,1
1.283333333333333,1.1365,2.15,2.232333333333334,1.2,2.18,2
0.45,1.107166666666667,1.9,1.719166666666667,4.97,1.81,3
0.5333333333333333,1.198166666666667,0.45,0.7988333333333334,8.32,2.81,2
1.95,1.962,1.783333333333333,1.302333333333333,2.01,7.08,2
1.283333333333333,1.479333333333333,2.333333333333333,1.983,2.18,6.06,3
1.366666666666667,1.117333333333333,1.366666666666667,0.6123333333333333,4.13,1.72,0
1.983333333333333,1.931,1.483333333333333,1.319833333333333,1.35,1.88,2
2.033333333333333,1.689666666666667,2.35,2.8415,0.962,1.89,2
1.7,1.729833333333334,1.033333333333333,1.427333333333333,1.7,1.81,0
0.9,2.132833333333333,1.25,1.183333333333333,10.22,4.97,2
2.733333333333333,3.215333333333333,1.45,1.721,6.49,2.36,3
2.433333333333334,2.054833333333333,2.65,1.991166666666667,2.81,1.2,1
3.75,2.0185,3.066666666666666,2.109833333333333,0.891,8.32,2
2.333333333333333,1.730333333333333,2.033333333333333,1.581833333333333,2.81,10.22,1
2.1,2.677,3.15,1.733666666666667,2.18,1.35,0
3.15,3.425166666666667,1.116666666666667,1.119666666666667,6.06,2.36,0
1.283333333333333,1.158666666666667,0.8333333333333333,0.7881666666666667,7.08,1.7,0
1.616666666666667,0.9166666666666665,1.766666666666667,2.344333333333333,1.2,2.01,1
3.133333333333333,2.014166666666667,2.116666666666667,2.584166666666667,1.89,4.13,1
1.333333333333333,1.870166666666667,3.35,2.1955,4.97,0.962,1
1.033333333333333,0.9468333333333333,2.666666666666667,0.87,8.32,6.49,0
0.8333333333333333,0.9558333333333333,1.983333333333333,1.9645,1.81,1.72,0
3.166666666666667,1.864166666666667,1.783333333333333,2.435833333333333,1.88,0.891,1
2.75,1.822333333333333,1.166666666666667,1.661333333333333,10.22,1.81,1
2.45,1.133166666666667,3,3.225833333333333,6.49,6.06,1
1.283333333333333,1.504,0.45,1.097333333333333,1.7,1.2,2
0.8333333333333333,1.269166666666667,1.116666666666667,1.496666666666667,2.01,2.81,4
1.866666666666667,1.924,1.116666666666667,1.015333333333333,1.35,1.89,3
0.7,1.088,2.916666666666667,3.2175,0.962,2.18,3
3.766666666666667,2.7025,3.733333333333333,2.332333333333334,1.72,8.32,2
2.416666666666667,3.202833333333333,1.566666666666667,1.496,0.891,4.97,3
1.166666666666667,1.834166666666667,1.15,1.114666666666667,4.13,7.08,2
1.366666666666667,1.654333333333333,1.983333333333333,1.442833333333333,2.36,1.88,1
1.783333333333333,1.336833333333333,0.95,1.178166666666667,7.08,10.22,2
2.033333333333333,2.016833333333333,1.883333333333333,2.058333333333334,2.81,4.13,1
1.45,1.583166666666667,2.35,2.355333333333333,2.18,6.49,2
1.5,3.803333333333333,0.95,1.201,1.81,1.35,1
3.85,2.356166666666667,2.233333333333333,3.940833333333333,1.89,2.36,4
2.733333333333333,1.79,1.983333333333333,2.712666666666667,1.2,0.891,1
1.45,1.566666666666667,3.533333333333333,2.141,1.88,1.7,0
1.483333333333333,2.300166666666667,1.4,1.721166666666667,6.06,2.01,1
1.2,1.3065,2.683333333333334,1.737833333333334,4.97,1.72,0
2.033333333333333,2.460833333333333,2.4,1.040666666666667,8.32,0.962,2
3.316666666666666,2.429833333333333,1.233333333333333,2.219166666666667,10.22,8.32,1
1.566666666666667,2.397333333333334,1.533333333333333,1.8665,2.36,7.08,2
1.533333333333333,2.528166666666666,2.4,1.415666666666667,0.891,2.81,1
1.866666666666667,1.697333333333333,3.966666666666667,2.354833333333333,1.72,1.2,2
1.333333333333333,1.934166666666667,3.65,2.482833333333333,0.962,1.81,1
3.65,2.589166666666667,1.4,1.503666666666667,1.35,4.97,3
2.15,2.423666666666667,1.666666666666667,2.438333333333333,1.7,1.89,1
2.5,1.343333333333333,2.733333333333333,3.360666666666666,2.01,2.18,1
1.733333333333333,2.072,3.183333333333334,2.617833333333333,6.49,1.88,0
2.433333333333334,2.135833333333333,0.9166666666666666,1.785333333333333,4.13,6.06,2
2.616666666666667,1.789166666666667,2.033333333333333,2.003333333333333,1.2,10.22,2
2.666666666666667,1.830333333333333,2.533333333333333,2.352333333333333,1.89,6.49,3
0.7833333333333333,1.653333333333333,0.5833333333333333,1.042166666666667,1.81,2.01,3
1.5,1.463,1.283333333333333,1.878333333333333,2.81,1.72,2
1.833333333333333,2.563666666666667,1.333333333333333,1.741333333333333,6.06,1.35,2
1.283333333333333,1.692333333333333,2.666666666666667,1.367,8.32,4.13,4
4.083333333333333,1.933833333333333,1.166666666666667,1.485333333333333,2.18,2.36,1
1.533333333333333,1.775333333333333,2.416666666666667,2.148666666666667,7.08,0.891,3
1.366666666666667,1.142,2.95,1.6645,1.88,0.962,0
