Coef
15.03
7.73
1.19
2.54
3.65
2.74
1.77
4.31
4.21
2.45
3.55
2.91
2.41
3.64
2.91
1.31
5.83
10.08
1.30
6.08
9.72
1.39
5.10
8.35
1.90
3.75
4.15
2.10
3.81
3.41
1.17
8.95
15.45
1.28
6.00
11.95
1.30
5.90
10.50
9.69
5.65
1.33
9.36
5.48
1.34
2.56
3.72
2.69
2.33
3.61
3.06
1.49
4.37
7.45
5.81
4.60
1.55
1.67
3.90
5.68
2.69
3.35
2.75
17.53
8.95
1.16
2.66
3.62
2.64
2.21
3.27
3.65
2.99
3.43
2.45
2.21
3.64
3.28
1.80
3.93
4.50
2.68
3.22
2.86
1.36
5.44
8.82
1.07
15.36
34.60
6.47
4.70
1.50
2.72
3.40
2.70
1.26
6.20
13.19
2.19
3.44
3.50
1.23
6.55
14.75
1.51
4.65
6.39
16.20
7.79
1.18
3.23
3.51
2.28
2.45
3.06
3.37
1.71
4.17
4.77
4.06
3.57
1.96
3.24
3.55
2.25
1.94
3.17
4.93
1.27
6.37
10.95
1.99
3.25
4.44
3.62
3.70
2.05
1.73
3.80
5.28
12.91
6.74
1.24
1.32
5.83
9.64
2.30
3.27
3.42
1.85
3.57
4.69
4.92
4.19
1.69
2.73
3.16
2.85
1.20
6.96
16.87
1.66
3.84
5.85
1.24
6.75
13.18
2.86
3.52
2.51
2.06
3.52
3.78
5.42
4.05
1.66
2.72
3.13
2.89
8.78
5.22
1.37
1.29
5.59
12.62
1.07
15.04
32.18
1.47
4.58
7.42
1.73
3.86
5.16
3.26
3.21
2.42
1.43
4.74
8.25
1.57
4.37
6.00
8.99
4.67
1.41
2.67
3.33
2.79
2.54
3.11
3.16
2.90
3.15
2.71
1.46
4.37
8.22
1.80
3.90
4.52
1.40
5.12
8.28
20.34
11.18
1.12
4.39
3.73
1.89
12.70
7.71
1.21
2.12
3.51
3.59
3.12
3.40
2.37
1.54
4.25
6.75
2.39
3.54
3.03
1.58
3.91
6.96
1.17
7.96
18.46
1.11
10.74
23.42
3.01
3.43
2.46
3.12
3.30
2.46
1.59
4.34
5.84
2.72
3.12
2.92
4.53
3.83
1.82
1.89
3.29
5.06
6.37
4.02
1.59
8.40
4.79
1.42
2.75
3.29
2.74
2.18
3.35
3.63
14.54
8.38
1.18
1.78
3.38
5.67
2.91
3.24
2.62
1.45
4.54
8.08
1.75
3.54
5.64
2.00
3.56
3.97
2.37
3.26
3.29
3.35
3.28
2.33
1.27
5.95
12.48
1.11
11.34
23.48
1.39
5.20
8.09
1.99
3.43
4.16
2.16
3.23
3.82
3.93
3.35
2.08
5.54
3.59
1.74
1.82
3.48
5.12
1.55
4.25
6.51
3.50
3.45
2.19
2.26
3.35
3.44
3.13
3.29
2.45
1.89
3.34
4.86
6.14
4.07
1.61
3.16
3.30
2.43
2.01
3.50
4.02
1.77
3.53
5.45
1.56
4.30
6.31
1.71
3.74
5.57
2.03
3.29
4.23
1.98
3.56
4.07
5.54
3.95
1.67
1.17
8.42
16.55
1.83
3.50
4.99
2.53
3.33
2.98
5.06
4.04
1.71
10.00
6.09
1.30
9.15
5.94
1.32
1.25
7.04
10.44
3.80
3.60
2.04
3.34
3.45
2.26
2.45
3.23
3.17
2.56
3.35
2.91
1.23
6.61
14.77
2.01
3.49
4.04
2.67
3.23
2.87
1.43
4.45
9.10
1.24
6.64
12.37
1.58
4.13
6.31
5.62
4.24
1.62
2.49
3.30
3.06
1.34
5.27
9.99
17.14
8.10
1.17
1.22
6.87
14.02
2.46
3.22
3.16
3.68
3.18
2.23
1.99
3.55
4.05
5.52
3.73
1.71
23.67
9.69
1.13
3.28
3.47
2.28
2.13
3.66
3.46
1.22
7.02
13.99
1.36
5.13
9.56
2.07
3.17
4.27
2.89
3.39
2.55
1.72
3.82
5.30
2.32
3.17
3.49
1.19
7.33
17.09
2.09
3.54
3.71
1.71
3.98
5.06
1.21
6.76
17.62
10.43
5.18
1.34
2.42
3.25
3.22
2.15
3.23
3.89
2.36
3.33
3.27
1.94
3.37
4.56
3.53
3.90
2.03
1.98
3.83
3.82
5.89
4.12
1.61
2.57
3.49
2.81
1.27
5.98
12.42
2.43
3.06
3.41
2.01
3.56
3.97
2.30
3.16
3.57
8.76
4.88
1.40
1.38
5.38
8.29
2.01
3.53
4.03
1.38
5.34
8.56
3.79
3.51
2.06
12.69
7.09
1.23
5.00
3.80
1.76
1.40
5.38
7.75
3.36
3.26
2.34
2.04
3.26
4.24
1.57
3.86
7.35
1.46
4.40
8.14
1.74
3.72
5.27
2.29
3.38
3.37
5.55
3.96
1.67
5.36
3.88
1.70
4.33
3.61
1.91
1.64
3.74
6.45
9.55
5.63
1.33
1.16
8.11
19.74
1.28
5.94
12.36
1.36
5.36
9.05
2.98
3.13
2.66
3.43
3.67
2.13
6.67
4.22
1.55
1.99
3.49
4.16
1.34
5.37
10.27
2.87
3.06
2.80
1.16
8.04
19.46
2.28
3.30
3.46
2.45
3.48
2.97
1.21
6.95
15.47
7.19
4.11
1.54
1.54
4.24
6.83
8.47
4.47
1.44
4.39
3.93
1.81
3.05
3.54
2.37
2.73
3.16
2.87
2.63
3.03
3.11
1.20
7.08
16.86
1.69
3.80
5.63
1.99
3.44
4.19
1.23
6.98
12.90
1.67
3.89
5.61
2.94
3.05
2.76
4.28
3.48
1.96
3.52
3.50
2.17
1.30
5.72
11.75
2.91
3.07
2.77
3.25
3.27
2.40
1.39
5.02
9.11
2.29
3.41
3.32
7.15
4.65
1.48
2.43
3.48
3.02
1.33
5.37
10.47
11.20
5.45
1.32
1.47
4.37
8.11
2.77
3.34
2.71
5.92
3.88
1.66
9.04
5.36
1.36
1.71
3.70
5.62
3.06
2.95
2.74
1.66
3.95
5.61
1.46
4.45
8.04
2.85
3.51
2.52
1.20
7.38
15.08
4.34
3.46
1.95
1.56
3.97
7.10
2.40
2.91
3.70
2.35
3.26
3.33
1.13
9.49
22.05
2.56
3.33
2.93
3.60
3.23
2.25
3.02
3.13
2.63
1.59
3.69
7.55
3.39
3.66
2.17
3.04
3.39
2.46
2.83
3.15
2.77
1.47
4.37
8.30
2.75
3.30
2.75
1.45
4.50
8.16
6.06
4.41
1.56
12.21
6.74
1.24
1.63
4.16
5.53
1.36
5.32
8.85
1.40
4.99
8.53
1.10
11.41
26.03
5.35
3.95
1.69
3.26
3.25
2.39
1.49
4.43
7.43
2.89
3.41
2.55
2.32
3.37
3.28
2.57
3.08
3.14
2.34
3.37
3.28
1.33
5.52
10.11
1.12
10.30
25.80
3.41
3.36
2.27
3.91
3.89
1.93
3.43
3.39
2.25
1.57
3.96
6.85
2.78
3.23
2.75
1.58
4.06
6.45
3.95
3.78
1.95
5.34
4.23
1.64
1.81
3.68
4.83
9.44
4.60
1.41
4.45
3.90
1.81
1.97
3.55
4.08
3.46
3.14
2.35
2.82
3.68
2.46
1.11
10.33
28.73
2.00
3.41
4.17
1.77
3.47
5.61
1.62
4.14
5.78
1.80
3.60
5.05
11.38
5.30
1.32
2.21
3.46
3.43
2.54
3.44
2.88
1.07
13.99
30.73
2.19
3.20
3.81
3.89
3.71
1.98
1.80
3.48
5.30
1.77
3.83
4.85
2.78
3.51
2.58
6.56
4.17
1.56
4.98
4.38
1.66
1.39
4.69
9.75
2.32
2.99
3.73
2.82
3.23
2.73
2.26
3.29
3.52
1.25
6.57
12.80
2.13
3.46
3.68
2.77
3.22
2.77
2.31
3.48
3.22
2.48
3.07
3.28
2.81
3.50
2.58
1.48
4.79
6.74
1.65
4.22
5.33
6.25
3.94
1.62
1.09
12.00
29.39
2.81
3.17
2.76
1.94
3.41
4.45
3.98
3.54
2.01
1.40
5.23
7.78
6.66
4.56
1.51
5.31
3.95
1.69
3.28
3.39
2.33
21.18
8.57
1.15
2.11
3.29
3.91
1.71
3.63
5.89
1.18
7.59
17.12
1.59
3.94
6.58
2.85
3.42
2.57
2.02
3.29
4.26
2.11
3.45
3.73
1.74
3.56
5.64
4.82
3.59
1.84
2.39
3.38
3.15
1.15
8.56
22.29
3.44
3.14
2.36
1.09
12.69
29.60
4.36
3.83
1.84
3.07
3.59
2.35
6.50
3.99
1.59
5.35
3.94
1.69
6.13
4.40
1.56
1.12
10.33
25.58
2.16
3.46
3.59
1.31
5.88
10.08
2.56
3.22
3.05
1.58
3.84
7.16
2.59
3.29
2.94
7.80
4.82
1.44
2.61
3.29
2.92
2.22
3.23
3.66
6.45
4.11
1.58
2.34
3.31
3.31
1.15
8.84
20.96
1.37
5.45
8.28
2.65
3.47
2.72
2.42
2.99
3.50
2.34
3.28
3.35
11.24
5.74
1.30
7.89
5.19
1.40
5.89
3.60
1.71
2.43
3.08
3.38
1.08
13.02
35.88
1.84
3.78
4.44
1.83
3.55
4.89
2.15
3.38
3.71
1.27
6.21
11.99
2.09
3.56
3.68
3.29
3.13
2.44
4.35
4.02
1.82
1.24
6.84
12.50
2.02
3.20
4.49
2.42
3.21
3.30
1.86
3.61
4.62
2.60
3.38
2.85
6.93
3.93
1.58
2.54
3.09
3.22
4.65
3.53
1.88
1.57
3.99
7.33