AG AXG AOGA AOXGA G
3.25,1.645,2,1.155,5
2,1.6225,3,1.315,2
1,0.66,0.75,1.3275,1
1.5,1.3575,1,1.055,2
1,0.9825,1,0.9350000000000001,0
2,1.8025,1.75,1.56,1
1,0.53,2.5,2.4775,0
0.75,0.93,0,0.4400000000000001,0
1.25,1.3,2,1.7025,2
2.5,1.78,1.75,1.27,3
1.25,1.0075,1.5,1.2525,0
1.25,1.695,2.25,1.6675,0
2,2.445,0.5,0.7150000000000001,6
1.75,1.65,0.5,0.6,4
1,0.9675,1,0.9325000000000001,0
0.25,0.3875,2.5,1.9775,0
0.25,0.5625,1.25,1.435,1
1.5,1.34,1,1.3625,0
1.75,1.4925,0.25,0.6425,1
0.75,0.505,1.75,1.0175,0
0.25,0.4075,1.75,1.2625,1
2.5,1.3025,0.75,0.7400000000000001,3
2,1.85,0,0.3175,0
0.75,0.655,1.75,1.6675,3
1,0.655,2.5,2.075,2
0.5,0.5425,1.75,1.6075,2
1.5,1.72,2.75,1.095,4
1.75,1.7525,1.25,0.9,1
1.25,1.5125,1.5,1.505,2
4,2.1425,1.25,1.5675,5
0.5,0.5825,1.75,2.265,0
1,0.635,0.75,1.1275,0
0.25,0.855,1.5,1.4725,1
3.25,3.095,1,0.975,3
0.5,0.385,1,1.24,1
2,2.13,0.5,0.3675,2
1,0.995,0.5,0.7,3
0.75,0.7524999999999999,1.5,1.0225,0
2,2.0025,1,1.21,2
0.5,0.7925,1.5,1.1575,1
1.25,1.1575,2.5,1.8375,3
0.75,0.9149999999999999,2,1.8825,0
4.25,3.2025,0,0.545,3
1.75,0.8475,2.5,2.7125,3
0.5,0.26,1.5,1.29,1
1,0.8200000000000001,2.5,2.005,1
1,1.1275,0.75,1.2775,4
1,1.0775,1.75,1.5925,0
1.75,2.1575,1,0.8225,2
1,0.9399999999999999,0.75,0.5449999999999999,0
1,0.5674999999999999,0.75,0.9675,1
0.5,0.5675,0.25,0.8699999999999999,0
2,2.5275,1,0.9875,4
3,3.075,1,1.3225,0
0.75,0.875,0.75,0.5874999999999999,0
0.5,1.3725,1.5,1.1975,1
1.5,1.7725,1.5,0.9850000000000001,1
0.75,0.595,1.25,1.285,2
0.75,0.4725,0.5,1.21,2
0.75,0.695,1.75,1.46,2
1.25,0.9175,1.5,1.6125,0
0.75,1.0775,1,1.2225,1
1.25,1.165,2,2.02,0
4.25,3.155,2.25,2.4525,5
2.25,2.245,2.25,1.4725,2
1.5,1.21,2,1.565,0
2,1.9025,3,2.13,1
0.75,1.135,1.5,0.7224999999999999,1
2.25,0.7775,1.5,1.0725,0
0.5,0.7125,1.25,0.7375,2
0.75,1.195,1.25,2.1725,3
2,2.0175,0.5,0.4225,3
1.25,1.2375,0.5,0.9275,0
1.5,2.4825,0.75,0.8475000000000001,5
1,0.515,1.25,1.34,0
1,0.7324999999999999,0.25,1.71,1
0.75,0.8200000000000001,1.25,0.8025,2
0.75,1.055,1.75,1.0925,2
1.25,1.7975,0.75,1.13,2
0.25,0.84,1.75,2.005,0
0.75,0.6525,1.5,1.2125,3
0.75,0.8200000000000001,0.25,0.495,1
0.75,1.0275,1.5,1.555,2
2,1.925,0.5,1.0225,1
1,1.3825,2.25,2.1525,0
2.25,1.56,0.5,0.9624999999999999,2
1,0.7074999999999999,1.25,1.2575,5
1.25,1.265,1.75,0.7200000000000001,0
1.75,0.945,1.5,1.065,0
0.5,0.5974999999999999,3,2.45,0
1,1.525,1.25,0.49,0
1.5,0.6375,2,1.235,0
3.75,3.597500000000001,0.5,1.4775,3
0.25,0.3775,1.5,1.835,0
1.25,1.0475,2,1.465,0
2,2.6525,1.75,1.7375,5
1.5,1.1425,0.5,0.8100000000000001,4
0.25,1.2125,1,1.1875,1
1.25,1.305,1.25,1.7175,5
1.5,1.3275,1.25,0.7075,1
0.75,0.74,0.5,0.855,1
0.75,0.5549999999999999,0.75,0.5475,0
0.5,1.0125,1.5,1.445,3
0.75,0.975,1.25,1.095,0
1.25,0.9675,1.25,1.46,1
1.25,0.7550000000000001,1.5,1.475,2
2,1.76,2,2.42,0
2,1.06,0.5,0.5974999999999999,0
1.25,0.8,0.75,0.8524999999999999,1
0,0.8475,1.75,0.8125,1
0,0.945,2.5,1.3375,0
2.75,2.265,1,1.04,5
1,1.1125,1.25,0.9700000000000001,1
1.5,0.9125,1,1.2025,0
0.5,1.035,2.5,1.325,1
2.25,0.9575,0.75,0.7475000000000001,3
0.75,1.085,1.25,1.0425,1
0.5,1.0475,1.25,2.5475,1
1.5,0.7225,0.5,0.3125,1
2,1.1325,1,0.58,3
1.75,1.6975,1.5,1.53,1
0.25,0.6475,0,0.6425000000000001,2
0.25,1.0425,1.75,1.48,1
1.25,1.02,2.5,1.385,1
0.75,0.4925,1.75,1.915,1
1.25,1.5775,0.5,0.9775,2
2,1.385,0.75,1.4025,1
1.25,0.9225,0.25,0.445,1
0.25,0.71,2.25,1.83,2
0.75,0.865,1,1.26,0
2.5,2.655,2.25,1.4325,3
1.25,0.8724999999999999,0.5,0.8875000000000001,1
0,1.0125,0.5,1.1825,1
1.75,0.8899999999999999,1,1.775,2
1.5,1.3675,0.25,0.9224999999999999,0
0.5,0.7075,1.75,1.345,1
0.75,0.975,1.5,1.2025,1
2.5,1.87,0.75,0.45,3
0.75,1.495,1.25,1.075,0
0.75,0.6649999999999999,0.75,1.15,1
1,0.9525,2,1.5925,0
1.75,1.38,1.75,1.085,3
1.75,1.735,2,1.4525,2
1.5,1.53,1,0.9025,1
0.75,0.455,0.75,0.74,0
2,1.5525,1.5,1.2475,2
0.5,0.7750000000000001,0.5,0.4825,0
1.25,1.03,1,1.045,1
1,1.1975,1,0.93,2
1,0.74,0.75,0.7375,1
1.5,1.2825,0.5,0.6,0
2.5,1.72,1.25,0.9799999999999999,3
0.75,0.6274999999999999,1,1.105,1
2,2.185,1.25,1.3225,1
0.25,0.73,1.5,1.185,2
0.5,0.8075,1.5,1.1425,1
1.25,1.3225,1.5,1.3325,3
1.75,1.185,0,0.6425,3
0.75,0.5625,1,0.905,2
1,1.4475,1.5,1.07,1
2.25,2.1925,0.5,1.1925,4
1.25,0.7975000000000001,1.25,1.2725,1
0.75,0.885,2.25,2.1775,1
0.5,0.97,0.75,1.145,1
0.25,0.835,1.5,1.35,0
1,0.9074999999999999,2,1.5825,1
1.5,1.4625,1.25,0.9474999999999999,3
3.25,2.5975,0.75,0.925,3
0.75,0.6724999999999999,1.25,1.915,1
3,2.5375,1.25,1.2625,2
1,1.4775,1.5,0.7675,2
2.25,1.225,0.75,1.43,4
1.5,1.3375,1.25,1.23,2
0,0.9675,1,1.075,4
0.75,0.9075,1,0.965,1
0.75,0.93,2,1.6425,1
0.75,0.9199999999999999,1.75,1.59,2
1.5,1.205,1.25,1.68,1
1,1.1375,0.75,0.6925,2
0.75,0.9149999999999999,1.5,1.255,2
1.25,1.105,1.5,1.45,2
1.5,2.0475,1.5,1.565,3
2,2.1375,1.75,0.9825,2
0.75,0.57,2,2.3225,0
0.75,0.9400000000000001,1.25,1.3375,0
2,1.7625,1.5,1.3025,1
4.5,3.3725,1.25,1.33,5
0.75,0.785,0.75,1.295,2
0.75,0.9674999999999999,0.5,0.525,2
0.5,0.5175,1.75,1.61,0
1,1.6425,1.25,1.67,2
4.75,3.725,1.75,1.3525,0
0.5,0.8475,0.75,1.475,1
2.5,1.2875,1.5,1.3,3
1.5,1.78,0.75,0.9949999999999999,0
1.25,0.9500000000000001,1.5,1.6775,4
1.25,1.2925,1.75,2.2275,1
1.25,1.465,1.75,1.09,1
0.75,0.9900000000000001,1.5,1.6075,0
1,1.3575,1,1.0875,2
1.5,0.9724999999999999,2,2.0675,1
0.5,0.9875,1.25,1.17,1
0.75,0.78,2.25,1.835,4
1.25,1.1875,1.25,1.2075,0
0.75,1.335,1,1.2975,3
1.25,1.5475,2.5,2.0475,2
0.25,0.6075,1.25,1.5725,0
2,1.945,0.75,0.9175,0
1.5,1.4875,1.25,1.245,1
1.5,1.7925,0.75,1.195,1
2,1.4575,1.25,1.585,2
0.5,1.4675,1.5,1.475,3
1,1.5775,1.25,0.9575,1
1,1.105,1.5,1.4125,1
0.5,0.8725000000000001,2,1.7575,1
3.25,3.3125,1.25,2.1325,6
1.75,1.1025,1,1.405,1
1,1.5725,0.5,0.8800000000000001,4
1.75,1.2475,0.5,0.9225,1
0.5,0.8925000000000001,1.5,1.22,1
1.5,1.4875,2,1.7125,2
1,0.61,0.75,0.955,0
0.25,0.6400000000000001,0.75,0.975,0
1.75,1.1125,1.25,1.3825,3
1.5,1.57,0,0.445,1
0.5,0.5875000000000001,1,1.35,0
1,1.2325,2,1.41,2
2.5,2.2025,0.75,1.1675,3
1.25,1.8075,2.75,2.115,2
1.5,1.215,1.75,1.3525,0
0.5,0.8925,0.5,0.6575000000000001,0
1,1.165,1.5,0.975,2
2,1.57,0.75,1.415,1
1.5,1.01,1.75,1.5825,0
1.25,1.7175,1,1.745,2
1,1.3125,1.5,1.6325,0
0.75,1.42,0.75,1.2025,0
1.5,1.4125,1.75,1.4225,0
1.5,0.9249999999999999,1.75,1.2175,3
2.75,3.0175,0.5,0.4675,2
0.25,0.6000000000000001,2.25,2.17,1
2.25,1.8675,0.5,0.86,2
0.5,0.965,0.25,0.47,0
0.25,0.645,2,2.17,1
1.25,1.04,0.75,0.9125000000000001,1
1,2.015,1.5,1.81,9
2.25,1.79,1,1.455,0
1,1.0575,1.5,1.965,2
1,1.785,0.75,1.105,0
0.25,0.6950000000000001,2,1.7975,1
1.25,1.445,0.5,1.06,2
1.5,1.11,0.75,1.405,1
0.5,0.8600000000000001,0.75,0.8575,1
2.75,2.83,1.75,1.79,4
1,1.185,2.25,1.2675,1
0.75,0.9825,1.75,1.675,1
1.75,1.4875,1,0.9574999999999999,0
1.25,1.2575,0.25,0.425,1
0.5,0.825,1.25,1.21,0
1,1.305,0.5,0.91,0
3.5,3.1975,1,1.09,3
0.75,1.2,0,0.345,2
2.25,1.6025,0.25,0.8325,2
0.5,0.8225000000000001,3.25,2.7575,3
0.75,1.64,1,1.295,6
0.75,0.9375,1.25,1.2825,1
1,1.0625,1.25,1.1925,1
1.25,0.6975,1.25,1.77,2
0.5,0.8600000000000001,2.25,1.7325,0
1.75,1.9125,1.5,2.0725,3
1.25,1.225,0.25,0.4825,2
2.25,1.9275,0.25,0.545,2
1,1.0125,0.5,0.4625,1
3.75,3.31,1.25,1.0825,3
0.75,0.8724999999999999,1,1.2325,4
1,1.0175,2.5,1.82,2
0.5,1.16,0.75,1.4725,1
0.25,0.9075,2,1.08,0
0.5,0.6350000000000001,0.75,1.245,0
0.75,0.62,1.5,1.3575,1
0.25,0.78,1,0.76,0
1.75,1.18,0.5,0.8925,0
2,1.64,0.5,0.6975,3
1,0.9399999999999999,2,1.34,0
0.75,0.53,1,1.23,0
1,1.02,1.75,1.2975,1
1,1.0625,1.5,1.7375,2
1.75,1.2175,2.25,2.55,2
2,2.6175,0.5,0.745,2
1,1.15,3.5,2.67,4
2.5,2.2575,1.5,1.5175,6
1.5,1.7625,1.25,1.3475,1
1,0.8574999999999999,1,1.35,1
0.25,0.4400000000000001,1,1.28,1
3,2.52,1.5,1.5875,3
2.5,2.985,1.75,1.88,1
0.75,0.8675,1.5,1.305,4
0.25,1.4025,0.75,0.7625000000000001,0
0.75,1.5425,0.75,0.9775,1
0.5,0.9625,1,1.27,1
0.75,0.5775,1.25,0.895,3
0,0.92,0.5,1.0575,0
2,1.9975,0.5,0.7875000000000001,0
2,1.81,0.75,0.8875000000000001,2
1,1.06,0.5,0.9949999999999999,1
1.25,1.02,2.25,2.855,1
0.25,0.7175,2.5,1.4625,1
2,1.3575,2.25,2.2075,3
1,1.0475,0.75,1.0675,1
1.25,1.1325,1.25,1.1825,2
0.5,0.7475000000000001,1.5,1.5975,0
1,0.87,2.5,2.7775,2
4.5,3.63,0.5,1.0875,2
3.25,2.41,1,0.9375,2
1.5,1.92,2,1.62,1
1,0.7649999999999999,0.25,0.895,2
0.25,1.3525,1,1.76,1
1,1.1275,1.75,2.05,1
1.5,1.935,1.25,1.1525,1
1,1.2775,3.25,2.23,2
0.5,1.1575,1.25,1.7525,2
1.5,1.7425,0.5,1,2
0.75,0.735,1.25,0.9375,2
1.5,1.6175,0,0.5600000000000001,0
1,0.605,1.75,0.9275000000000001,0
0,0.7350000000000001,1,1.5275,1
0.25,0.765,2.5,1.6275,1
1.25,1.02,1.5,1.725,1
2.5,1.56,1.75,1.8,1
2,2.4575,1.75,1.55,2
0.75,0.9675,1.25,1.83,0
4.25,3.155,1.5,1.12,2
2,1.9225,0.75,1.315,0
1.25,1.0625,0.75,1.0425,4
1,1.98,1.5,1.4375,2
1,1.3875,1.25,1.2025,2
1.5,1.1775,1.5,1.3875,2
0.75,0.7125000000000001,3.25,3.18,3
1.25,1.41,1.5,1.1275,3
3,2.4125,2.75,1.59,7
1.25,1.1425,0.25,0.7025,1
1.75,1.1775,1.5,1.09,2
1,1.19,1,0.8674999999999999,0
0.5,0.7925,0.75,1.1875,2
2.5,1.9725,0.5,0.5775,4
0.75,0.63,0.75,0.9924999999999999,2
1,0.97,0,1.13,1
0,0.7325,1,1.075,0
0.75,0.7625000000000001,1.5,1.04,2
0.5,0.845,1.25,1.26,1
0.5,1.485,2,1.995,1
2,2.695,1,1.73,2
3.5,3.379999999999999,0.75,1.2325,0
0.5,1.425,1.75,1.1875,3
2.5,1.405,0.5,1.21,1
1,0.9825,1.25,1.3575,1
1,0.8800000000000001,1.75,1.47,1
2,1.0075,2.75,2.0275,3
0.75,0.85,1.75,1.7825,3
1.25,1.3875,2,1.7075,0
2.5,1.9225,1.25,1.1675,0
1.25,1.68,1.75,1.13,2
0.25,0.9924999999999999,1.25,0.905,1
1,1.375,1.75,1.72,1
1.5,0.8275,1.25,1.095,0
0,0.8125,1,0.9099999999999999,3
1.5,1.5575,0.75,1.1225,0
1.25,1.24,0.25,1.04,3
1,0.7725,0.5,0.8574999999999999,1
1.25,1.125,0.25,1.2675,1
1,2.49,2.25,1.655,3
1.25,1.13,1.75,1.665,1
2,3.47,1.5,1.345,5
0.5,1.3225,0.75,1.5875,3
1.25,1.1625,1.75,1.4125,1
1.25,0.88,0.75,1.645,1
1.5,1.5325,0.5,0.6075,0
1,1.0225,1.25,2.105,4
2,0.9799999999999999,1.5,1.565,2
1.75,1.385,1.5,2.1775,3
1.5,1.99,1.5,1.5425,3
1.75,1.605,0.5,1.44,1
1,1.18,1.5,1.29,1
1.5,1.8925,0.5,0.9999999999999999,5
0.75,1.24,1,0.7225,2
0.75,0.9350000000000001,1.25,1.12,0
0.75,0.755,0.75,1.0075,0
2.25,3.6225,1,1.07,3
1.25,1.48,1,1.7725,2
1.5,1.29,2,2.2675,3
1.5,1.2125,0.75,0.7600000000000001,1
1.75,1.885,2,2.0425,3
0.5,0.5475,1,1.45,2
1.5,1.2975,2.5,1.525,3
1.75,1.3775,1.5,1.5775,0
1.25,1.4775,1.25,1.3725,2
1.25,1.2275,2.5,2.62,1
1,1.38,1.5,1.38,1
1.5,1.235,1,1.65,1
1.5,1.58,0.75,0.78,1
0.25,0.54,2,1.5,2
1.5,1.5325,1.25,1.865,1
0.25,1.21,1.5,1.0025,1
1.25,1.24,1.75,2.29,3
1.25,1.6225,1.5,1.29,2
1.25,1.245,1.75,2.0575,0
2.75,2.5525,1.75,1.51,2
2.75,3.055,1,0.9375,3
1.5,1.8725,1.75,1.9525,1
2.25,2.325,0.75,1.52,3
1.5,1.355,1.25,0.825,2
2.75,1.905,0.75,1.1525,0
1.25,1.4025,1.25,1.19,2
3,1.5575,1.75,1.5925,1
1,0.8774999999999999,2.75,1.395,2
1,0.8649999999999999,2.75,1.93,0
0.75,0.6300000000000001,1.25,1.1125,1
1.5,1.185,1,0.82,2
1,1.275,0.5,0.6749999999999999,0
1.25,0.9724999999999999,1.75,1.9425,1
1,1.43,1.25,2.06,0
3,2.5225,1.25,1.1125,4
1.25,1.75,1.5,1.0175,1
0.5,0.795,1,1.2525,2
1,0.9950000000000001,1,1.0525,0
1.25,1.385,1.75,1.7975,2
0.5,0.4375,1.25,1.69,2
1.5,1.9575,2.25,1.955,0
1.5,1.0775,1,0.71,0
2.25,2.39,1,1.8225,1
1.75,1.9025,1.5,1.6625,4
1.5,0.6325000000000001,0.25,0.3975000000000001,0
2.25,1.28,0,0.5875,1
1.5,1.1825,1.5,0.9199999999999999,1
0.75,0.7975,2.5,1.0775,1
1,0.9125,1,1.295,2
0.75,0.97,1.5,1.1775,2
0.5,1.14,1.5,1.7225,3
2,2.1,1.5,1.025,0
1,0.91,1.25,1.44,1
1.25,0.8100000000000001,1.75,1.2925,1
3,2.8475,0.5,0.7875000000000001,2
1,1.05,1,1.0675,1
1.25,1.4025,1.5,1.38,1
1.25,1.5625,1.75,1.3625,2
1,1,0.5,1.2,1
1,0.9350000000000001,1.25,0.725,1
1.25,1.46,1,1.9425,1
1.25,1.785,0.75,0.8999999999999999,2
0.75,1.1125,2,1.55,1
0.75,0.63,1.5,1.4025,2
0.75,0.7175,1.5,1.955,1
0.5,0.965,0.75,0.5249999999999999,0
1.75,1.275,1.5,1.6825,2
1.5,1.72,2,1.5,10
1.25,1.5525,1,1.5175,0
1.5,0.68,1,1.07,0
1,1.3825,1,1.2725,2
1,1.0725,0.25,0.6225000000000001,1
4,2.835,2,1.2,3
0.5,0.8400000000000001,0.75,0.5925,0
1,0.9600000000000001,0.5,0.8450000000000001,0
1,1.4725,0.75,1.1425,2
0.5,0.9875,2,1.595,2
1.5,0.7949999999999999,0.75,0.6925,0
2.75,2.295,0.5,1.1975,4
1.5,1.29,0.5,0.7524999999999999,0
0.5,0.8725000000000001,1.75,1.58,4
1.25,1.0325,1.25,1.785,1
0.5,0.865,0.75,0.7875,0
1.5,1.2125,1.5,1.4875,1
1,1.0475,0.5,1.0075,2
1,0.6875000000000001,1.75,1.3175,2
0.25,0.9075,1.25,1.1675,0
0.75,0.595,0.25,0.4299999999999999,2
1,1.445,1.25,1.5425,2
1.25,1.0125,0.25,0.7875,1
1,0.6675,1.25,0.6725,2
1,1.2475,1.75,1.3675,1
1.75,2.075,2,1.6475,4
1.25,2.0925,1,0.445,2
1.25,1.0475,2.25,2.245,1
3.75,2.95,1,0.905,5
0.25,0.4675,4,2.6675,2
1.5,0.9275,1.75,1.4825,2
1,1.1875,1.5,1.2625,2
1.75,1.5125,0.75,1.4275,2
1.75,1.1325,0.25,0.6825,1
0.75,1.2375,0.5,0.8675,0
1.25,1.98,0.25,0.5,2
0.5,0.9825,1.25,1.3025,4
1.75,1.075,2.25,2.0375,0
1.25,1.435,1.75,1.57,1
1,1.2075,4,2.5475,2
5,3.4675,2,1.76,5
1.25,1.18,1,1.84,3
1.75,0.7000000000000001,0.25,0.515,0
2.5,2.7375,1,0.7849999999999999,6
2,1.5025,2.75,2.6475,5
0.5,0.9775,1.5,1.5625,5
1.25,1.815,0,0.4550000000000001,1
0.5,0.6699999999999999,0.25,0.825,2
1,0.555,0.5,1.1725,3
1.25,0.865,2,1.6625,3
0.75,1.2375,0.5,0.6550000000000001,5
2,1.52,0.75,0.9125,0
0.5,0.95,1.75,1.565,1
0,0.8574999999999999,1,1.18,1
1.25,0.7524999999999999,1.75,1.5775,3
3,3.180000000000001,0,0.3875,2
3.25,2.015,1.25,1.35,1
2,2.0075,3,2.0825,0
1.5,1.3475,3,2.6625,1
1.5,1.9325,1.5,1.735,2
1.25,1.4225,2,1.2775,3
1.25,1.47,2.5,1.9225,0
1.25,0.7625,2.5,2.1875,2
3.25,2.8075,1.75,2.09,6
0.75,1.07,1.5,0.9175,2
1.25,1.405,1.25,1.65,3
1.5,1.3525,2.25,0.8075,3
2,1.625,2,1.4425,2
1.5,1.24,0.5,1.0175,0
1.75,1.7125,2.25,2.1825,1
2.25,1.1375,0.5,0.84,0
0.5,0.605,1.5,1.69,1
1.25,0.72,0.5,1.13,1
1,1.105,0.5,0.84,1
1,1.185,1.75,1.705,0
2,1.64,1,0.775,2
3.5,2.7375,2,2.0175,4
0.75,1.2225,1.25,1.3325,1
0.75,1.44,4,2.32,2
1.25,0.9474999999999999,0.75,1.5925,2
2.25,1.675,2.5,1.8075,3
1.5,1.2875,2.25,1.6725,2
1.25,1.6025,0.75,0.5924999999999999,0
2.25,1.2125,2.75,1.9125,2
3,2.395,2.25,1.9175,6
2.25,2.065,0.75,1.1075,1
1,0.9375,2,1.7825,3
1,1.0875,0.75,1.045,1
0.75,1.6125,1.5,0.9275,1
1.25,0.6475,1.5,1.605,1
0.75,1.0925,2.5,1.4725,3
2.25,2.29,0.5,1.2675,2
1.5,1.295,1,0.9824999999999999,1
2,1.2225,1.5,1.65,0
1,1.4725,1,1.635,1
1.25,1.47,0.5,0.8774999999999999,0
1.5,1.735,1.75,1.975,0
3.25,2.075,0.75,0.615,0
0,0.905,2.75,2.5,0
1.25,1.085,3.25,1.96,2
1.25,0.8325,1.5,1.865,2
2.75,1.64,0.75,0.9749999999999999,1
0.5,1,1.75,2.445,3
1,1.735,1.25,1.2375,0
1.25,1.4725,2,1.975,0
3.25,3.1625,1,1.2875,2
1.25,1.1875,0.25,0.855,3
0.5,0.61,2,1.6675,4
1.5,1.6775,1.75,1.645,1
1.25,1.4125,1.5,2.0275,1
1.5,2.01,0,0.6675,0
1.25,1.0675,1.25,1.615,4
0.75,1.1325,1.25,1.16,1
0.75,1.5175,2.5,1.62,2
1.5,2.09,1.25,1.5475,0
2,1.9775,1,1.1875,1
2,1.7175,2,2.0375,7
1,0.8625,1,1.3,0
0,0.7775,1,1.245,1
0.75,1.4825,1.25,1.195,3
2,1.4825,1.25,1.305,2
1,1.6575,1,1.11,0
1,0.7749999999999999,1.5,1.34,0
1.25,1.3325,2,2.39,1
1.5,1.66,0,0.74,1
1.5,2.2325,2.75,3.1875,2
1.5,1.0825,2.25,1.39,1
3.25,3.1575,2.25,1.6675,6
1.25,1.64,1.25,0.9975000000000001,1
1.75,1.2475,2.25,2.2425,3
1.5,1.115,2.25,1.815,1
1.25,1.09,2,1.4275,1
1.25,1.6775,0.25,0.7000000000000001,4
2.25,1.5825,0.75,0.7424999999999999,3
1.75,1.1425,1,1.25,1
1,1.52,1.5,1.2025,1
0.25,0.6875,1.75,1.4725,1
0.5,0.86,0.25,0.86,2
0.5,1.1675,0.5,0.6975,0
1,1.2175,2.5,2.3925,2
1,1.3725,1.75,1.685,2
2,1.58,1.5,1.68,0
1.75,1.1625,0.5,1.0325,2
1.25,1.2225,0.5,0.78,2
0.75,1.2025,1.75,1.035,0
3,1.5675,1.25,1.4325,4
1.25,1.0425,3,2.5575,2
2.5,1.2725,1,1.155,5
1.75,1.59,1.75,1.4125,2
4.25,3.435,0.75,1.2375,1
1,1.24,2.75,1.43,1
2.5,2.0225,1.25,0.8125,1
1.5,0.8025,1.5,1.18,1
0.5,1.1375,1.75,1.6625,1
1.5,1.555,1.5,1.2175,1
1,0.8674999999999999,1.5,0.9849999999999999,0
1,0.7925,1,1.5925,0
3.75,2.225,2,1.7575,4
1.5,1.2325,1,1.01,1
0.75,0.9425,1,0.7975000000000001,1
1,1.07,0.75,1.35,1
0.5,1.0375,2,1.115,0
0.5,0.8325,2.25,1.8275,2
1.5,1.48,2.5,2.6025,2
1.75,1.67,1.25,1.185,1
1.5,1.605,0.75,0.8374999999999999,1
0.5,1.2775,1.5,1.555,2
0.25,0.76,0.5,1.2075,1
1.75,1.8225,0.75,0.9075,1
0.75,1.5125,0.75,1.4525,2
1.25,0.995,2.25,2.3025,1
0.75,1.0875,1,1.4975,0
1.5,1.7525,2,0.9824999999999999,1
3,2.06,1,1.18,3
1.25,1.84,1.75,1.7,2
2.25,2.25,1.5,1.69,1
1.25,1.045,0.5,0.9650000000000001,1
0.75,1.125,0.75,1.125,1
1.25,1.4075,1.75,0.9924999999999999,0
1.25,1.1075,2,1.7675,4
1,1.2275,1,0.925,0
0.75,1.05,2.25,1.77,2
0.5,1.45,1,0.855,1
3.75,2.89,1.25,1.1875,3
1,0.5375,2.5,2.615,1
0.75,0.7749999999999999,1,1.0275,5
1.5,1.1325,1.75,1.37,4
1.25,1.6775,0.5,0.9400000000000001,2
3,2.3,0.75,0.7524999999999999,1
2.5,3.0175,0.75,1.305,6
0.75,1.075,3.25,2.4375,1
0.75,1.365,0.5,1.3825,2
1,1.6475,1.5,1.925,2
0.75,1.0275,1,1.96,2
1.25,1.25,1.25,1.5075,0
1,0.9125,1.25,1.275,2
0.75,0.8774999999999999,2.5,1.795,2
0.75,0.76,0.75,1.11,0
2,1.46,1.5,1.26,1
0.75,1.1175,0.75,1.06,0
1.5,1.245,0.75,1.6125,3
1,0.9575,0.75,0.99,2
0.75,0.9925,1.25,1.055,1
0.75,1.38,2.5,1.7725,0
2.5,1.7275,1.25,1.0525,0
0.25,1.07,2.25,1.62,3
1.75,1.05,1,1.015,0
1.25,1.1725,1,1.3025,1
1.5,1.2625,0,0.4349999999999999,2
1.75,1.605,2,2.3575,1
0.75,0.645,3,2.4175,0
0.5,0.8100000000000001,1.5,1.37,2
3,2.265,1.25,2.15,3
0.75,0.9575,1.25,1.52,1
4.25,4.5075,1.75,0.9675,5
1,1.53,2,1.595,1
2,1.615,1,1.505,0
0.75,0.895,1,1.1525,0
3.25,2.0275,0,0.7750000000000001,0
1,1.015,1.75,1.36,3
1,1.22,1,1.06,2
1,1.205,1,1.41,4
0.5,1.0275,2,1.24,4
0.5,0.8825000000000001,1,0.7849999999999999,2
1.25,0.675,1.25,0.7625000000000001,2
1,1.3475,2.75,2.25,3
0.75,0.745,1,1.715,2
2.25,1.88,2.5,1.915,1
3,2.45,0.5,0.8100000000000001,1
0.25,0.5675,1.75,1.1825,2
1,0.5925,1.25,1.4725,4
1.25,1.1975,1,1.505,1
3.25,2.62,0.25,0.355,1
0.5,0.8975,1.75,1.49,1
0.75,0.6174999999999999,2.75,1.145,1
1.25,1.6675,0.5,1.62,2
1.25,1.2425,1.5,1.395,1
1.25,1.2575,1,0.7150000000000001,2
0.75,0.8225,1,0.5999999999999999,0
1.25,0.9475,0.5,0.61,3
2,1.33,1,0.7849999999999999,2
1,0.7275,1.75,1.2325,1
2.5,1.4875,0.75,0.5875,1
1.25,1.3775,2.25,1.66,3
1.25,0.6875,1.75,1.3875,0
0.75,0.5325,2.75,1.86,3
1.5,1.0625,1.25,1.1925,1
1.25,1.2725,2.5,1.9075,0
1.25,1.53,1,1.065,2
1,1.0425,2,2.44,2
0.25,0.8124999999999999,3.25,2.0175,2
1.75,1.535,0.25,0.6875,0
2.5,2.2825,1,0.9349999999999998,1
0.5,0.7424999999999999,0.75,0.9350000000000001,2
0.75,0.71,0.75,1.31,0
1,0.8699999999999999,1,0.6,4
1.5,1.1475,1.25,0.9299999999999999,0
1.25,0.9425000000000001,1.25,1.1225,2
3.5,2.555,1,0.97,4
2.25,2.0625,2,1.3775,7
0.75,0.9600000000000001,1,0.9075,1
1.25,0.8925000000000001,1,0.9974999999999999,1
2,1.4175,1.25,1.205,3
0.5,0.5525,1.5,1.545,1
1.5,1.535,1,0.9824999999999999,5
1.25,1.17,1.75,1.61,2
1.75,1.315,2,1.68,1
0.5,0.6525,1.5,0.9075,3
1.5,1.1925,1.25,0.6850000000000001,2
1.75,1.18,1.5,1.285,3
0.75,0.6725,2.75,1.8225,0
2,0.9724999999999999,2,2.07,4
1.75,1.345,0.5,0.7175,1
1.25,0.7675,1.5,1.3075,4
2.25,1.63,2,1.72,2
2.5,2.4375,1.5,0.8774999999999999,2
1,0.8925,1.25,1.1675,0
0.5,0.3975,1.5,1.2225,1
1.25,1.24,1.25,1.015,1
2.5,2.31,0.75,0.9674999999999999,4
3.75,3.215,2.75,1.315,1
2,1.2375,0.5,0.7375,2
2,1.415,2.25,1.6,1
1,0.895,1.25,1.125,0
1.25,1.075,2.25,1.335,3
0.75,0.625,1.75,1.78,1
2.25,1.2925,1.25,1.0175,3
0.25,0.3925,2.5,1.9875,1
2,1.285,1,0.675,2
1.75,0.9149999999999999,2.5,1.88,0
1.5,1.265,2,1.355,1
3.25,2.99,2.25,1.7025,3
1,0.5675,1.75,1.47,0
2.75,1.215,1.75,1.8075,2
2,1.4175,2.25,1.715,2
1.75,1.6125,1.5,0.6725,1
0.75,0.7925,1.25,1.0525,2
0.75,1.0275,1.25,1.07,2
2.5,2.71,1.75,1.4425,0
1.75,1.315,2.5,1.51,1
2.75,1.5925,0.75,0.9825,0
0.75,1.2775,0.75,0.9924999999999999,0
1.5,1.0675,2.25,1.6875,1
1,0.62,0.75,0.7675,1
1.25,1.125,0.75,0.6375,1
0.5,0.625,1.5,1.2775,2
1.5,1.3425,1,0.8575,3
2.25,1.4625,2.25,1.8125,4
3,2.74,1.75,1.48,2
1.25,0.785,2.25,1.8475,3
1.5,1.5675,1.75,1.16,2
1.25,1.1825,2,1.5875,0
0.5,0.475,2,1.35,0
2.25,1.0575,0.75,1.32,3
2.5,1.8675,0.75,0.7475000000000001,1
1.25,1.1425,0.75,1.08,3
0.75,0.8800000000000001,1.5,0.88,2
1,1.5075,0.5,1.045,1
0.5,0.5775,1.25,1.37,0
1.75,1.2775,0,0.415,0
0.75,0.49,1.5,1.2975,3
0.75,1.3675,0.75,1.0075,3
1.25,0.8525,1.75,1.5475,3
1,1.2875,1.5,1.135,1
1,1.1325,2.25,1.85,2
1.75,1.55,0.5,0.405,5
2.25,1.155,1.5,1.83,1
0.25,0.7349999999999999,0.75,1.1275,0
1.75,1.4375,1.75,0.5649999999999999,3
1.25,0.8775000000000001,1.5,1.0775,1
2.25,2.23,2.25,1.56,3
1.25,1.3575,0.5,1.04,0
2,1.1875,1.75,1.2375,0
1,0.8925,2.25,2.035,2
1.5,0.8275,1,0.625,1
0.5,0.9474999999999999,1.25,1.495,3
0.75,0.8699999999999999,1.5,1.24,1
1.5,0.845,0.75,1.285,1
0.75,0.9675,1.25,1.1625,1
1.25,1.0625,2.25,1.16,0
2.25,1.7575,1.5,1.41,4
0.75,0.9475,1,0.6599999999999999,1
3,1.4875,2.75,1.855,2
1.25,1.7525,0.25,0.4874999999999999,4
1.25,1.47,2,1.585,2
1.5,0.9325000000000001,2,0.8625,1
2.25,1.865,1.75,2.235,5
1.25,1.21,0.75,0.9325,0
1.25,0.7425,2,2.1025,1
1.75,1.605,1,0.9299999999999999,0
1.5,1.37,0.25,0.8574999999999999,0
1.25,0.9075000000000001,1.25,0.8075,2
1.75,1.5225,2.5,1.725,3
1.5,1.65,0.75,0.7550000000000001,1
0.25,0.7224999999999999,2,1.0975,3
0.5,0.795,0.75,1.0725,0
2.25,2.2325,0.75,0.9775,5
0.75,0.8125,1,0.8125,1
2.5,1.1275,0.5,0.9175,0
2,1.0075,1.5,1.16,2
1.75,1.4525,0.25,0.665,1
1.25,0.9075,1.5,0.9175,2
0.75,0.985,2.75,1.72,1
3,2.2525,1,1.0675,2
1.25,1.245,2.75,1.555,0
0.5,1.0825,1,0.8125,1
1.25,1.0325,2.25,2.5625,3
2.5,2.195,2.5,1.605,2
0.25,0.625,1,0.8624999999999999,2
1.75,1.2175,2.25,1.5675,0
1,0.885,0.5,0.96,3
0.5,0.9474999999999999,0.75,0.7125,2
0.75,0.7625000000000001,2.25,2.335,0
1.75,1.545,1.5,1.4025,1
1,1.1075,0.5,0.3475,0
1.75,0.9999999999999999,2.75,1.8625,1
1,1.2075,2.75,2.07,2
0.75,0.8125,0.5,0.57,0
1,1.17,0.5,0.6475,3
0.75,0.8250000000000001,1,1.0975,0
0.5,0.9,0.5,0.4925,1
1.5,0.9325,1.25,0.9349999999999999,3
1,0.9775,1.75,2.335,2
2.75,2.3525,1,0.9400000000000001,3
0.5,0.9875,1.75,1.6575,3
0.75,0.9125,1.25,0.9475,0
2.75,2.1475,0.75,1.0025,3
1.25,0.715,1.5,0.895,2
2,1.44,2.25,1.25,0
2.75,1.1325,0.75,0.845,0
0.75,0.7224999999999999,0.75,0.8375,2
0.75,0.7475000000000001,2.25,1.5375,3
0.5,0.67,1.75,1.495,1
2,0.9975000000000001,1.25,0.8475000000000001,1
0.75,1.1,2,1.06,0
1.5,1.53,0.25,0.7975,0
1,0.9349999999999999,1.25,0.9025000000000001,2
1.75,0.8925000000000001,0.75,0.38,1
0.5,1.2,1.5,0.9625,1
0.5,0.865,2.25,2.255,0
1,0.645,1.75,1.45,0
1.25,0.9125000000000001,0.5,0.8275,3
2.5,1.4775,1.5,1.31,4
0.5,0.4550000000000001,0.5,0.7575,4
1.25,0.7475000000000001,1,1.0325,1
2.25,1.8725,1,0.96,2
0.75,0.615,2.5,1.2075,0
1.5,1.3475,1.25,1.2525,2
1.5,0.895,0.75,0.975,0
0.75,0.9025000000000001,1.75,0.925,2
1.25,1.095,2.75,1.6,3
3.5,2.02,2,0.97,2
0.75,1.045,1,0.8200000000000001,2
0.75,0.905,0.5,0.4025,2
1,0.7675,1.75,0.8375,0
1.25,1.7,1.25,1.2475,2
0.5,1.08,0.75,1.07,1
0.25,0.6649999999999999,1.75,1.2575,4
2.75,1.7775,1,0.6575,3
1.25,0.65,2.5,1.635,3
2.25,1.7925,0.5,0.95,1
1,1.425,1.75,1.8975,3
1.5,0.9724999999999999,1,1.25,1
1,1.395,0.75,0.51,2
1.5,0.9625,0.5,0.8750000000000001,2
1.25,0.8075,1.5,1.445,1
0.75,1.1125,1.75,1.2325,1
0.75,0.6224999999999999,1,1.615,1
3.25,2.235,2.25,1.85,6
2.25,1.995,1.25,1.3175,3
2,1.1975,1,0.9574999999999999,2
1.5,0.8250000000000001,2.25,1.5675,2
0.5,1.0825,1.25,1.415,1
1.25,1.715,1.75,1.0325,1
1,0.9200000000000002,1,0.9225,2
1.25,0.51,2.25,1.7875,1
2.25,1.7225,1.75,1.055,1
2,1.3475,1.5,0.7725,2
4,2.595,1.5,1.435,5
1.25,1.3,2,1.045,0
2.25,1.5325,0.75,0.8975,3
1,1.33,3.25,1.965,5
1.25,1.2975,1.75,1.215,1
1,1.1675,0.25,0.5549999999999999,1
0.5,1.3975,2.5,1.2775,1
1.25,0.8574999999999999,2,1.925,4
1,0.9225,3,2.075,1
1.5,1.515,0.75,1.425,1
0.75,1.085,1,0.8700000000000001,1
1.75,0.7175,1,1.255,0
1.5,1.115,1,1.1375,0
0.75,1.3575,0.75,0.855,2
1.5,0.9850000000000001,1,1.81,0
2.75,2.375,1.75,1.2425,2
0.75,0.9924999999999999,2,1.5,1
2.75,1.66,1,1.6875,1
1.75,1.1675,1.75,0.9249999999999999,1
1.5,1.4125,1.75,1.2475,1
1.5,1.3675,1.5,1.3475,1
1.5,0.8725000000000001,3.25,1.675,2
1.5,0.9399999999999999,2,1.3275,0
1.5,1.135,0.75,1.0875,3
1.25,1.42,2.25,1.605,0
0.75,1.3125,1.5,1.6375,3
3.5,2.2925,1.5,1.015,4
1.75,0.7975,1.5,0.9224999999999999,2
1.75,1.225,2,1.3925,2
1,1.3325,0.75,1.3225,1
1.25,0.9099999999999999,0.5,0.9225,1
0.5,0.9199999999999999,0.5,0.65,0
1,1.035,2.25,1.975,0
2.75,2.0625,1,0.7975,3
1,1.34,0.75,0.9675,3
0.75,0.625,1.25,1.0525,1
0.75,0.705,2.25,1.6,3
1.5,1.6825,1.75,1.235,2
1.25,1.0325,1,1.2275,0
2.25,1.735,1.5,1.375,1
3.5,2.935,1.25,1.5125,3
1,1.585,2.5,1.4425,0
1,1.275,1.25,0.995,0
0.75,1.2925,2.25,2.48,0
0.75,1.035,0.75,1.2,2
1.5,1.275,2.25,1.32,3
1.5,1.2275,1.75,1.3475,3
1,0.95,0.75,0.9225,3
1.75,0.6825,1.25,1.015,1
2.75,1.7675,0.25,0.5575,1
0.5,0.8825000000000001,1.25,1.0625,4
0.5,0.82,1.25,0.9075,2
0.5,0.6575,1.75,2.09,1
1.5,1.2575,1.25,0.8875000000000001,0
0.75,0.7775000000000001,1.5,1.4225,2
1.5,1.135,1.25,0.8900000000000001,4
0.25,0.7375,0.75,1.2025,3
1.5,1.5975,1.75,1.2925,5
0.5,1.0575,0.5,0.9550000000000001,2
1,1.115,1,1.47,2
1.75,1.8675,1.25,1.325,3
2.75,2.425,1,1.4375,3
1,1.0575,1,1.19,0
2.75,1.7,2,1.1025,0
1,1.215,1,0.72,2
0.75,0.705,1.5,1.085,0
0.25,1.07,1.25,1.2725,2
1,1.3775,2.5,2.1475,2
0.75,0.7350000000000001,0.75,1.1775,2
1.75,1.395,2,1.53,2
1,0.7100000000000001,1.75,1.2975,2
1,0.665,0.25,0.665,0
1.5,1.3,1.75,1.31,1
2,1.52,1.75,1.1425,0
1.75,1.17,1.5,1.1775,1
2.75,1.7475,1.25,0.9525,2
2,1.195,1.25,0.8025,0
1.25,0.9750000000000001,0.75,1.0175,1
0.25,0.67,0.5,1.085,0
1.5,1.9125,1,0.8975,0
2.25,1.8775,1.5,1.78,7
1.5,1.6125,1.25,1.67,2
1,1.09,2.5,1.655,3
1,0.7875,2,1.32,2
0.75,0.7,1,0.55,0
1.5,1.985,1.5,1.235,2
2.25,1.7,1.25,1.205,2
1.75,1.135,2.25,1.5425,3
2.25,1.4875,2.5,2.1725,2
3,2.7175,1.5,1.055,2
1.5,1.005,0.5,0.785,0
0.75,1.085,1.75,1.3975,0
1.25,0.65,2.75,2.315,2
1.25,0.9475,0.75,0.925,1
0.5,0.34,1.25,0.76,2
1,1.07,1.25,0.8900000000000001,0
1.5,0.9625,0.75,0.7649999999999999,4
1.5,2.0025,1.5,1.59,1
1.5,1.0675,3.5,2.2575,1
2.25,1.9375,0.75,0.8175,1
4,2.6925,1,1.105,4
0.25,0.555,2,1.225,0
1.75,1.4925,0.5,0.55,1
0.75,1.3575,3.5,2.5975,4
1.5,1.06,1.25,0.9450000000000001,1
2,1.01,1.5,1.6975,3
1,1.1875,1.5,1.555,4
0.75,1.0425,2,1.5025,0
1.5,0.7975,2.5,2.6925,2
1.5,1.245,2.25,2.015,3
0.25,0.48,1,1.1775,1
3.5,3.5725,1.5,1.035,4
1.75,1.6775,2.75,2.115,0
0.5,0.4450000000000001,1.5,1.68,0
0.75,0.92,0.25,0.6225000000000001,1
1.5,1.5575,1,0.64,1
1.75,1.41,0.5,0.9000000000000001,2
0.5,0.8825,1,1.0125,1
0.5,0.575,1.5,1.1075,1
1,1.065,2.75,1.7275,2
2,1.4075,0.5,0.8500000000000001,1
1.25,1.155,3.25,2.1075,3
1.5,1.4475,3.5,2.285,5
2,1.6975,1.25,1.4225,1
1.75,1.37,0.75,0.535,3
0.5,0.8125,1.5,1.26,2
4.5,2.61,0.5,1.235,4
2.75,1.4975,0.75,0.8875,0
1,1.2775,1.5,1.65,5
2.75,2.5225,1,1.335,6
0.75,1.085,1.25,1.065,0
0.75,1.3225,0.75,1.275,1
1.25,0.9450000000000001,1.75,2.195,1
2.25,2.96,1.75,0.885,0
1.5,1.985,1.75,1.0325,1
1.5,1.075,2,2.5375,0
1.25,1.3925,1,1.1075,1
1.25,1.345,1.75,1.4825,3
2,1.25,0,1.1075,2
0,0.46,1.25,0.8149999999999999,1
0.25,0.6224999999999999,0.75,1.155,3
0.25,1.28,0.5,0.8275,0
0.5,0.9375,2,1.845,4
1,0.8899999999999999,1,1.275,4
0.5,0.785,1.25,0.8700000000000001,0
1.25,1.14,0.75,0.8274999999999999,0
2,1.4425,0.75,1.4475,2
1.5,1.5775,1,1.6125,4
1.75,1.3375,1.5,1.21,3
1.25,1.21,1,0.9675,2
1.25,1.49,3,2.1975,2
1.25,0.9675,1.75,2.3575,0
0.75,0.9650000000000001,0.25,0.8075,0
1.75,1.055,1,1.435,4
4,2.4925,1,1.2475,3
1.5,1.6725,3.25,1.7,3
2.25,1.97,1.5,1.4675,3
1.5,3.0425,1.75,2.435,2
1.5,1.2525,1.75,1.8075,0
1.5,1.8425,0.5,1.06,1
1.75,1.39,0.75,0.6425000000000001,1
0.75,0.9849999999999999,3.25,2.1525,0
1.25,1.485,0.5,0.8775000000000001,1
0.5,0.7375,1.75,1.8825,0
0.75,1.3425,1,1.085,1
0.75,1.0125,0.25,0.7575000000000001,0
2.75,2.0625,1.25,1.405,3
0.25,0.7025,1.5,0.96,2
0.75,1.0275,1.25,1.6025,1
3,1.94,1.25,1.6425,2
4.25,2.4675,0.75,0.8650000000000001,4
3.25,2.585,3,2.445,2
1.25,1.7375,2.75,2.3775,4
1,1.105,2,2.2725,1
1.5,2.84,3.25,1.7375,3
3.25,1.5275,0.5,1.0325,0
2,1.175,0.75,1.8175,1
1,1.56,2,1.3875,1
0.75,1.0975,1.75,1.7475,1
1,0.8925,1.25,1.365,1
1.5,1.5975,0.25,0.6375000000000001,0
0.5,1.3875,0,0.82,2
1.75,1.385,2,1.2725,2
1.5,1.41,0.5,0.5499999999999999,2
0,0.635,1.75,2.015,2
0.75,1.14,1.5,1.36,2
1.25,1.5975,2.5,1.2375,1
0.5,1.065,1.75,1.6925,1
2.25,1.3675,1.5,1.6075,2
3.75,1.845,0.5,1.0375,3
1.5,1.68,0.5,0.905,0
0.75,1.08,0.75,1.415,1
2,2.785,1.5,1.0775,2
0.75,0.8725000000000001,1.75,1.825,1
2.25,1.555,1.5,1.93,3
2,1.3425,2,1.42,3
2.5,1.8475,1.75,1.925,2
2,2.0925,3.75,2.7875,3
1.75,1.8225,1,0.845,1
1.5,1.115,1.5,0.8525000000000001,4
1,1.2725,0.5,0.5475,0
0.75,1.19,1.5,1.5875,2
1,0.8674999999999999,0.75,0.9024999999999999,0
0.5,1.1,1,0.8100000000000001,3
0.5,1.1225,1,1.27,0
0.75,0.8499999999999999,1.25,1.5825,0
0.5,0.9975000000000001,0.5,1.1725,1
0.75,0.6575,2.25,1.0325,5
1.25,1.385,2,1.84,1
0.75,0.72,2,1.3875,1
1.75,1.765,1.75,1.435,3
1,0.6725,1,1.3775,2
1.5,0.8025,0.25,0.8525,0
1.5,1.385,1.75,1.48,2
1.5,1.5625,3,2.04,2
2,1.5,2,1.765,2
2.75,1.595,0.25,0.7949999999999999,1
0.5,0.7925,1.25,0.8099999999999999,1
1.75,1.2275,2.25,1.715,0
2,1.9825,1.25,1.4225,2
1.75,1.405,1.5,1.3525,2
2,1.345,1.75,1.0925,2
1,1.1875,1,0.9199999999999999,0
0.25,1.145,1.25,1.2325,3
2,1.9225,0.5,1,1
2.5,1.3525,0.75,0.8774999999999999,3
0.75,0.9175,2.5,1.405,1
1.75,1.6125,2,1.7275,2
1.5,0.9349999999999999,1.75,1.48,2
1.75,1.6625,1.25,0.9425,0
1.5,2.21,1.25,1.7575,5
1,1.0825,2,1.7975,1
1.5,1.3775,1.25,1.8625,2
1.75,1.9025,1.75,1.485,0
1,0.7725,0.25,1.2,0
0.75,0.8125,1.5,1.6175,1
1.5,1.405,1,1.1325,0
0.5,0.8425,1.75,1.23,0
1.75,1.3025,1.75,1.665,0
1.25,1.4825,1.75,2.025,0
2.5,1.58,0.75,1.0225,2
2,1.87,2,1.465,1
1.5,1.1225,0.5,0.8525,1
1.25,1.5925,2.25,1.9375,0
0.75,1.4375,1.5,1.3275,2
2,2.7425,1.75,1.245,4
1.75,1.25,2.25,1.8325,0
0.25,0.9550000000000001,1.5,1.45,0
0.25,0.5700000000000001,1.5,2.06,2
0.75,1.51,1.75,1.8475,3
1.75,1.1275,1.25,0.8825000000000001,4
1.5,1.6025,1.25,1.7875,1
1,0.9525,0.75,1.355,0
1,1.005,0.25,0.955,1
2,2.4625,0.75,0.9550000000000001,0
1,1.1,2,1.9025,0
0.75,0.9550000000000001,1.25,1.6925,1
1,1.4225,0.25,0.9475,2
0.75,1.2925,1.75,1.2,2
0.75,1.53,0.75,0.4950000000000001,1
0.75,1.1625,1,1.84,3
0.75,0.635,1.25,1.525,1
2.75,4.415,0.5,1.39,3
1,1.805,0.75,0.51,2
0.75,0.8574999999999999,2.25,2.42,1
1.5,1.28,1.25,1.4925,2
0.5,1.0225,1.5,1.3675,0
0.5,1.11,1,1.53,1
1,0.97,2,2.62,6
1.75,2.17,0.75,2.115,0
2,1.4725,0.25,0.6899999999999999,0
0.75,1.2025,1.25,1.18,1
0.25,0.9375000000000001,1.5,1.4525,0
0.75,1.665,3.25,2.04,1
1,0.9275,0.25,0.77,1
0.75,1.19,0,0.7350000000000001,2
1.75,1.29,0.5,0.855,3
0.75,1.385,0.25,0.6274999999999999,2
1.25,0.975,2.25,1.3075,0
1,1.245,1.5,1.1175,1
1,1,1,1.2825,2
0.75,1.1025,1.25,1.345,2
0.5,0.8849999999999999,1,1.12,2
1.75,2.2875,2.5,2.495,7
1.25,0.9550000000000001,1,1.5775,1
2.5,1.7225,0.5,0.76,0
2,1.475,1.25,1.4425,1
1.75,2.045,1,1.075,1
1,1.81,1.5,1.4575,2
1.25,1.5575,1.75,2.1075,1
0.25,0.7875000000000001,1.75,1.395,0
1.25,1.6125,2,1,4
1.25,1.1125,1,1.1675,3
1,1.3275,2.75,2.61,3
1.75,0.9850000000000001,1,1.28,1
3.75,2.3975,1,1.2675,2
2,1.335,3,2.1475,3
1.25,1.115,3,1.5475,5
1,1.135,1.75,1.03,5
2.5,1.315,1,1.5625,2
1,0.905,1.25,1.8,2
0.75,1.1975,1.25,1.5325,2
1,1.725,1.75,1.4675,0
1,0.8325,0.75,0.7,1
2,1.7525,1,1.2575,2
1.75,2.005,2,2.365,1
0.75,1.1975,0.75,0.9500000000000001,1
1,1.1675,2.5,2.5425,0
2,1.9225,1.25,1.4025,1
0.25,0.8274999999999999,0.25,0.6175,0
1.75,1.0175,1,1.6225,0
3.25,2.39,2.5,1.3075,5
1.25,1.4625,0.25,0.6450000000000001,1
3,1.64,0.75,0.91,0
1.75,1.45,2,1.065,2
1,1.0725,1.75,1.49,3
1,1.265,2.75,2.105,0
0.75,1.5325,1.25,1.4275,3
0.75,1.1,1.5,1.2925,1
2,1.28,0.5,0.65,0
1.75,1.1925,3.75,2.0075,1
0.25,0.835,2,1.6975,1
2.5,1.7175,2.25,2.38,3
1.5,1.4975,1.25,1.9225,2
1.25,0.915,1.75,0.8500000000000001,1
1.25,0.7525000000000001,1.5,1.3875,3
0.75,1.4925,1.75,1.2025,3
0.75,0.3975,2,1.545,1
0.5,0.7274999999999999,1.75,1.245,0
1.5,1.6125,1,1.5275,2
3.75,2.605,1,1.3925,4
0.25,0.5,1.25,1.96,0
1.25,1.5875,0.25,0.9874999999999999,6
1.75,1.71,0.25,0.7350000000000001,1
0.25,0.725,1,0.675,2
1.5,1.6925,2.25,2.115,2
1.25,2.155,0,0.3425,2
1.25,0.8025,2.25,1.8175,0
1,0.7050000000000001,1.5,1.315,1
1.5,1.6925,1.75,1.1925,1
0.75,1.1375,1.75,1.1875,3
0.5,0.4525,1,0.6325,1
0.5,0.9475,2.75,1.8575,0
1.5,1.365,1.25,1.04,1
2.25,1.27,1.75,1.225,4
2,1.475,1.75,1.985,0
0.5,0.4675,0.5,0.6325000000000001,1
1.25,0.8,2.5,2.3475,1
0.75,1.1725,1.75,1.585,0
1.5,1.77,1,0.7150000000000001,2
0,0.8925000000000001,1,1.165,1
0.25,1.015,1.5,0.8049999999999999,2
3,2.1025,0.25,0.6075,3
0.25,0.4875,0.75,1.59,1
2.25,1.92,0.5,0.6025,1
1.5,1.04,1.25,1.495,2
2,1.7525,1.25,1.09,2
1,1.0775,0.75,1.525,2
1.75,0.915,1.25,0.8775000000000001,2
0.5,0.9675,0.75,0.86,1
1.75,1.815,0.75,1.005,0
1.75,1.48,1.75,1.89,0
0.5,0.84,0.5,0.7175,0
0.75,0.875,0.75,0.7825000000000001,2
2.75,1.7075,1.25,1.3275,3
0.75,0.845,1,1.035,0
0.75,0.8074999999999999,1.75,1.325,2
0.75,0.965,1.75,1.05,1
0.5,0.99,1.25,1.26,2
0.25,1.01,1.25,1.6825,1
1.75,1.0575,2.25,1.8625,3
1,0.9675,1.25,1.045,1
1.25,1.1175,0.5,1.465,3
0.5,1.165,1.75,1.2475,2
2.5,1.84,1,1.35,2
0.75,1.1775,0.75,0.875,2
1,1.07,1.75,1.245,0
2.25,2.11,1.5,1.1775,6
2,1.0725,0.75,1.715,1
0.75,0.8775000000000001,1.5,1.18,0
0.75,1.145,1.25,1.02,1
1,1.2275,0.25,0.7599999999999999,2
1,1.13,2,1.6575,0
1,1.22,0.5,1.1575,0
1,1.225,1.25,1.0025,0
0,0.46,1,0.8725000000000001,1
2,1.41,1.75,0.975,1
1.5,1.3,0.75,0.6224999999999999,0
0.5,1.07,1,1.3025,3
0.75,0.735,1.5,1.0075,2
0.75,1.0625,1.5,1.2175,4
1.75,0.9099999999999999,1.25,1.3675,2
1.75,1.915,1,0.5775,3
1.25,1.6175,2,2.3175,2
3.5,2.8025,0.75,1.035,1
1,1.0025,1.75,1.67,5
2,1.2575,1.25,1.0725,1
1,1.2325,1.25,1.81,1
1.5,1.0625,0.25,0.825,0
0.75,1.745,1.25,1.8625,2
2.25,2.3875,0.25,1.08,2
0.5,0.9525,1,1.105,0
0.75,1.14,1,1.425,1
1.5,1.935,1.5,0.8575,2
0.5,1.085,1.5,1.4825,0
1.5,1.375,0.75,1.5,3
0.5,1.2825,1.25,1.06,1
0.75,0.805,1.25,1.325,1
1.75,1.5025,2.5,1.67,0
1.25,1.245,1,1.87,2
1.25,0.8624999999999999,1.25,1.005,2
0,0.6225000000000001,1.25,1.2025,0
1.5,1.75,1,0.805,1
3,3.01,1.75,1.3225,1
1.75,1.96,0.75,1.37,3
1,0.8500000000000001,3.25,2.5825,1
1.25,1.535,1.25,1.6075,1
1.75,1.2975,1.75,2.54,1
0.75,0.8574999999999999,1.25,1.16,0
0.25,0.6475,1,0.91,0
1.75,1.75,1,1.115,1
0.75,0.9399999999999999,0.75,0.8800000000000001,0
1,0.9824999999999999,0,0.575,2
0.25,0.8,0.5,1.1425,0
1.25,1.075,0,0.705,0
1.75,1.82,1.25,1.0375,1
1.5,1.325,2,1.71,2
0.5,0.7725,2,1.995,1
2.25,2.1925,2,1.1975,3
1.25,0.86,1,2.03,4
1.75,2.49,1.25,1.4625,2
1,1.8575,1,0.8700000000000001,0
1,0.6850000000000001,2.25,1.69,1
2,1.0275,1,1.1275,0
1.5,1.64,1.5,2.495,2
1,1.4225,1.5,1.805,2
0.75,1.59,0.75,0.82,1
0.75,1.5675,0.5,0.49,1
1.25,1.145,0.25,0.5775,2
1,1.625,1.5,1.7325,1
2.25,1.86,1.25,1.145,1
1,0.8325,0.75,1.49,0
1,1.345,0.75,1.1725,0
0.25,0.7075,0.5,0.9574999999999999,0
2.75,2.6425,1,1.3575,2
0.75,1.175,1.25,1.1075,0
2.5,2.295,1,1.025,5
1,1.57,1.25,1.36,3
1,1.845,1,0.9875,0
1.25,0.95,1.75,1.645,1
1.25,1.235,1.25,0.7575,0
2,1.195,1.75,1.2175,3
0.75,1.035,1,1.6625,2
1.5,1.115,1.75,1.385,3
1.75,1.7925,2,2.45,6
0.75,1.535,1.75,1.33,2
1.25,1.1975,1.5,1.55,4
2.25,1.5075,1.75,2.165,5
0.25,1.145,2,1.5475,1
1,1.2475,0.5,1.3275,0
1.75,1.705,0.5,1.405,1
0.75,1.375,1.25,1.1675,3
2.5,2.455,1.5,1.4875,2
0.75,0.8775000000000001,1.5,1.51,4
0.5,1.265,0.5,0.8625,2
1.25,1.25,0.5,1.4525,0
0.5,1.135,2.25,2.0975,2
3.75,2.4975,1.5,1.3025,1
