Cofs
3.99
3.55
1.96
2.31
3.65
2.98
1.46
5.09
6.30
1.21
7.54
11.99
7.70
5.26
1.38
1.78
3.80
4.67
1.90
3.48
4.43
1.59
4.35
5.56
1.65
4.26
4.97
4.72
3.92
1.73
1.74
4.01
4.64
2.34
3.28
3.25
1.78
3.68
4.86
1.47
4.58
6.90
1.71
4.03
4.86
1.69
3.85
5.28
1.57
4.08
6.25
1.31
6.02
8.90
5.37
4.59
1.58
4.97
4.31
1.65
1.83
3.83
4.28
3.07
3.33
2.40
2.75
3.50
2.56
2.84
3.37
2.53
2.11
3.30
3.79
1.90
3.61
4.24
2.35
3.21
3.27
1.16
8.70
16.36
2.02
3.38
3.98
10.15
6.18
1.28
1.10
10.88
24.76
4.60
3.79
1.79
1.93
3.44
4.30
1.52
4.30
6.65
1.90
3.60
4.24
1.22
6.68
13.77
3.24
3.25
2.35
2.41
3.14
3.29
1.29
6.03
10.31
2.50
3.19
3.09
2.94
2.79
2.91
6.46
4.72
1.49
1.52
4.17
7.14
1.99
3.29
4.29
2.67
3.13
2.91
4.44
4.00
1.77
2.35
3.29
3.23
2.31
3.13
3.51
1.34
5.36
9.54
8.16
5.22
1.38
2.29
3.14
3.53
1.29
6.43
9.48
6.50
4.40
1.51
2.18
3.09
3.87
2.32
3.28
3.27
1.54
4.13
6.71
1.41
4.83
8.02
3.10
3.33
2.40
1.21
6.87
15.38
2.54
3.23
2.96
1.85
3.53
4.67
6.32
4.63
1.50
1.85
3.64
4.44
2.50
2.99
3.31
1.88
3.42
4.71
1.70
3.65
5.64
1.89
3.48
4.53
1.99
3.47
4.05
1.63
3.95
5.75
7.54
5.18
1.41
3.51
3.51
2.13
1.39
4.91
8.49
3.29
3.01
2.48
2.09
3.18
4.06
2.25
3.14
3.63
1.86
3.71
4.29
3.88
3.37
2.06
3.12
3.09
2.52
4.90
3.94
1.72
1.95
3.63
4.05
1.75
3.62
5.26
3.69
3.33
2.13
9.29
5.78
1.32
2.31
3.12
3.55
1.98
3.24
4.49
1.69
3.72
5.59
1.98
3.36
4.24
2.09
3.25
3.98
1.31
5.60
10.47
1.08
12.51
29.53
4.53
3.51
1.87
1.38
4.99
8.79
2.79
3.16
2.74
3.19
3.03
2.52
1.58
3.74
7.12
2.14
3.23
3.76
1.89
3.28
4.89
2.05
3.33
3.96
1.08
13.89
27.12
5.11
3.81
1.73
1.50
4.17
7.36
2.94
3.18
2.61
2.16
3.22
3.72
3.42
3.12
2.33
1.96
3.31
4.38
2.72
3.16
2.80
1.69
3.76
5.56
9.57
5.39
1.33
1.66
3.86
5.54
1.74
3.55
5.37
1.25
6.61
10.75
1.59
4.11
5.95
1.99
3.25
4.32
2.35
3.29
3.21
1.99
3.43
4.03
2.44
3.07
3.26
1.59
3.68
6.97
1.65
3.76
5.86
4.79
3.58
1.81
3.09
3.11
2.51
2.56
3.22
2.93
1.60
4.04
6.04
4.35
3.55
1.89
2.21
3.26
3.56
2.65
2.98
3.05
2.62
3.09
2.99
2.59
3.11
3.00
1.73
3.55
5.50
2.53
3.24
2.98
1.05
15.67
40.94
1.34
5.50
9.04
1.41
4.83
7.74
1.89
3.30
4.73
1.87
3.44
4.61
3.07
3.24
2.44
1.51
3.93
7.84
2.79
3.25
2.64
2.08
3.25
3.91
3.33
3.22
2.31
16.89
7.39
1.17
3.87
3.55
1.99
2.49
3.57
2.77
2.98
2.97
2.69
1.79
3.46
5.03
1.82
3.48
4.84
3.18
3.11
2.45
2.86
3.02
2.75
2.04
3.11
4.28
19.50
8.00
1.15
1.27
5.99
10.99
1.97
3.69
3.84
3.62
3.46
2.10
2.22
3.23
3.50
1.91
3.27
4.67
2.65
3.06
2.90
2.97
3.24
2.51
2.01
3.29
4.09
2.02
3.27
4.12
1.13
9.11
22.30
2.74
3.38
2.60
5.55
4.41
1.57
1.33
5.49
8.86
1.78
3.60
4.98
2.69
3.09
2.86
1.83
3.35
5.12
2.14
3.32
3.67
2.16
3.44
3.45
2.69
3.06
2.91
2.25
3.00
3.76
4.69
3.55
1.82
1.05
16.49
40.19
3.70
3.01
2.27
1.90
3.29
4.68
3.62
3.56
2.07
2.32
3.17
3.37
2.45
3.36
2.97
2.74
3.00
2.91
1.74
3.84
4.84
1.75
3.52
5.43
1.33
5.55
9.44
9.67
5.66
1.31
1.42
4.65
8.24
2.14
3.27
3.73
2.25
3.08
3.61
1.93
3.51
4.18
2.78
3.14
2.74
1.56
3.99
6.67
2.90
3.05
2.71
3.94
3.45
2.01
2.63
3.25
2.85
2.94
2.94
2.77
2.00
3.33
4.11
2.17
3.06
3.93
1.92
3.49
4.30
2.76
3.32
2.63
1.41
4.77
7.96
2.81
3.16
2.70
1.28
5.78
11.40
1.07
13.29
33.59
4.12
3.72
1.88
2.26
3.54
3.18
2.12
3.39
3.65
1.93
3.17
4.82
2.39
3.12
3.31
2.29
3.23
3.39
1.47
4.17
8.14
2.23
3.24
3.51
2.56
3.15
2.98
14.10
6.94
1.21
4.72
3.82
1.76
1.40
4.87
8.19
2.17
3.21
3.75
5.13
3.97
1.69
2.70
2.94
3.02
2.22
3.31
3.45
3.79
3.22
2.15
1.30
5.52
11.33
2.30
3.10
3.53
1.12
10.32
22.92
1.65
3.84
5.69
3.37
3.32
2.26
4.33
3.80
1.82
2.20
3.06
3.82
1.99
3.31
4.26
1.48
4.71
6.59
1.49
4.40
6.92
2.03
3.08
4.48
2.46
3.18
3.12
18.48
8.87
1.15
3.24
3.25
2.35
1.04
18.07
48.26
2.13
3.19
3.89
2.88
3.03
2.75
1.32
5.60
9.65
5.93
4.41
1.54
3.63
3.41
2.11
2.73
3.11
2.85
1.79
3.52
5.09
2.41
3.15
3.25
2.02
3.48
3.87
7.14
5.41
1.40
1.42
4.88
7.66
3.04
3.57
2.32
2.23
3.20
3.59
2.82
3.03
2.82
1.96
3.21
4.63
3.43
3.25
2.28
3.38
3.27
2.27
2.71
2.88
3.08
1.94
3.48
4.22
2.88
3.12
2.66
2.27
3.46
3.28
1.55
4.18
6.44
2.62
3.14
2.94
1.83
3.56
4.67
2.28
3.35
3.28
2.14
3.22
3.77
1.82
3.46
4.90
1.12
9.97
22.11
5.93
4.05
1.61
2.21
3.22
3.63
3.50
3.46
2.16
1.55
4.12
6.65
3.09
3.27
2.44
1.94
3.51
4.21
1.43
4.92
7.45
1.70
3.46
6.24
1.98
3.14
4.68
2.81
3.33
2.61
10.79
6.31
1.28
3.32
3.21
2.34
3.26
3.50
2.25
2.38
3.11
3.35
1.17
8.35
15.18
1.70
3.63
5.67
2.69
3.12
2.86
1.89
3.31
4.74
2.03
3.14
4.33
2.93
3.26
2.54
2.55
3.46
2.79
1.15
9.17
17.84
8.35
5.75
1.34
6.12
4.31
1.55
1.72
3.78
5.10
5.99
3.83
1.63
2.00
3.33
4.15
2.70
3.26
2.74
2.25
3.15
3.60
2.16
3.25
3.71
1.38
5.01
8.22
2.15
3.16
3.89
4.15
3.60
1.93
2.71
3.16
2.84
1.65
3.74
5.85
1.66
3.82
5.53
1.62
3.91
6.09
2.44
3.11
3.24
2.12
3.41
3.62
1.86
3.28
5.13
20.16
8.66
1.14
1.97
4.10
3.53
2.41
3.72
2.89
3.26
3.71
2.19
3.66
3.49
2.15
2.17
3.41
3.53
1.87
3.47
4.63
1.61
3.83
6.39
1.88
3.41
4.70
1.15
8.91
17.30
1.33
5.48
9.42
1.55
4.15
6.58
2.59
3.05
3.10
2.27
3.18
3.35
1.69
3.82
5.37
1.95
3.26
4.55
1.33
5.57
9.18
2.13
3.33
3.72
14.28
6.43
1.23
4.77
4.20
1.71
1.79
3.52
5.02
1.17
8.79
15.42
1.55
4.07
6.77
2.37
3.39
3.12
3.50
3.47
2.15
2.74
3.16
2.81
2.06
3.38
3.89
1.99
3.24
4.43
2.98
3.16
2.56
1.26
6.31
11.76
3.11
3.19
2.48
1.57
4.30
5.92
1.41
4.95
7.79
2.12
3.17
3.94
1.88
3.47
4.58
2.22
3.12
3.78
2.01
3.39
4.06
2.89
3.23
2.61
4.61
3.94
1.76
28.98
10.98
1.11
2.78
3.29
2.67
1.60
4.35
5.57
2.13
3.31
3.76
1.78
3.77
4.86
3.17
3.14
2.51
1.41
5.10
8.13
1.81
3.70
4.77
2.57
3.20
2.96
2.28
3.23
3.46
3.62
3.42
2.20
1.09
13.64
29.12
1.08
11.66
31.60
1.68
3.77
5.61
1.75
3.74
5.07
1.98
3.40
4.16
1.88
3.50
4.50
1.74
3.77
4.99
1.62
3.75
6.43
2.54
3.19
3.00
1.68
4.00
5.12
8.87
5.45
1.35
12.91
6.23
1.24
6.52
4.41
1.50
3.63
3.50
2.09
3.09
3.06
2.53
1.40
4.70
8.16
3.00
3.07
2.58
2.33
3.13
3.41
3.06
3.23
2.45
3.65
3.54
2.03
1.50
4.23
6.98
1.29
5.63
10.90
2.46
3.08
3.23
2.12
3.23
3.87
1.34
5.38
9.22
2.99
3.26
2.49
1.82
3.57
4.74
2.40
3.14
3.27
2.92
3.14
2.62
1.09
11.57
31.75
1.30
5.57
10.91