2.7,2.694166666666667,0.5,0.6881666666666666,1.6,17.1,2
1.5,2.360666666666667,2,2.248833333333333,0.802,3.98,2
1.616666666666667,2.102833333333333,1.483333333333333,1.031666666666667,5.87,1.63,1
1.816666666666667,0.8836666666666666,1.766666666666667,2.170833333333333,1.21,2.55,0
2.066666666666666,1.5375,1.6,2.573166666666667,3.03,2.47,2
1.166666666666667,1.302833333333333,1.6,1.608166666666667,2.55,3.26,2
1.7,1.446166666666667,3.6,2.200166666666667,1.63,1.9,1
0.7333333333333334,1.145166666666667,0,0.6553333333333333,17.1,2.23,0
0.5,0.9776666666666667,2.366666666666667,1.327833333333333,8.91,3.03,1
1,1.496833333333333,1.6,1.286,6.41,0.802,2
2.7,1.805666666666667,1.2,1.782166666666667,3.33,5.93,1
0,0.8588333333333333,1.866666666666667,1.556666666666667,2.47,1.6,2
1.7,1.7475,1.283333333333333,0.6953333333333334,5.87,1.21,0
1.766666666666667,1.388166666666667,0.7,1.473166666666667,3.98,2.14,1
1.233333333333333,1.3715,0,0.6333333333333333,17.1,1.63,0
1.133333333333333,1.4795,1,1.975833333333333,2.14,1.21,1
1.416666666666667,2.0615,2.733333333333333,2.211666666666667,2.23,3.98,3
1.966666666666667,1.280333333333333,1.65,1.516333333333333,1.9,5.87,2
1.45,1.729833333333333,2.4,2.233333333333333,3.26,6.41,3
0.8333333333333333,1.775,2.416666666666667,2.663166666666667,1.6,8.91,1
2.15,1.443833333333333,1.733333333333333,2.2505,5.93,2.55,0
2.15,2.663333333333333,0.9166666666666666,1.482166666666667,3.03,3.33,1
3.066666666666666,1.857166666666667,2.666666666666667,2.26,0.802,2.47,1
1.666666666666667,1.168333333333333,4.433333333333334,2.180666666666667,1.63,1.6,1
2.816666666666666,1.630166666666667,2.816666666666666,2.055833333333333,2.47,3.26,5
1.433333333333333,1.521666666666667,1.533333333333333,1.156666666666667,1.21,1.9,0
2.416666666666667,2.039166666666667,1.433333333333333,1.835833333333333,3.33,0.802,0
1.083333333333333,1.771166666666667,1.916666666666667,1.363666666666667,2.55,3.03,0
0.2,0.7211666666666667,2.233333333333333,1.492666666666667,8.91,2.23,1
2.433333333333334,1.227333333333333,2.166666666666667,1.320666666666667,6.41,5.93,0
1.733333333333333,1.269166666666667,0.95,0.8968333333333334,5.87,2.14,0
5.633333333333333,3.7135,0.5833333333333333,1.151166666666667,3.98,17.1,0
1.533333333333333,1.886166666666667,1.2,1.642833333333333,5.93,1.21,0
0.45,0.626,2.083333333333333,3.009666666666666,2.14,1.63,2
3.483333333333333,2.347666666666667,2.2,2.191,2.23,2.47,0
2.816666666666666,2.934666666666667,3.75,2.875833333333333,3.26,5.87,4
2,1.679333333333333,2.233333333333333,2.121,3.03,6.41,0
0.5333333333333333,1.518666666666667,0,0.599,17.1,8.91,1
1.333333333333333,2.2955,0.45,1.375666666666667,3.98,3.33,1
0.5833333333333333,1.195666666666667,1.483333333333333,1.850666666666667,1.6,1.9,1
2.25,2.186833333333333,1.733333333333333,1.624666666666667,0.802,2.55,1
0.8333333333333333,1.021333333333333,2.4,1.731,2.55,2.23,2
2.65,2.029333333333333,1.2,1.559333333333333,1.21,0.802,0
1.233333333333333,0.8123333333333334,1.95,2.078333333333333,3.33,1.6,4
1.2,1.62,1.65,1.271,6.41,2.14,0
3.3,2.885,3.316666666666666,2.422333333333333,2.47,17.1,4
1.2,1.275,1.366666666666667,1.545666666666667,1.9,5.93,0
2.816666666666666,2.114333333333333,2.533333333333333,1.601333333333333,1.63,3.26,0
0.95,1.671,0.25,1.3865,5.87,3.03,0
2.45,2.183666666666666,2.033333333333333,2.064333333333333,8.91,3.98,0
2.283333333333333,1.503666666666667,0.3333333333333333,0.5858333333333333,17.1,3.33,0
3.483333333333333,3.182,1.25,1.42,5.93,5.87,2
1.2,1.083666666666667,0.8333333333333333,1.768666666666667,3.98,2.47,3
1.533333333333333,1.726166666666667,1.616666666666667,2.811333333333333,2.14,1.9,2
0.85,1.762333333333333,0.6,1.025666666666667,2.23,6.41,3
1.033333333333333,2.024333333333333,2.283333333333333,1.627,0.802,8.91,2
1.083333333333333,1.2875,2.033333333333333,1.380166666666667,1.6,2.55,2
1.666666666666667,1.005833333333333,1.95,2.057833333333333,3.03,1.63,0
2.2,1.828,3.933333333333334,2.344,3.26,1.21,1
1,1.302666666666667,1.4,1.614666666666667,1.9,3.26,4
1.25,1.959333333333333,0.25,1.122833333333333,1.21,3.03,1
1.25,1.613166666666667,1.866666666666667,1.4955,5.93,2.14,1
2.033333333333333,1.200666666666667,0.75,0.8516666666666667,6.41,1.6,1
3.833333333333333,2.955,1.916666666666667,1.576833333333333,2.55,17.1,1
1.75,1.269833333333333,1.45,1.963166666666667,1.63,0.802,0
1.616666666666667,1.173333333333333,4.083333333333333,2.230666666666667,3.33,2.23,3
1.25,1.055,1.5,1.277333333333333,5.87,3.98,0
1.583333333333333,2.279,3.083333333333333,2.216,2.47,8.91,0
2.95,1.89,2.066666666666666,1.858833333333334,8.91,3.33,0
0.8666666666666667,0.5626666666666666,1.95,2.125,3.98,2.55,2
2.466666666666667,2.2825,3,1.95,2.23,5.87,3
3.2,1.627833333333333,2.133333333333333,2.139166666666667,3.26,5.93,4
1.866666666666667,1.677,3.616666666666667,3.481,0.802,1.9,1
2.583333333333333,2.634666666666666,4.116666666666667,1.938666666666667,1.6,1.21,2
3.5,2.5835,0.2,0.833,17.1,6.41,0
1.366666666666667,1.932166666666667,2,2.351833333333333,3.03,2.14,1
2.9,3.117833333333333,1.533333333333333,1.5665,2.47,1.63,2
3.916666666666667,3.134,3.3,2.177833333333334,3.33,2.47,2
1.2,1.982666666666667,2.483333333333333,2.062166666666667,2.55,8.91,0
2.15,1.856333333333333,3,3.0015,1.63,2.23,3
2.633333333333333,2.250166666666666,0.8333333333333333,1.257333333333333,1.21,17.1,4
1.883333333333333,1.456166666666667,1.233333333333333,1.654833333333333,5.93,1.6,2
1.833333333333333,2.138833333333333,2.333333333333333,2.3635,1.9,3.03,0
1.333333333333333,1.709,2.833333333333333,2.1215,2.14,3.26,1
1.75,1.274333333333333,1.083333333333333,1.044666666666667,6.41,3.98,1
1,1.324,1.25,1.421333333333333,5.87,0.802,1
1.616666666666667,1.7045,4.1,2.519,2.23,1.21,0
1.5,1.417666666666666,1.083333333333333,1.9975,3.03,3.26,1
1.483333333333333,1.8855,2.816666666666666,1.744,1.6,2.14,0
0.9833333333333334,1.536333333333333,0,0.616,17.1,1.9,0
1.566666666666667,1.012333333333333,2.366666666666667,2.4575,2.47,2.55,4
2.15,2.8985,1.4,1.129666666666667,8.91,5.87,2
3.166666666666667,2.755,2.016666666666667,1.748833333333333,3.98,1.63,1
2.35,1.704,2.883333333333333,2.612166666666667,3.33,6.41,1
3.433333333333334,1.785666666666667,2.233333333333333,3.407333333333334,0.802,5.93,2
2.783333333333333,2.8555,1.633333333333333,1.272833333333333,2.14,17.1,2
3.083333333333333,2.001166666666666,2.783333333333333,1.9315,1.21,3.98,1
1.25,1.479,4.25,2.673833333333334,1.63,8.91,1
0.7,1.124833333333333,1.366666666666667,1.665,5.93,3.03,0
4.316666666666666,3.5815,0.7833333333333333,1.034166666666667,6.41,2.47,1
1.083333333333333,1.551333333333333,1.533333333333333,1.395,3.26,0.802,0
1.116666666666667,1.1375,1.583333333333333,1.525333333333333,5.87,1.6,1
1.8,1.78,2.95,2.4955,2.55,3.33,5
2.85,1.965333333333333,2.05,2.680333333333333,1.9,2.23,2
2.866666666666667,2.153333333333333,1.616666666666667,1.219333333333333,5.87,17.1,1
0.7833333333333333,1.461,1.65,1.1385,2.14,0.802,0
3.333333333333333,3.016833333333333,1.866666666666667,2.159333333333334,1.9,2.47,1
2.683333333333333,2.436,1.05,1.289166666666667,3.26,3.98,1
1.2,0.903,0.5333333333333333,1.787333333333333,3.03,1.6,2
2.616666666666667,1.927666666666667,0.8333333333333333,1.576,5.93,2.23,0
1.366666666666667,1.259333333333333,0.95,1.356666666666667,6.41,8.91,0
1.983333333333333,1.512333333333333,3.583333333333333,2.141,1.63,2.55,0
3.25,2.834166666666667,2.366666666666667,2.329666666666667,1.21,3.33,1
3.033333333333333,1.993333333333333,1.766666666666667,1.9725,2.23,2.14,1
3.366666666666667,2.258166666666667,3.933333333333334,3.060166666666666,2.47,5.87,1
1.2,2.0395,2.333333333333333,1.323833333333333,17.1,5.93,1
2.666666666666667,2.3295,1.116666666666667,1.637833333333333,3.98,1.9,0
2.166666666666667,1.978833333333333,1.366666666666667,1.4595,8.91,1.21,1
0.45,1.511666666666667,0.8666666666666667,0.8386666666666667,1.6,3.26,0
0,0.9706666666666668,3.2,2.628166666666667,0.802,3.03,3
0.7833333333333333,1.203666666666667,3.666666666666667,2.483,2.55,6.41,1
2.516666666666667,1.6575,2.15,2.462666666666667,3.33,1.63,2
1.883333333333333,2.027333333333333,0.7,1.121166666666667,5.93,3.98,0
0.2,1.1595,0.5,0.7384999999999999,1.6,0.802,0
0.65,1.03,1.733333333333333,1.994333333333333,1.9,8.91,3
1.733333333333333,1.6335,0.3333333333333333,0.8988333333333334,3.26,17.1,2
0.8,0.8858333333333333,1,1.4105,2.14,2.55,2
2.083333333333333,1.863833333333333,1.483333333333333,1.475,5.87,3.33,0
1.4,1.809666666666667,0.8666666666666667,1.446166666666667,3.03,2.23,1
0.95,1.299333333333333,1.55,1.262333333333333,1.63,6.41,1
1.883333333333333,1.761333333333333,0.9833333333333334,1.486333333333333,1.21,2.47,2
1.783333333333333,1.974666666666667,0.7333333333333334,0.989,8.91,2.14,2
0.7,0.9933333333333334,0.9,1.542833333333333,3.98,1.6,0
3.233333333333333,1.956,1.2,1.026166666666667,6.41,5.87,5
0,0.8281666666666667,2.916666666666667,1.617833333333333,3.33,3.26,1
2.483333333333333,2.1595,1.033333333333333,1.463333333333333,1.63,1.21,2
2,1.495666666666667,1.533333333333333,1.038,17.1,3.03,0
1.083333333333333,1.651,2.533333333333333,2.4695,2.47,5.93,0
1.4,1.428833333333333,1.833333333333333,2.052666666666667,2.55,1.9,2
0,0.9259999999999999,1.983333333333333,1.489666666666667,2.23,0.802,2
3,2.416666666666667,1.866666666666667,0.9648333333333333,3.26,8.91,3
1.45,1.521166666666667,1.45,1.508166666666667,1.9,3.33,1
2.583333333333333,1.913833333333333,2.366666666666667,2.342,1.21,6.41,2
1.616666666666667,1.6915,2.916666666666667,2.5365,2.14,2.47,1
3.066666666666666,1.924666666666667,0.75,0.9490000000000001,5.93,1.63,1
5.116666666666667,2.602333333333333,2.25,1.905166666666666,0.802,17.1,6
1.083333333333333,1.7915,0.5,0.8683333333333334,1.6,2.23,1
0.95,1.0865,4.733333333333333,3.2745,3.03,3.98,1
0.6666666666666666,0.9874999999999999,2.45,2.083166666666667,5.87,2.55,1
0.5,1.222,0.2,0.4971666666666667,17.1,1.6,1
0.95,1.417166666666667,1.866666666666667,1.26,8.91,5.93,0
1.166666666666667,0.8260000000000001,3.166666666666667,1.990166666666667,6.41,1.9,0
2.366666666666667,1.498,1.983333333333333,0.8218333333333334,3.33,2.14,0
1.333333333333333,0.9998333333333334,1.866666666666667,1.502166666666667,2.23,3.26,1
2.366666666666667,1.811666666666667,1.866666666666667,1.794,2.55,1.21,0
1.6,1.206166666666667,2.2,1.828666666666667,2.47,3.03,1
0.6666666666666666,0.8236666666666665,0.75,1.0835,3.98,0.802,0
3.616666666666667,2.301166666666667,1.616666666666667,1.495166666666667,1.63,5.87,5
1.233333333333333,1.298166666666667,2.4,1.61,3.26,2.55,0
4.1,4.0425,3.533333333333334,2.82,3.03,8.91,0
5.016666666666667,2.664833333333333,2.316666666666666,2.337833333333333,1.21,5.87,0
6.4,4.068333333333333,1.733333333333333,1.262333333333333,2.23,17.1,3
2.983333333333333,2.0155,1.433333333333333,1.0275,1.9,1.63,1
1.833333333333333,1.895,2.083333333333333,3.211,5.93,3.33,1
1.583333333333333,1.206,2.733333333333333,2.449833333333333,2.14,3.98,2
1.983333333333333,2.070333333333333,2.583333333333333,2.602666666666667,1.6,2.47,2
2.366666666666667,1.775833333333333,3.25,2.186333333333333,0.802,6.41,3
1.033333333333333,1.214666666666667,1.5,1.3705,6.41,3.26,0
2.15,1.791333333333333,1.433333333333333,1.626833333333333,1.21,2.14,2
0.5833333333333333,1.152666666666667,1.95,1.971333333333333,3.33,3.03,0
1.75,1.590833333333333,0.9,1.391,2.55,5.93,2
5.933333333333334,3.595166666666667,2.316666666666667,1.4805,1.63,17.1,4
0.4,0.921,3.083333333333333,1.896666666666667,2.47,0.802,0
2.583333333333333,1.501333333333333,0.9,0.9113333333333333,8.91,1.6,0
0.65,0.641,2.55,1.738,5.87,1.9,0
1.283333333333333,1.035333333333333,1.25,1.193,3.98,2.23,0
1.45,1.476166666666667,2.2,2.1895,3.03,2.55,1
1.283333333333333,0.9976666666666666,1.866666666666667,2.076,1.6,1.63,1
2.533333333333333,2.6615,4.7,2.244333333333334,0.802,3.33,0
1.35,1.9545,2.45,2.594666666666667,2.23,8.91,3
0.7333333333333334,1.506,2.283333333333333,1.818166666666666,1.9,1.21,0
3.366666666666667,2.2175,2.85,1.723666666666667,3.26,2.47,1
3.65,1.721833333333333,2.283333333333333,2.9485,5.93,6.41,1
3.15,2.4685,1.366666666666667,1.690833333333333,2.14,5.87,1
2.366666666666667,2.630333333333334,0.5833333333333333,0.4135,17.1,3.98,2
1.666666666666667,1.794833333333334,2.833333333333333,2.229166666666667,1.63,2.14,0
1.45,0.9588333333333334,2.7,2.0435,2.47,2.23,2
1.7,1.733833333333333,1.45,1.728166666666667,1.9,1.6,0
2.566666666666666,2.053833333333333,0.75,1.645666666666667,3.33,3.98,4
0.2,0.8576666666666666,0,1.490666666666667,6.41,3.03,0
1.7,1.874666666666667,1.35,1.566333333333333,5.87,3.26,1
2.883333333333333,2.200666666666667,1,0.9713333333333334,8.91,17.1,1
1.416666666666667,2.101333333333333,1.866666666666667,1.944833333333333,1.21,5.93,0
0,1.085,0.6666666666666666,1.305333333333333,2.55,0.802,0
1.833333333333333,1.702666666666667,3.1,2.3855,2.23,2.55,1
2.733333333333333,1.7805,0.8666666666666667,0.5745,17.1,2.47,0
1.166666666666667,1.3385,1.033333333333333,1.705,5.93,1.9,0
1,1.267,0.9,1.738666666666667,3.98,8.91,1
3.933333333333334,2.986,0.7333333333333334,1.1575,2.14,6.41,3
0.2,1.3605,2.6,1.6785,0.802,1.21,1
2.583333333333333,2.8905,3.083333333333333,2.916166666666666,3.03,5.87,2
1.45,2.3075,1.233333333333333,0.953,1.6,3.33,2
0.5333333333333333,0.7524999999999999,2.833333333333333,2.856,3.26,1.63,2
3.733333333333333,2.923666666666667,2.916666666666667,2.199333333333334,2.47,3.98,0
1.65,1.995166666666667,0.6,1.6305,1.9,2.14,3
2.633333333333333,1.941833333333333,2.833333333333333,2.702166666666667,3.33,17.1,2
1.75,2.1905,0.9,1.544666666666667,2.55,1.6,0
1,1.760166666666667,2.333333333333333,1.718833333333333,8.91,0.802,0
1.666666666666667,1.595833333333333,1,1.879666666666667,6.41,2.23,0
2.583333333333333,2.578,1.9,2.341,1.21,3.26,1
0,0.3946666666666667,2.55,2.360166666666667,1.63,3.03,0
0.4,1.693,0.5833333333333333,1.2095,5.87,5.93,1
0.5,1.094166666666667,2.2,1.305333333333333,2.14,5.93,0
0.9166666666666666,1.742333333333333,3.433333333333334,2.147,2.23,3.33,2
1.65,1.608333333333333,2.616666666666667,1.925,3.26,1.9,2
1.333333333333333,1.237833333333333,2.366666666666667,2.492,3.03,1.21,2
4.2,2.847333333333333,1.116666666666667,1.547333333333333,1.6,6.41,1
0.7,1.34,1.65,1.132666666666667,8.91,2.47,0
1.033333333333333,1.257,0.4,0.665,17.1,2.55,0
1.366666666666667,1.119,2.333333333333333,2.332333333333334,0.802,1.63,2
2.116666666666667,2.357,0.5833333333333333,1.685333333333333,3.98,5.87,0
2.283333333333333,2.379833333333333,1.333333333333333,1.6335,5.93,3.26,2
1.15,1.446,1.033333333333333,1.340666666666667,5.87,2.23,2
1.25,1.638,2.333333333333333,2.464333333333333,1.21,1.6,0
2.25,2.584000000000001,2.716666666666667,2.436666666666667,3.33,8.91,1
0.4,0.9396666666666667,1.75,1.899833333333333,1.63,2.47,0
1.5,1.727,2,1.807166666666667,1.9,0.802,2
2.116666666666667,1.646166666666667,1,1.3825,6.41,17.1,0
1.5,1.133333333333333,1.416666666666667,1.438166666666667,2.14,3.03,2
2.05,2.344166666666667,0.75,1.162,2.55,3.98,2
1.666666666666667,2.112333333333333,1.816666666666667,1.5845,3.03,1.9,1
1.366666666666667,1.608,1,1.092166666666667,17.1,1.21,1
0.7,1.206166666666667,1.1,1.381333333333333,8.91,2.55,0
2.933333333333334,1.803166666666667,0.7,1.195,3.98,6.41,0
1.816666666666667,2.1825,2.866666666666667,1.9095,2.23,1.63,1
1.566666666666667,1.8615,1.766666666666667,2.955833333333334,2.47,3.33,1
2.316666666666666,1.865333333333333,3.066666666666666,2.293333333333333,3.26,2.14,0
1.65,1.607,2.116666666666667,2.1055,0.802,5.87,3
1.75,1.938166666666667,0.7333333333333334,1.843166666666667,1.6,5.93,0
1.666666666666667,1.5915,2.366666666666667,1.746,5.93,0.802,0
1.333333333333333,1.384,1.75,1.824333333333333,6.41,3.33,0
2.433333333333334,2.547833333333333,1.616666666666667,1.578833333333333,5.87,8.91,1
1.416666666666667,1.449333333333333,0.95,1.611166666666667,1.21,2.23,2
1.25,1.294666666666667,2.066666666666666,2.1185,2.14,1.6,0
2.416666666666667,2.3865,1,1.570166666666667,1.63,3.98,2
1.5,1.246166666666667,1.916666666666667,1.958,2.55,2.47,0
1.916666666666667,1.5135,1.9,1.703833333333333,3.26,3.03,1
0.65,1.522333333333333,2.266666666666667,1.9875,1.9,17.1,1
2.5,1.8565,1.2,1.5155,1.6,5.87,2
1.25,1.4725,1.983333333333333,2.3355,3.03,5.93,0
1.7,1.299666666666667,0.9833333333333334,2.014833333333334,2.47,6.41,1
1.983333333333333,1.7975,1.733333333333333,1.317833333333333,2.23,1.9,1
0.25,1.051666666666667,2.45,1.443333333333333,3.33,2.55,1
1.233333333333333,2.0255,0.25,1.160666666666667,3.98,1.21,3
1.65,1.408833333333333,1.833333333333333,1.66,17.1,2.14,0
0.9833333333333334,1.677833333333333,1.25,1.355666666666667,8.91,1.63,2
1.7,2.351166666666667,1.7,1.872833333333333,0.66,1.53,1
4.383333333333333,4.421833333333334,2.9,1.957166666666667,3.59,10.39,1
3.2,1.766666666666667,1.283333333333333,3.178833333333333,6.54,2.5,0
2.983333333333333,2.877833333333334,2.583333333333333,3.033333333333333,6.08,1.73,0
1.533333333333333,1.6345,2.4,1.822833333333333,4.81,1.6,2
0.9833333333333334,3.008333333333333,3.283333333333333,2.974833333333333,1.89,2.43,3
0.5333333333333333,1.145,2.7,1.828833333333333,2.08,0.841,1
4.6,4.087333333333333,1.333333333333333,2.065666666666667,1.73,17.9,3
2.2,1.820333333333333,2.133333333333333,1.530333333333333,2.43,4.81,3
1.083333333333333,1.382166666666667,2.7,2.826666666666667,1.6,3.59,3
0.5,1.604,1.783333333333333,1.7745,1.53,6.08,3
1,0.8106666666666666,2.5,2.13,7.58,1.89,1
1.833333333333333,2.423333333333333,0.4,0.8773333333333333,2.12,6.54,1
1.7,1.261,1.7,2.157333333333333,2.5,2.14,1
1.25,1.154666666666667,1.2,1.176,10.39,0.66,2
0.95,1.445,2.083333333333333,2.087,0.66,1.73,3
1.333333333333333,1.516833333333333,2.016666666666667,2.211,4.81,7.58,0
0.9333333333333333,1.3145,2.8,2.313166666666667,1.89,1.53,0
0.9333333333333333,1.110166666666667,1.2,1.801833333333334,2.14,2.12,0
1.7,2.870166666666667,2.183333333333334,2.278666666666667,3.59,2.43,2
1.7,1.662666666666667,0.8333333333333333,1.510166666666667,0.841,2.5,0
1.15,1.268333333333334,0.2,2.024166666666666,6.54,2.08,3
1.866666666666667,2.2025,0.95,1.401,6.08,1.6,1
2.883333333333333,2.985666666666666,0.5333333333333333,0.5083333333333333,17.9,10.39,1
2.016666666666667,2.432666666666667,2.45,2.490333333333334,1.73,10.39,2
2.166666666666667,1.62,2.5,2.3445,1.6,0.66,2
5.35,4.049833333333334,2.2,1.557333333333333,1.53,17.9,1
2.333333333333333,2.154833333333333,1.5,1.752833333333333,6.54,2.14,1
2.45,1.9845,2.583333333333333,2.069833333333333,7.58,3.59,2
1.75,2.044333333333333,1.833333333333333,1.670666666666667,2.12,6.08,0
3,1.919166666666667,1.833333333333333,2.082833333333333,2.5,4.81,5
1.083333333333333,1.027833333333333,0.8333333333333333,1.190833333333333,2.08,1.89,1
1.533333333333333,1.282333333333333,2.45,1.772166666666667,2.43,0.841,0
0.2,0.7186666666666667,3.116666666666667,3.008,3.59,2.12,1
0.2,1.1675,2.616666666666667,3.4805,1.73,1.53,3
2.45,2.062,1.7,1.930833333333333,0.66,7.58,1
0.75,1.284166666666667,0.85,1.979,1.89,2.5,2
2.016666666666667,2.434,0.3333333333333333,0.4535,6.08,2.43,3
1.25,1.705,0.5333333333333333,0.9311666666666667,17.9,2.08,0
2.15,1.9725,0.95,1.478666666666667,0.841,2.14,1
0.9833333333333334,1.624,2.366666666666667,2.3805,10.39,1.6,1
1.65,2.398333333333333,1.15,1.764,4.81,6.54,1
4.183333333333334,4.039,2.866666666666667,2.1385,2.5,17.9,0
1.766666666666667,1.4505,2.533333333333333,2.673,2.08,3.59,0
4.266666666666667,2.903,0.8666666666666667,1.528666666666667,2.14,4.81,4
1.25,1.794166666666667,4.016666666666667,3.764666666666667,1.6,1.73,3
3.816666666666666,3.987333333333333,1.683333333333333,1.91,1.53,10.39,3
0.7,1.298833333333333,2.583333333333333,1.886,6.54,0.841,1
2.85,2.483333333333333,1.366666666666667,1.238,7.58,6.08,1
1.566666666666667,1.708666666666667,3.1,2.693833333333334,2.43,0.66,0
1.283333333333333,1.038,0.95,1.354333333333333,2.12,1.89,2
1.683333333333333,2.033833333333333,1.166666666666667,2.155,1.89,2.14,3
0.9166666666666666,0.7705,1.733333333333333,2.8865,3.59,2.5,0
2.333333333333333,2.246166666666666,3.4,3.535333333333333,1.73,7.58,0
0.6,1.390666666666667,2.2,1.9965,6.08,2.08,2
0.9,0.9954999999999999,1.083333333333333,1.826166666666666,4.81,0.841,0
2.65,2.6715,0.2,0.5941666666666667,17.9,2.43,0
0.8333333333333333,2.4465,1.933333333333333,2.039166666666667,0.66,2.12,1
1.333333333333333,1.648166666666667,1.833333333333333,1.718166666666667,10.39,6.54,2
1.5,1.725833333333333,3.866666666666667,3.299333333333333,1.6,1.53,2
4.15,3.9755,1.166666666666667,1.4535,2.12,10.39,1
1.75,2.206833333333333,3,3.761833333333333,2.43,1.6,4
1.833333333333333,1.5635,1.25,1.617833333333333,2.5,6.08,3
2.25,1.949166666666667,1.7,1.707833333333333,2.08,1.73,0
1.616666666666667,1.2195,0.7833333333333333,1.633833333333333,4.81,1.89,1
2.083333333333333,1.692166666666667,1.733333333333333,1.4835,7.58,1.53,0
3.2,4.166833333333333,2.783333333333333,1.912666666666667,6.54,17.9,3
0.4,1.006833333333333,2.233333333333333,1.672,2.14,3.59,0
0.9,1.868833333333333,0.7833333333333333,1.441,0.841,0.66,1
0.6666666666666666,1.496,2.533333333333333,2.485166666666667,0.66,2.08,0
2.283333333333333,2.358166666666667,4.283333333333333,3.796,1.53,2.12,3
1.75,1.880333333333333,2.65,2.705833333333334,1.89,0.841,0
2.6,2.511166666666667,0.7,1.542333333333333,3.59,4.81,3
1.95,1.403333333333333,0.5,0.3118333333333334,17.9,2.14,0
0.9,1.055833333333333,1.35,1.688,1.73,2.5,1
1.1,1.565833333333333,2.616666666666667,1.494666666666667,10.39,2.43,1
1.616666666666667,0.9906666666666667,2.266666666666667,1.9975,6.08,6.54,1
3.7,2.8535,2.416666666666667,2.171166666666667,1.6,7.58,0
2.983333333333333,1.938833333333333,2.45,2.4195,6.54,1.89,1
3,4.1855,2.033333333333333,2.472333333333333,4.81,17.9,1
2.1,2.012666666666667,1.483333333333333,1.853,2.12,1.73,3
2.183333333333333,2.401833333333333,0.25,0.6586666666666667,2.08,1.6,1
1.95,2.005666666666666,2.05,2.6255,2.14,6.08,1
1.5,1.502,2.533333333333333,1.479333333333333,0.841,3.59,1
3.683333333333334,3.0395,0.7,1.479,7.58,10.39,2
1.2,1.2535,4.333333333333333,3.198833333333333,2.43,1.53,1
0.5833333333333333,1.091333333333333,2,2.224666666666667,2.5,0.66,1
0.8333333333333333,1.269333333333333,0.8333333333333333,1.1125,1.73,2.43,0
1.85,0.9933333333333334,0.95,1.757,0.66,2.14,4
2.45,1.631166666666667,1.4,2.170333333333333,7.58,2.12,1
0.4,2.1205,3.2,2.508666666666667,1.53,2.08,1
2.283333333333333,1.395,1.75,1.143333333333334,3.59,1.89,0
1.25,1.241333333333333,1.75,1.264333333333334,17.9,0.841,0
3,2.544333333333333,1.983333333333333,1.394666666666667,6.08,4.81,0
2.483333333333333,2.425666666666666,0.4,1.863666666666667,1.6,6.54,1
0.5833333333333333,1.215,1.983333333333333,1.769833333333333,10.39,2.5,1
1.583333333333333,1.737666666666667,2.183333333333334,1.687666666666667,6.54,3.59,0
3.683333333333334,2.660666666666667,2.533333333333333,2.117666666666667,0.841,6.08,1
2.133333333333333,2.0835,1.95,2.103666666666667,2.12,1.6,1
1.083333333333333,1.360666666666667,3.433333333333334,4.475666666666667,2.5,1.53,1
3.866666666666667,4.870333333333333,0.8333333333333333,1.5665,2.08,10.39,1
2.433333333333334,3.454333333333333,1.9,2.578166666666667,1.89,17.9,1
2.033333333333333,2.568666666666667,2.133333333333333,1.647666666666667,2.43,7.58,1
1.5,1.445666666666667,0.8333333333333333,1.597666666666667,2.14,1.73,0
0.5333333333333333,0.8901666666666667,3.783333333333333,3.098333333333334,4.81,0.66,2
1.816666666666667,3.458833333333334,1.783333333333333,2.410166666666667,2.12,17.9,2
1.95,1.605,1.083333333333333,1.452,2.08,2.43,3
1.25,1.691166666666667,1.583333333333333,2.745666666666667,1.89,0.66,2
1.416666666666667,2.442333333333333,0.65,1.317166666666667,2.14,1.6,0
2.616666666666667,2.017166666666667,1.35,1.281166666666667,3.59,6.08,1
1.15,1.1655,2.216666666666667,1.775833333333333,0.841,1.73,0
3.133333333333333,3.4565,3.516666666666667,3.020166666666666,4.81,10.39,3
1.083333333333333,1.891166666666667,2.483333333333333,3.3205,2.5,7.58,2
1.283333333333333,1.3035,1.116666666666667,1.333833333333333,6.54,1.53,3
2.1,1.358666666666667,1.366666666666667,1.822,1.73,4.81,0
1.683333333333333,2.3245,2.5,1.701166666666667,0.66,6.54,2
0.7,1.403833333333333,1.616666666666667,1.132166666666667,10.39,0.841,0
0.7,1.114333333333333,0.9,0.8343333333333334,6.08,1.89,0
2.416666666666667,1.456166666666667,0.25,1.569833333333333,1.6,2.5,0
2.066666666666666,1.5335,1.616666666666667,2.231666666666666,1.53,2.14,3
0.95,0.9178333333333333,1.033333333333333,1.973833333333333,2.43,2.12,1
1.416666666666667,2.200666666666667,3.15,1.758833333333333,7.58,2.08,1
0.95,1.2835,1.1,0.9478333333333335,17.9,3.59,0
2.95,2.2975,3,2.399166666666666,4.81,1.53,1
1.616666666666667,2.6775,1.4,1.1205,6.54,7.58,0
2.75,2.795,1.716666666666667,2.6485,2.5,2.43,4
0.5,0.8566666666666667,2.616666666666667,2.850833333333333,1.89,1.73,1
3.05,3.355166666666666,1.5,1.550333333333333,2.14,10.39,0
0.65,1.411333333333333,1.65,1.991666666666667,0.841,1.6,1
2.316666666666666,3.3275,0.3333333333333333,0.5343333333333333,6.08,17.9,0
1.533333333333333,1.563166666666667,2.116666666666667,3.025,2.12,2.08,1
1.166666666666667,1.577833333333333,1.583333333333333,2.611666666666666,3.59,0.66,2
2.616666666666667,1.564,0.65,1.716,1.73,6.54,1
1.45,1.400666666666667,1.516666666666667,1.3405,0.66,6.08,2
0.25,0.7464999999999999,0.65,0.8865,10.39,1.89,0
1.25,2.022,3.183333333333334,1.281833333333333,7.58,0.841,0
1.4,1.349333333333333,1.783333333333333,2.6235,2.43,2.14,0
0.25,0.8073333333333332,4.15,2.898333333333333,1.53,3.59,1
2.15,2.2725,1.783333333333333,1.593333333333333,2.08,2.5,1
3.35,2.6705,1.866666666666667,2.5725,2.12,4.81,2
1.366666666666667,2.6135,1,2.258,1.6,17.9,3
2.283333333333333,1.325166666666667,3.233333333333333,2.9595,2.5,2.12,0
1.566666666666667,1.8065,0.7,0.4426666666666667,17.9,0.66,1
1.65,1.936166666666667,1.75,1.505,2.14,7.58,1
1.583333333333333,1.129166666666667,1.866666666666667,2.7415,3.59,1.73,2
2.183333333333334,2.441,1.833333333333333,1.439166666666667,0.841,1.53,0
2.283333333333333,2.232666666666667,2.683333333333334,2.0325,4.81,2.08,0
1.6,1.8175,0.7,1.130333333333333,6.08,10.39,1
0.8333333333333333,0.5241666666666667,1.983333333333333,1.953166666666667,1.89,1.6,1
3.433333333333334,2.958,1.6,1.075166666666667,6.54,2.43,1
1.1,1.207666666666667,1.283333333333333,1.118333333333333,2.08,2.14,1
1.333333333333333,1.2005,3.183333333333334,2.171,1.53,0.66,2
2.9,3.189666666666667,1.45,0.8658333333333333,7.58,17.9,2
1.5,1.853333333333333,1.316666666666667,1.7975,2.12,0.841,1
0,0.481,1.2,1.818166666666666,2.43,1.89,2
2.416666666666667,2.319,1.5,1.918666666666667,1.6,4.81,2
1.833333333333333,1.347,0,0.7150000000000001,10.39,3.59,1
1.266666666666667,1.384833333333333,1.833333333333333,1.790666666666667,1.73,6.08,1
1.983333333333333,1.331166666666667,2,2.123666666666667,2.5,6.54,0
0.8333333333333333,1.046166666666667,1.283333333333333,2.437,1.89,7.58,4
0.95,1.4265,1.2,1.0285,0.841,2.08,1
2.083333333333333,2.043,2.5,2.640166666666667,0.66,10.39,2
0.65,1.1665,0.8333333333333333,1.037166666666667,2.14,2.5,0
1.783333333333333,1.4185,2.816666666666666,2.4965,3.59,1.6,1
2.866666666666667,2.122,0.5833333333333333,0.6838333333333333,17.9,1.73,2
1.45,1.13,0.8333333333333333,1.312,6.54,2.12,2
1.45,2.0885,2.083333333333333,2.236,6.08,1.53,4
2.133333333333333,3.1145,1.95,1.801,4.81,2.43,0
2.283333333333333,1.667333333333334,2.916666666666667,2.626833333333333,2.43,3.59,1
1.233333333333333,1.2865,2.266666666666667,1.952833333333333,1.6,6.08,3
0.6666666666666666,0.8828333333333334,1.866666666666667,1.468166666666667,1.53,1.89,1
1.333333333333333,1.609166666666667,1.6,1.334833333333334,2.5,0.841,1
1.95,1.821833333333333,1.283333333333333,1.3295,2.08,6.54,3
3.316666666666666,2.864833333333333,0.9166666666666666,0.8891666666666667,7.58,4.81,1
2.516666666666667,1.943666666666667,0.3333333333333333,0.7428333333333332,10.39,17.9,0
1.116666666666667,0.9651666666666667,1.783333333333333,1.251,1.73,0.66,0
1.583333333333333,1.2835,2.233333333333333,2.168166666666667,2.12,2.14,0
2.7,2.243,1.2,1.008833333333333,2.14,6.54,0
2.533333333333333,1.803833333333333,3.983333333333333,3.369833333333333,3.59,7.58,0
2.95,3.126833333333333,1.083333333333333,2.039,0.841,2.43,3
2.533333333333333,2.109833333333333,1.766666666666667,2.8785,0.66,1.6,2
0.5,1.718333333333333,1.5,1.089833333333333,4.81,2.5,0
0.8333333333333333,1.9115,3.783333333333333,3.139833333333334,1.89,2.08,2
3.833333333333333,2.363166666666666,0.8666666666666667,0.9095,17.9,1.53,0
1.916666666666667,1.213666666666667,3.783333333333333,2.353666666666666,6.08,2.12,0
1.816666666666666,1.719,0.25,1.093,10.39,1.73,0
3.233333333333333,2.463666666666667,1.833333333333333,1.881833333333333,6.54,4.81,1
1.4,1.357,1.233333333333333,1.400666666666667,7.58,0.66,1
1.533333333333333,1.582666666666667,1.45,1.661166666666667,2.12,3.59,3
1.1,1.167333333333333,3.483333333333333,2.4345,1.53,1.73,1
3.15,2.359833333333333,1.45,1.759666666666667,2.08,17.9,1
2.283333333333333,2.003666666666667,0.6666666666666666,1.149666666666667,2.14,0.841,1
0.7333333333333334,1.295,2.333333333333333,1.798166666666667,2.5,1.89,0
1.95,1.631166666666667,3.233333333333333,2.371666666666667,2.43,6.08,2
2.1,3.559,2.9,1.928666666666667,1.6,10.39,3
1.8,1.728666666666667,1.55,1.452666666666667,6.08,7.58,0
0.75,1.449666666666666,0.4,0.8665,17.9,2.5,0
2.116666666666667,1.708666666666667,1.366666666666667,2.276666666666666,1.73,1.6,2
2.35,1.497,2.45,2.484666666666667,0.841,6.54,0
2.25,2.370166666666667,1.566666666666667,2.048666666666667,0.66,2.43,2
1.4,1.927666666666667,2.966666666666667,2.238666666666667,1.89,2.12,3
2.3,1.516,0.5,0.9281666666666666,10.39,1.53,2
2.066666666666666,1.3295,1.5,0.3526666666666667,4.81,2.14,0
1.116666666666667,1.719666666666666,1.95,2.686166666666667,3.59,2.08,1
0.2,1.182166666666667,3.233333333333333,1.918333333333333,2.14,1.89,2
3.783333333333333,2.603166666666667,1.616666666666667,2.108833333333333,0.841,4.81,0
1.833333333333333,2.114,1.25,1.731,2.12,0.66,2
2.083333333333333,1.668333333333333,2.616666666666667,2.524833333333333,2.43,17.9,3
2.433333333333334,1.378,3.283333333333333,2.663,1.53,1.6,2
1.95,1.794,1.45,1.444166666666667,2.5,3.59,2
2.333333333333333,2.306,2.283333333333333,1.379,7.58,1.73,1
3,3.0675,2.533333333333333,2.492166666666667,6.54,10.39,2
3.016666666666667,1.775333333333333,1.433333333333333,1.328833333333333,2.08,6.08,2
2.516666666666667,1.869833333333333,2.65,2.131833333333333,1.89,4.81,0
1.9,1.490333333333334,0.5833333333333333,1.359333333333333,3.59,2.14,1
2.35,2.189833333333334,1.816666666666667,1.0985,0.66,0.841,0
0.25,0.6935,0,0.9229999999999999,6.08,2.5,0
1.766666666666667,1.422,2.983333333333333,2.217833333333334,1.6,2.43,0
0.75,1.1585,3.25,2.207166666666667,1.53,7.58,2
1.5,1.145166666666667,0.5,0.7905,17.9,6.54,0
1.75,1.856333333333333,1.916666666666667,1.044666666666667,10.39,2.12,0
0.7333333333333334,1.206833333333333,1.816666666666667,1.8425,1.73,2.08,3
2.533333333333333,2.37,2.766666666666667,2.035666666666667,2.12,1.53,1
3.516666666666667,2.537666666666667,2.4,1.896333333333334,2.43,10.39,3
1.866666666666667,1.345666666666667,2.783333333333333,2.8335,7.58,1.6,2
2.366666666666667,1.802666666666667,2.116666666666667,1.689666666666667,2.08,0.66,1
2.95,1.216333333333333,3.116666666666667,1.813166666666667,2.14,17.9,2
1.666666666666667,1.602666666666666,1.4,1.167333333333333,0.841,1.89,2
3.316666666666666,1.652166666666667,3.116666666666667,2.099166666666667,6.54,6.08,3
2.516666666666667,1.814,1.733333333333333,1.595333333333333,4.81,3.59,1
2.533333333333333,2.5355,2.416666666666667,1.356,2.5,1.73,1
3.2,2.0655,1.05,1.735333333333333,1.6,2.08,0
1.5,1.837833333333333,2.1,1.679833333333333,1.89,6.54,3
1.85,1.588166666666667,2.033333333333333,2.176333333333333,3.59,0.841,1
1.85,1.768166666666667,2.65,1.0635,1.73,2.12,0
1,0.7373333333333334,2.65,1.675166666666666,0.66,2.5,2
2.5,2.252833333333333,0.25,0.5823333333333334,17.9,4.81,1
0.9166666666666666,1.419833333333333,0.9,0.8421666666666666,10.39,7.58,1
0.8333333333333333,1.011833333333333,1,1.804833333333333,6.08,2.14,1
0.65,0.7193333333333333,2.766666666666667,2.111333333333334,1.53,2.43,2
1.316666666666667,1.267333333333333,2.65,2.2025,6.54,1.6,1
3.15,2.559,1.533333333333333,1.353333333333333,4.81,6.08,1
1.2,1.2545,1.483333333333333,2.013833333333333,2.12,7.58,1
1.033333333333333,1.454833333333333,4.85,3.081,2.43,1.73,3
4.65,3.5675,1.983333333333333,1.308333333333333,2.5,10.39,0
4.283333333333333,3.317333333333333,1.233333333333333,1.509833333333333,2.08,1.53,0
2.233333333333333,1.903333333333333,2.566666666666666,1.8015,1.89,3.59,0
1.733333333333333,1.458833333333333,2.566666666666666,2.138333333333334,2.14,0.66,2
2.516666666666667,0.6668333333333334,2.166666666666667,1.6945,0.841,17.9,2
0.5,1.004,0.5,1.222666666666667,1.6,2.12,3
1.733333333333333,1.6705,0.8333333333333333,1.256833333333333,17.9,1.89,1
1.666666666666667,0.9468333333333333,1.566666666666667,1.253,1.53,2.5,0
1.6,1.247166666666667,0.8333333333333333,0.8073333333333333,10.39,2.08,2
2,1.995166666666667,1.783333333333333,2.081333333333333,3.59,6.54,4
1.333333333333333,2.125833333333333,1.833333333333333,1.516833333333333,6.08,0.841,2
1.033333333333333,1.098833333333333,1.6,0.9904999999999999,1.73,2.14,0
1.166666666666667,0.911,2.766666666666667,2.220166666666667,7.58,2.43,1
2.133333333333333,2.349,2.816666666666666,0.9891666666666665,1.15,2.32,2
1.783333333333333,1.487666666666667,2.333333333333333,2.7955,0.842,1.83,2
2.666666666666667,1.737166666666667,2.45,2.207666666666666,1.12,1.89,0
4.666666666666667,3.5035,1.7,1.616166666666667,6.27,10.36,0
3.216666666666667,1.876333333333333,2.666666666666667,2.094,5.24,2.2,0
2.533333333333333,1.596833333333333,2.9,1.952666666666667,6.12,4.72,0
2.4,1.7915,1.583333333333333,1.8285,10.36,2.3,1
0,1.0335,2.45,2.3425,4.72,2.5,0
0.7,1.795,1.083333333333333,2.009333333333333,2.58,1.15,1
2.583333333333333,2.304,1.6,1.378833333333333,1.86,6.12,1
1.083333333333333,1.311,1.083333333333333,2.3375,2.32,1.12,1
2.183333333333334,2.581666666666667,1.7,1.239,1.89,18.04,2
2.2,2.2765,2.633333333333333,1.8735,1.83,6.27,1
1.25,1.126833333333333,1.45,1.636,2.2,0.842,1
2.383333333333333,1.850833333333333,1.916666666666667,1.473,5.24,2.1,1
2.15,1.6975,1.116666666666667,3.429333333333333,2.5,1.89,3
2.25,2.8555,2.566666666666666,3.458333333333333,1.15,10.36,3
0.45,1.442,2.116666666666667,2.727166666666667,0.842,5.24,1
1.083333333333333,0.8418333333333333,1.75,2.3925,1.12,1.86,1
2.183333333333334,2.6205,1.85,2.5915,2.3,2.58,1
2.366666666666667,3.071333333333333,1.5,1.521,6.27,2.32,3
0.7,2.335666666666667,1.333333333333333,1.415,18.04,4.72,0
2.366666666666667,1.738166666666667,0.7833333333333333,0.5798333333333334,2.1,1.83,1
1.9,2.234666666666667,1.6,1.174666666666667,6.12,2.2,0
2.766666666666667,1.810333333333333,2,1.8055,4.72,1.89,0
2.083333333333333,1.864666666666667,2.433333333333334,1.926333333333333,2.2,1.15,0
1.433333333333333,1.213833333333333,2.233333333333333,1.583666666666667,5.24,6.27,2
2.116666666666667,2.334833333333333,1.833333333333333,1.294333333333333,1.86,18.04,3
1.783333333333333,1.376666666666667,2.533333333333333,2.269333333333333,1.83,1.12,3
2.533333333333333,2.700666666666667,1.866666666666667,2.024166666666667,0.842,2.1,2
3.033333333333333,1.820833333333333,2.533333333333333,1.7675,10.36,6.12,0
2.433333333333334,1.894,0.7833333333333333,1.351666666666667,2.32,2.3,0
0,0.4875,1.783333333333333,1.793166666666667,2.58,2.5,0
0,1.496666666666667,1.083333333333333,2.715333333333334,2.3,4.72,0
1.25,2.068,2.9,3.254666666666667,2.5,10.36,5
1.283333333333333,0.9345,2.9,3.602,1.15,1.86,2
2.4,3.4295,1.2,1.211666666666667,18.04,2.32,1
1.65,1.2985,2,1.873,6.27,0.842,2
0.8333333333333333,1.182333333333333,1.333333333333333,1.8065,1.12,5.24,3
2.533333333333333,3.093333333333334,0.7,0.8203333333333334,1.89,2.58,0
1.5,2.2045,0.5333333333333333,0.6353333333333333,2.1,2.2,1
1.733333333333333,1.638333333333333,0.25,1.0025,6.12,1.83,1
3.116666666666667,3.235666666666666,2.483333333333333,1.6815,6.27,2.1,3
1.65,2.432666666666667,2,1.4395,4.72,2.58,2
1.7,1.5845,2.45,2.251833333333333,2.2,1.12,2
2.45,2.030166666666667,1.616666666666667,1.875666666666667,5.24,6.12,1
2.2,1.476333333333333,1.7,1.980166666666667,1.86,2.3,0
0.95,1.004833333333333,2.816666666666666,1.600666666666667,0.842,1.15,1
2.4,2.635166666666667,1.95,1.137166666666667,10.36,18.04,0
1,0.5453333333333333,0.7,1.155333333333333,2.32,2.5,2
1.65,1.2915,3.45,2.94,1.83,1.89,2
3.6,2.636333333333333,3.45,2.5335,1.12,2.1,4
1.116666666666667,1.362666666666667,1.233333333333333,1.677166666666666,2.58,1.86,0
2.183333333333334,2.400333333333333,2.4,1.205166666666667,4.72,2.32,1
1.283333333333333,1.356166666666667,4.016666666666667,3.117833333333333,2.5,1.83,2
1.45,1.2385,1.766666666666667,2.408166666666667,1.15,5.24,1
2.766666666666667,2.447333333333333,0.5,0.9128333333333334,1.89,10.36,1
2.5,1.798333333333333,1.083333333333333,1.138333333333333,18.04,6.27,1
1.266666666666667,1.577666666666667,0.3333333333333333,0.8746666666666667,6.12,0.842,1
2.833333333333333,2.1755,0.45,1.730333333333333,2.3,2.2,1
1.85,2.224,2.416666666666667,2.424,2.2,18.04,3
1.75,1.755833333333333,1.233333333333333,2.872333333333334,5.24,2.3,3
0.8333333333333333,1.890333333333333,1.5,0.929,10.36,4.72,1
1.766666666666667,1.732,2.7,1.658666666666667,6.27,1.12,1
1.266666666666667,1.577666666666667,1.416666666666667,1.95,2.32,2.58,0
0.8333333333333333,2.429833333333333,3.016666666666667,2.6795,1.83,1.15,1
2.583333333333333,2.544833333333333,1.416666666666667,1.124166666666667,2.1,6.12,1
2.166666666666667,1.927,2.983333333333333,2.253833333333333,0.842,2.5,2
1.916666666666667,1.178,0.6,2.009833333333333,1.86,1.89,1
3.033333333333333,1.991666666666667,1.083333333333333,1.277166666666667,1.89,2.32,0
0.7333333333333334,1.362833333333333,3.433333333333334,3.345166666666667,1.12,0.842,0
3.583333333333333,2.717166666666667,2.45,1.9395,2.58,10.36,1
0.9,1.012,2.166666666666667,1.846333333333333,2.5,1.86,0
3.683333333333334,2.455166666666666,1.733333333333333,2.001166666666667,1.15,2.1,0
1.933333333333333,1.230166666666667,1.283333333333333,1.100833333333333,18.04,5.24,0
2.116666666666667,1.982833333333333,1.333333333333333,1.479666666666667,2.3,1.83,1
2.033333333333333,1.476166666666667,3.433333333333334,1.908166666666667,4.72,2.2,0
1.933333333333333,2.674833333333333,1.533333333333333,1.632833333333333,6.12,6.27,1
2.283333333333333,1.894166666666667,0.65,1.725833333333334,2.32,10.36,2
1.283333333333333,1.295833333333333,0.8333333333333333,1.2065,1.86,4.72,0
0.9,1.497833333333333,1.233333333333333,1.493166666666667,1.83,2.58,1
1.5,1.468166666666667,1.483333333333333,1.206666666666667,2.1,2.3,0
1.483333333333333,1.667,1.416666666666667,1.613166666666667,6.12,1.12,1
2.066666666666666,2.054166666666667,2.4,1.6395,2.2,2.5,1
1.233333333333333,0.9165000000000001,3.95,2.753166666666667,5.24,1.89,0
4,2.2585,2.116666666666667,2.430166666666667,0.842,18.04,1
1.283333333333333,1.815166666666667,1.433333333333333,1.1985,6.27,1.15,2
1.95,1.285666666666667,0.95,1.4465,1.89,2.2,0
1.2,1.4,1.7,1.115166666666667,4.72,5.24,2
1.35,1.541833333333333,1.9,1.386166666666667,2.5,6.12,1
0.75,0.7611666666666668,1.983333333333333,1.393833333333333,10.36,1.86,1
1.283333333333333,1.452666666666667,1.2,1.448333333333333,1.15,1.12,2
1.733333333333333,1.448666666666667,1.2,1.768333333333334,2.32,1.83,1
0.2,1.0315,2.033333333333333,1.865666666666667,2.3,0.842,0
1.283333333333333,1.7765,1.833333333333333,1.081166666666667,2.58,6.27,1
2.3,2.175333333333333,0.45,0.9490000000000001,18.04,2.1,0
3.683333333333334,3.747666666666666,1.033333333333333,1.772,1.12,18.04,2
2.216666666666667,2.149666666666667,1.033333333333333,1.721666666666667,1.83,10.36,2
1.616666666666667,1.768333333333334,1.983333333333333,2.3435,6.12,1.15,0
1.983333333333333,2.1865,2.35,2.088333333333333,5.24,2.5,0
1.966666666666667,1.754833333333333,0.95,1.383833333333333,1.86,2.32,2
0.95,1.099333333333333,1.983333333333333,2.258166666666667,0.842,4.72,0
1.7,1.566333333333333,1.95,2.897666666666667,2.1,1.89,0
1.6,1.531666666666667,1.366666666666667,1.418333333333333,6.27,2.3,1
1.083333333333333,1.572166666666666,2.683333333333334,1.606,2.2,2.58,0
1,1.360166666666667,1.116666666666667,1.647666666666667,6.12,1.89,1
1.833333333333333,1.875333333333333,1.2,2.116,2.1,2.32,1
0.5833333333333333,0.8958333333333333,1.333333333333333,1.631833333333333,5.24,1.86,2
1.116666666666667,1.564666666666667,1.416666666666667,1.971166666666667,1.15,2.5,1
3.25,2.681,1.583333333333333,2.499833333333333,1.83,18.04,2
0.7833333333333333,1.0895,1.116666666666667,1.945333333333333,0.842,2.58,6
0.5333333333333333,1.290333333333333,1.333333333333333,1.5475,6.27,4.72,3
1.166666666666667,1.432333333333333,1.583333333333333,1.086666666666667,1.12,2.3,1
2.033333333333333,2.6105,1.45,1.088666666666667,2.2,10.36,1
2.45,1.983166666666667,2.683333333333334,1.474,2.5,6.27,0
1.533333333333333,2.055,0.95,1.381833333333333,2.58,5.24,0
1.1,1.039833333333333,1.65,1.3255,2.32,2.2,0
0.7833333333333333,1.285333333333333,0.8333333333333333,0.8123333333333334,18.04,6.12,1
2.033333333333333,1.182833333333333,1.7,1.671666666666667,4.72,1.12,0
2.15,1.661333333333333,2.4,1.644666666666667,2.3,1.15,0
2.4,2.123,1.483333333333333,1.169666666666667,10.36,2.1,0
1.283333333333333,0.8101666666666667,1.416666666666667,1.941,1.86,1.83,2
0.5,1.490666666666667,1.2,1.9425,1.89,0.842,0
2.366666666666667,1.825166666666667,2.933333333333334,2.0595,2.2,1.86,0
1.933333333333333,1.847,1.95,1.624833333333333,6.27,1.89,0
1.533333333333333,3.061,3.4,3.0175,0.842,10.36,1
1.233333333333333,1.376833333333333,1.433333333333333,2.962333333333333,2.1,2.5,3
2.266666666666667,1.959,1.483333333333333,1.383333333333333,1.15,18.04,2
2.7,2.188833333333333,2.866666666666667,2.037,1.83,4.72,1
1.483333333333333,1.289166666666667,1.233333333333333,1.371,6.12,2.3,0
3.033333333333333,2.252833333333333,1.366666666666667,1.747166666666667,5.24,2.32,1
2.7,1.9315,2.533333333333333,1.512666666666667,1.12,2.58,1
2.6,2.183666666666666,2.316666666666666,2.354666666666667,1.86,6.27,3
0.75,0.8523333333333333,2.1,2.120333333333333,1.89,1.15,2
1.25,1.598333333333333,1.5,1.925,2.32,0.842,0
1.116666666666667,1.627666666666667,1.583333333333333,1.3995,2.2,1.83,2
2.233333333333333,1.633333333333333,2.1,1.375333333333333,2.3,18.04,1
1.45,1.979666666666667,1.45,1.294333333333333,10.36,5.24,0
1.7,0.9433333333333334,0.95,1.369666666666667,2.5,1.12,2
1.1,1.705333333333333,0.5,1.258333333333333,4.72,2.1,2
1.533333333333333,1.474,1.25,1.159666666666667,2.58,6.12,1
1.7,1.363833333333333,2.483333333333333,2.2535,5.24,1.83,2
1.65,1.674333333333333,3.033333333333333,2.369,0.842,1.86,2
2.283333333333333,1.6815,1.95,2.126333333333333,2.1,2.58,1
2.283333333333333,2.524,2.283333333333333,1.971,1.12,10.36,3
0.8666666666666667,1.337666666666667,1.35,1.59,6.27,2.2,2
2.45,1.686333333333333,0.95,0.9921666666666666,18.04,2.5,0
0.7,1.954,1.566666666666667,1.297333333333333,2.3,1.89,0
2.183333333333334,1.98,1.116666666666667,1.9905,1.15,4.72,2
2.533333333333333,1.9205,0.95,0.7298333333333333,6.12,2.32,1
2.166666666666667,1.087333333333333,2.4,2.309333333333333,1.86,2.1,2
1,1.8365,1.466666666666667,1.285166666666667,2.2,5.24,1
5.033333333333333,2.951166666666666,2.333333333333333,1.419833333333334,2.58,18.04,3
1,0.9791666666666667,1.35,1.996666666666667,1.83,0.842,0
0.6666666666666666,1.110666666666667,1,1.009166666666667,2.32,1.15,2
1.75,2.285333333333333,0.5,0.7265,10.36,6.27,2
1.533333333333333,1.221833333333334,0.6666666666666666,1.068333333333333,4.72,6.12,2
1.166666666666667,0.8158333333333333,2.416666666666667,1.511666666666667,1.89,1.12,2
1.533333333333333,0.987,4.666666666666667,2.525333333333333,2.5,2.3,0
2.166666666666667,1.702,3.916666666666667,3.380166666666667,6.27,1.83,1
0.5,1.704333333333333,0.25,0.4871666666666666,18.04,1.89,0
1.566666666666667,1.469666666666667,2.366666666666667,2.189166666666667,0.842,2.2,1
3.533333333333333,1.914833333333333,2.2,3.316333333333334,1.12,2.32,1
1.233333333333333,1.600166666666667,2.183333333333334,1.291833333333333,2.1,5.24,1
4.95,4.908333333333333,1.15,1.095333333333333,2.3,10.36,1
0.7833333333333333,0.7463333333333333,3.566666666666666,2.299666666666667,1.15,2.58,2
1.916666666666667,1.470166666666667,2.583333333333333,2.004333333333333,6.12,1.86,0
3.116666666666667,2.508166666666667,3.166666666666667,1.916666666666667,2.5,4.72,1
2.066666666666666,1.462333333333333,1.666666666666667,1.202,10.36,1.15,0
1.25,1.624,1.433333333333333,1.374833333333333,5.24,0.842,0
1.7,1.371,2.95,1.842666666666667,2.58,2.3,2
1.566666666666667,1.389666666666667,3.016666666666667,3.171,1.86,1.12,1
1.816666666666666,1.142,0.75,2.082,1.83,2.1,0
1.766666666666667,1.9385,1.416666666666667,0.9623333333333333,2.32,6.27,0
1.733333333333333,1.348833333333333,3.066666666666666,2.470666666666667,1.89,2.5,0
2.616666666666667,2.744333333333334,1.733333333333333,1.4445,2.2,6.12,1
4.7,3.162666666666667,2.066666666666666,1.535333333333333,4.72,18.04,1
2.283333333333333,2.097833333333333,2.583333333333333,1.175,2.3,2.32,3
2.866666666666667,1.141666666666667,1.933333333333333,1.778166666666667,2.5,2.58,1
1.4,1.4915,0,0.721,18.04,1.86,0
2.933333333333334,2.8785,1.2,1.612,6.12,10.36,1
2.733333333333333,1.731666666666666,1.683333333333333,2.551833333333333,1.12,1.83,5
0.8666666666666667,1.484333333333333,2.533333333333333,1.609166666666666,2.1,0.842,0
1.733333333333333,1.803666666666667,1.9,1.599666666666667,1.89,4.72,0
0.9833333333333334,1.267333333333333,2.816666666666666,1.446166666666667,1.15,2.2,1
1.283333333333333,2.318166666666666,2.733333333333333,2.698166666666667,6.27,5.24,3
1.7,1.228333333333333,1.4,1.311,10.36,2.5,0
0.2,2.235166666666667,2.766666666666667,1.926166666666667,2.58,1.89,0
1.983333333333333,1.8425,1.25,1.861,1.83,6.12,0
4.683333333333334,3.6345,1.15,0.9045000000000001,2.32,18.04,0
2.15,1.256,2.983333333333333,3.485,0.842,6.27,2
1.9,1.7245,4.483333333333333,3.405166666666667,1.86,1.15,3
2.4,2.6535,2.033333333333333,1.67,2.2,2.1,3
1.983333333333333,1.847166666666667,1.7,0.9755,5.24,1.12,1
1.666666666666667,1.214666666666667,1.233333333333333,2.72,4.72,2.3,0
4.116666666666667,1.896833333333333,1.1,1.0535,1.89,1.83,2
1.533333333333333,2.129166666666666,2.116666666666667,1.933333333333333,1.12,2.2,0
2.2,1.8605,1.95,2.4875,2.1,6.27,0
1.45,2.495,1.833333333333333,1.689166666666667,6.12,5.24,1
0.7,1.432,1.566666666666667,1.489333333333333,2.58,4.72,3
1.95,2.301666666666667,2.033333333333333,2.883666666666667,2.5,2.32,1
2.283333333333333,2.650166666666667,0.5,0.8883333333333333,18.04,10.36,1
1.25,1.238333333333333,2.7,2.447666666666667,2.3,1.86,0
0.4,1.1445,1.983333333333333,1.335166666666667,1.15,0.842,2
1,2.362166666666667,2.25,1.737666666666667,10.36,1.89,1
2.383333333333333,1.222833333333333,3.7,2.658,1.86,2.58,1
1.65,1.634166666666667,2.2,1.600833333333333,2.2,2.3,0
3,3.0735,3.083333333333333,1.451666666666667,5.24,1.15,0
1.533333333333333,1.407166666666667,1.266666666666667,1.822166666666666,2.1,1.12,0
1.833333333333333,1.121166666666667,1.25,1.3555,2.32,4.72,3
3.7,2.974,1.45,1.740333333333334,6.27,18.04,0
1.5,1.162666666666667,1.5,2.083833333333333,1.83,2.5,1
2.45,1.418333333333333,3.366666666666667,3.969333333333333,0.842,6.12,1
3.683333333333334,2.3515,2.4,1.186166666666667,2.58,2.32,1
1.2,1.677333333333333,0.5833333333333333,0.7038333333333333,18.04,2.2,2
1.666666666666667,1.414166666666667,2.283333333333333,2.5585,2.5,0.842,2
2.433333333333334,2.1875,1.35,1.827333333333333,2.3,5.24,0
1.5,1.146333333333333,2.416666666666667,1.692833333333333,1.89,1.86,1
3.416666666666667,1.764333333333334,2.866666666666667,1.625666666666667,1.15,1.83,4
2.783333333333333,2.694833333333333,3.166666666666667,2.085333333333333,4.72,10.36,3
1.1,1.0685,3,1.576833333333333,1.12,6.27,1
3.883333333333333,2.305833333333333,2.283333333333333,1.959,6.12,2.1,1
1.833333333333333,1.874333333333333,1.25,1.725833333333334,6.27,6.12,4
1.533333333333333,1.450166666666667,2.333333333333333,1.448666666666667,10.36,2.58,0
1.45,1.162,1.983333333333333,2.833333333333333,0.842,1.12,0
1,1.718666666666667,1.833333333333333,2.124333333333333,1.83,2.3,0
2.35,2.437333333333333,0.9,1.3525,2.1,1.15,0
2.95,1.695666666666667,1.85,1.107666666666667,2.2,4.72,2
2,2.041333333333333,1.7,1.625333333333333,5.24,18.04,6
1.333333333333333,1.240333333333333,2.933333333333334,2.300666666666666,1.86,2.5,0
2.333333333333333,2.096666666666667,2,1.949666666666667,2.32,1.89,0
3.233333333333333,2.196666666666667,1.433333333333333,2.1265,2.58,1.83,3
0.95,1.423833333333333,1.983333333333333,1.315833333333333,1.89,5.24,2
3.066666666666666,1.811,0.8666666666666667,0.9983333333333333,18.04,0.842,0
2.283333333333333,1.4745,1.716666666666667,1.063666666666667,10.36,2.32,1
2.833333333333333,1.739833333333333,3.15,2.413166666666666,4.72,1.86,1
0.8333333333333333,1.234333333333333,2.483333333333333,2.085166666666667,1.15,6.27,1
1.533333333333333,1.592833333333333,1.25,1.829833333333333,2.3,2.1,4
1.416666666666667,2.080833333333334,3.366666666666667,2.227,2.5,2.2,0
3.383333333333333,2.514666666666667,2.833333333333333,1.655833333333333,1.12,6.12,0
2.45,2.100833333333333,2.333333333333333,1.7255,6.27,2.58,2
0.45,0.6891666666666667,1.983333333333333,2.1385,6.12,2.5,1
0.95,1.327666666666667,1.166666666666667,0.857,2.2,1.89,2
2.266666666666667,1.758,2.25,1.850333333333333,5.24,4.72,1
2.35,3.187333333333333,1.45,1.566666666666667,1.86,10.36,1
2.083333333333333,1.4095,2.7,2.380833333333333,1.83,2.32,5
0.75,0.9153333333333333,0.95,2.435833333333333,0.842,2.3,2
1,1.001166666666667,2.05,1.272166666666667,1.12,1.15,1
3,2.626333333333333,0.75,0.6421666666666667,2.1,18.04,5
3.8,2.157833333333333,1.233333333333333,1.220333333333333,10.36,1.83,3
1.15,1.438166666666667,1.683333333333333,2.088,4.72,0.842,2
1.783333333333333,2.33,1.833333333333333,1.999833333333334,2.3,6.27,6
2.65,2.23,2.2,2.762333333333333,2.58,2.2,0
1.166666666666667,1.509,1.9,1.879,2.5,5.24,1
1.7,1.529,1.633333333333333,1.912,1.15,6.12,1
2.033333333333333,1.858,2.366666666666667,1.868833333333333,2.32,1.86,0
3.533333333333333,2.399333333333333,3.116666666666667,1.663,1.89,2.1,2
0.7,1.802833333333334,1.816666666666667,1.1625,2.38,2.02,0
1.083333333333333,1.4435,1.366666666666667,1.517833333333333,7.18,2.29,1
1.416666666666667,1.4675,1.733333333333333,1.578833333333333,3.43,7.08,0
2.066666666666666,1.479833333333333,0,0.4528333333333333,12.84,4.29,1
0.2,1.566333333333333,0.75,1.9575,1.63,3.18,0
0.6,0.8674999999999999,2.15,0.8643333333333334,8.35,2.06,0
3.033333333333333,2.092833333333333,2.45,1.985,7.08,8.35,1
1.033333333333333,1.694333333333333,3.7,2.893666666666666,4.29,1.63,1
1.766666666666667,1.408833333333333,1.783333333333333,1.925166666666666,4.57,2.32,1
0.45,0.9291666666666666,1.5,1.696833333333333,2.29,2.17,1
5.25,4.7565,0.25,0.9753333333333334,1.65,12.84,2
0.7833333333333333,1.445666666666667,3.4,3.106,2.06,2.38,0
2.65,1.247,1.333333333333333,1.929833333333333,2.02,3.43,2
3,3.397,1.283333333333333,0.9923333333333333,2.81,16.06,2
1.9,1.569333333333333,2.183333333333334,2.541833333333333,3.18,7.18,2
0.5,1.592,1.5,1.065833333333333,2.17,3.18,1
1.75,1.720166666666667,1.666666666666667,1.418666666666667,16.06,2.02,0
1.15,1.114333333333333,2.2,1.343666666666667,3.43,1.65,2
0.9,1.132666666666667,1.783333333333333,1.371833333333333,2.81,7.08,2
0,0.7641666666666667,2.05,1.674,2.32,2.06,2
1.783333333333333,1.3415,1.25,2.3325,1.63,2.29,2
2.066666666666666,2.464666666666667,0.8333333333333333,1.032833333333333,12.84,7.18,3
1.416666666666667,0.8716666666666666,1,0.6676666666666666,8.35,4.57,2
2.233333333333333,2.100833333333333,0.65,1.207666666666667,2.38,4.29,2
2.483333333333333,1.444,1.433333333333333,1.217,7.08,2.32,0
1.333333333333333,1.598333333333333,1.783333333333333,1.896666666666667,7.18,2.17,0
2.283333333333333,1.7885,1.833333333333333,2.526666666666667,4.29,8.35,5
3.766666666666667,3.547666666666666,1.333333333333333,1.373833333333333,2.29,12.84,2
1.033333333333333,1.327666666666667,1.666666666666667,1.916666666666667,1.65,1.63,2
4.266666666666667,2.375333333333333,2.85,2.001833333333333,2.06,16.06,1
0.2,1.484333333333333,1.866666666666667,2.734333333333334,3.18,2.38,0
1.066666666666667,0.8033333333333333,3.366666666666667,1.566,2.02,2.81,1
2.766666666666667,1.692,2.033333333333333,1.836,4.57,3.43,1
2.366666666666667,2.053833333333333,1.916666666666667,1.851333333333333,2.32,2.29,1
1.866666666666667,2.532333333333333,1.916666666666667,1.477166666666667,3.43,4.29,3
0.6666666666666666,1.071333333333333,1.866666666666667,2.650166666666666,2.81,2.06,1
1.816666666666667,1.235666666666667,0.65,0.859,7.08,4.57,1
0.5833333333333333,1.983666666666667,1.416666666666667,1.799666666666667,8.35,3.18,1
3.366666666666667,3.201333333333333,1.666666666666667,1.520333333333333,1.63,12.84,2
2.4,2.316666666666667,0.9,0.7056666666666667,16.06,7.18,0
1.416666666666667,1.070666666666667,0.6666666666666666,1.795333333333333,2.38,1.65,3
1.25,2.021166666666667,1.333333333333333,1.318166666666667,2.17,2.02,0
0,1.307666666666667,1.616666666666667,1.175166666666667,2.29,2.38,1
3.116666666666667,1.873166666666667,1.7,2.018833333333333,7.18,1.63,1
1.866666666666667,1.903166666666667,3.483333333333333,1.8135,2.02,7.08,1
1.45,0.8325,2.366666666666667,1.945666666666667,4.29,2.32,1
3.366666666666667,2.057166666666666,1.566666666666667,1.659666666666667,1.65,8.35,1
2.2,1.606833333333333,2.083333333333333,1.580166666666666,2.06,2.17,1
2.983333333333333,2.486166666666667,3.616666666666667,2.888833333333333,12.84,16.06,3
1.733333333333333,1.791,1.9,2.204166666666667,3.18,3.43,3
1.733333333333333,1.3645,1.533333333333333,1.9025,4.57,2.81,3
2.066666666666666,2.172833333333333,1.95,1.6135,2.17,12.84,1
2.15,2.040666666666667,0.5,1.158333333333333,16.06,1.65,0
2.233333333333333,1.971,1.65,1.542333333333333,3.43,2.29,1
1.85,1.723833333333333,1.483333333333333,1.797333333333333,8.35,7.18,2
0.5333333333333333,1.479333333333333,1.733333333333333,1.3905,2.32,3.18,0
0.25,1.3,2.483333333333333,1.995,4.57,2.02,1
2.15,1.913333333333334,2.483333333333333,2.603333333333333,2.81,4.29,4
2.233333333333333,1.771333333333333,0.3333333333333333,0.9326666666666668,7.08,2.06,0
2.533333333333333,1.495,2.4,2.636666666666667,2.38,1.63,0
2.083333333333333,1.438666666666667,3.366666666666667,2.311166666666667,1.63,2.17,1
1.983333333333333,2.008,3.4,2.129666666666667,12.84,7.08,4
2.333333333333333,2.1225,1.833333333333333,1.698666666666667,7.18,2.38,0
1.083333333333333,1.191666666666667,2.783333333333333,1.906,2.02,2.32,1
2.833333333333333,2.008,1.483333333333333,1.503,2.29,8.35,1
2.95,2.255,2.233333333333333,1.7725,1.65,4.57,1
3.2,2.356666666666666,2.583333333333333,2.032166666666667,4.29,16.06,1
1.95,2.318166666666666,2.033333333333333,2.114166666666667,2.06,3.43,0
2.7,2.105166666666666,2,2.281666666666667,3.18,2.81,2
2.45,1.864,2.35,1.447833333333333,2.02,2.06,0
1.55,1.977166666666667,1.25,1.692833333333333,16.06,1.63,1
2.166666666666667,1.711166666666667,2.433333333333334,1.628666666666667,3.43,7.18,0
2.016666666666667,1.752,2.1,1.928666666666667,2.38,2.17,0
2.983333333333333,2.434166666666667,1.116666666666667,1.569166666666667,8.35,12.84,1
1.85,2.057833333333333,1.45,1.395833333333333,2.32,1.65,3
0.2,0.9483333333333334,2.2,1.876,7.08,3.18,2
1.033333333333333,1.086666666666666,2.283333333333333,1.857333333333334,2.81,2.29,2
3.183333333333333,2.317833333333333,2.283333333333333,1.977166666666667,4.57,4.29,0
1.533333333333333,2.052333333333333,1.683333333333333,1.833166666666667,2.17,8.35,2
1.7,1.582666666666667,2.933333333333334,2.057666666666667,12.84,2.38,2
1.283333333333333,1.055166666666667,2.7,1.765666666666667,7.18,2.32,2
3.183333333333334,1.815,0.7,1.457333333333333,2.06,4.57,0
3.183333333333334,2.971,1.283333333333333,1.431833333333333,2.29,16.06,1
3.033333333333333,2.261666666666667,2.533333333333333,1.7735,4.29,7.08,1
0.9166666666666666,1.48,2.516666666666667,2.874833333333333,3.18,2.02,4
2.85,1.984833333333333,3.233333333333333,3.49,1.63,3.43,0
2.266666666666667,2.123833333333333,1.783333333333333,1.074,1.65,2.81,1
1.9,1.379333333333333,0.7,1.62,4.57,7.18,1
1.8,2.2435,2.35,1.440833333333333,2.02,4.29,0
0.8666666666666667,0.658,0.4,0.9401666666666667,2.06,2.29,2
2.033333333333333,2.273833333333333,2.5,1.9285,2.32,12.84,2
0.65,1.203833333333333,1.95,1.378833333333333,3.43,2.17,0
2.166666666666667,1.664333333333333,0.8333333333333333,1.1935,16.06,3.18,0
1.583333333333333,1.801,1.966666666666667,1.556,2.81,1.63,1
2,2.126,2.166666666666667,2.211833333333333,7.08,1.65,2
2.133333333333333,1.498166666666667,0.7333333333333334,1.179333333333333,8.35,2.38,0
1.1,1.682,1.783333333333333,1.646666666666667,4.29,2.06,1
1.45,1.662,2.733333333333333,3.834166666666667,3.18,4.57,0
2.233333333333333,2.562666666666667,2.283333333333333,1.708666666666667,1.65,2.02,3
3.133333333333333,2.399166666666667,1.283333333333333,1.4905,2.29,7.08,2
1.116666666666667,0.9636666666666667,1.233333333333333,2.242333333333334,2.38,2.32,2
1.783333333333333,2.9375,1.616666666666667,2.240166666666667,2.17,16.06,1
1.5,1.847,1.716666666666667,1.363333333333333,12.84,3.43,1
1.616666666666667,2.509666666666667,2.45,2.8155,1.63,8.35,4
2.483333333333333,2.224166666666667,2.166666666666667,2.260666666666667,7.18,2.81,3
1.683333333333333,2.697333333333333,2.2,1.505833333333333,8.35,16.06,3
1.633333333333333,1.8875,1.583333333333333,1.973166666666667,2.38,3.43,1
2.833333333333333,2.476833333333333,1.783333333333333,1.831666666666667,2.29,2.02,1
0.8333333333333333,1.206166666666667,2.95,2.0335,1.65,2.06,0
1.7,1.127666666666667,3.6,2.849833333333334,1.63,2.32,2
2.95,2.175833333333333,1.533333333333333,2.0395,2.17,2.81,0
2.65,2.4475,3.133333333333333,2.386666666666667,7.18,7.08,1
1.75,2.092833333333333,1.733333333333333,3.010833333333333,3.18,4.29,1
0.9333333333333333,1.710166666666667,1.2,1.501666666666667,12.84,4.57,0
1.366666666666667,3.285666666666667,1.616666666666667,1.8285,2.81,12.84,1
2.483333333333333,1.9495,1.566666666666667,2.814666666666667,3.43,8.35,4
2.816666666666666,2.65,2.1,2.235333333333333,2.02,7.18,1
2.2,2.321833333333333,1.783333333333333,1.6215,4.29,1.65,0
0.5,0.7436666666666667,3.066666666666666,2.055,2.32,2.17,2
1.666666666666667,1.768,0.5833333333333333,2.384333333333333,4.57,2.29,3
1.933333333333333,2.010333333333334,2,1.816333333333334,2.06,3.18,2
1.566666666666667,1.8855,0.5,0.8496666666666668,16.06,2.38,2
3.483333333333333,2.397166666666667,2.866666666666667,2.5575,7.08,1.63,1
2.083333333333333,2.208166666666667,1.533333333333333,1.278833333333333,2.29,4.29,0
2.283333333333333,1.141833333333333,0.75,1.063333333333333,12.84,2.02,2
1.283333333333333,1.506666666666667,1.333333333333333,0.9716666666666667,16.06,3.43,2
1.483333333333333,2.1145,0.5333333333333333,2.112166666666667,3.18,1.65,1
0.45,1.0705,2.283333333333333,1.389666666666667,7.18,2.06,1
1.933333333333333,1.476166666666667,1.95,2.305,2.17,7.08,2
1.85,1.717,3.033333333333333,2.098166666666667,2.38,2.81,0
2.666666666666667,1.690833333333333,2.5,1.411666666666667,8.35,2.32,0
0.7,1.358833333333333,2.766666666666667,1.492833333333333,1.63,4.57,1
1.733333333333333,2.206,0.75,1.405,3.18,12.84,3
1.783333333333333,1.314833333333334,0.9833333333333334,1.934,2.81,3.43,1
3.383333333333333,2.052333333333333,2.183333333333334,1.6325,2.02,8.35,0
1.316666666666667,1.924166666666667,1.483333333333333,1.5385,7.08,2.38,2
4.783333333333333,2.7105,2.816666666666666,1.68,2.32,16.06,2
0.9166666666666666,0.78,1.2,2.087333333333333,4.57,2.17,1
1.983333333333333,2.0165,1.7,1.655666666666667,4.29,7.18,1
2.65,2.021833333333333,1.766666666666667,1.434,1.65,2.29,0
1.883333333333333,1.576,2.016666666666667,1.87,2.06,1.63,1
2.033333333333333,2.5065,1.033333333333333,1.306,7.18,1.65,0
0.75,1.292333333333333,0.85,0.8446666666666667,8.35,2.81,2
1.366666666666667,0.7903333333333333,1.483333333333333,1.069333333333333,1.63,2.02,1
0.8333333333333333,1.367,1.916666666666667,1.598333333333333,12.84,2.06,0
1.15,1.285166666666667,3.366666666666667,2.615666666666667,3.43,2.32,2
2.233333333333333,2.004666666666667,1.95,2.400333333333333,2.29,3.18,2
1.616666666666667,1.516,1.366666666666667,1.239,16.06,7.08,1
0.7,2.029833333333333,1.916666666666667,2.0815,2.17,4.29,0
1.083333333333333,0.8083333333333333,1.7,1.367833333333333,2.38,4.57,1
1.6,1.607333333333334,0.5333333333333333,2.186666666666667,2.81,2.32,2
1.533333333333333,1.236666666666667,3.25,2.380833333333333,3.18,1.63,1
2.566666666666666,1.768666666666666,1.7,1.058333333333333,2.02,2.38,0
1.3,1.848333333333333,1.983333333333333,2.217666666666667,2.06,8.35,2
3.716666666666666,2.228,2.433333333333334,1.741,4.57,16.06,2
3.033333333333333,2.559666666666667,1.866666666666667,1.541666666666667,7.08,3.43,1
1.233333333333333,1.214,1.65,1.639666666666667,1.65,2.17,1
2.7,2.593333333333333,1.333333333333333,1.415333333333333,4.29,12.84,1
1.783333333333333,1.893333333333334,2.2,2.277333333333333,2.29,7.18,1
1.283333333333333,1.014166666666667,2.233333333333333,1.903333333333333,2.32,4.57,1
0.9166666666666666,0.9888333333333333,1.233333333333333,1.019,16.06,2.81,0
1.233333333333333,1.635333333333334,2.916666666666667,1.878833333333333,3.43,2.02,1
2.733333333333333,1.997166666666667,0.65,1.047166666666667,2.17,2.29,0
0,1.733166666666667,1.283333333333333,0.9533333333333333,1.63,4.29,1
0.95,1.116333333333333,1.083333333333333,1.769666666666667,2.38,2.06,0
1.983333333333333,1.528,1.166666666666667,0.8963333333333333,8.35,7.08,2
1.866666666666667,1.243166666666667,1.2,1.6605,7.18,3.18,2
0.95,1.4105,0.9,1.742833333333333,12.84,1.65,1
1.65,1.228666666666667,0.7833333333333333,1.6535,4.29,2.38,2
0.7,0.6716666666666666,1.233333333333333,1.055333333333333,7.08,2.81,0
1.033333333333333,1.946833333333333,1.933333333333333,2.193166666666667,2.29,1.63,0
2.033333333333333,1.600333333333333,1.333333333333333,1.624166666666667,1.65,3.43,2
1.666666666666667,1.378166666666667,1.866666666666667,2.026,2.06,2.32,0
0.6666666666666666,1.462,2.116666666666667,2.118666666666667,4.57,8.35,2
1.933333333333333,1.847,1.666666666666667,1.7015,7.18,12.84,1
1.283333333333333,1.976166666666666,2.433333333333334,2.552833333333333,3.18,2.17,3
1.566666666666667,2.530666666666667,1,0.7911666666666667,2.02,16.06,4
1.866666666666667,1.265833333333333,1.133333333333333,1.910166666666667,2.32,7.08,1
0.25,1.242166666666667,0.45,0.5658333333333333,16.06,2.06,0
1.283333333333333,0.8701666666666666,1.233333333333333,1.149166666666667,3.43,4.57,0
0.3333333333333333,0.8436666666666667,1.283333333333333,1.896333333333333,1.63,1.65,3
0.7833333333333333,1.269666666666667,1,1.335333333333333,2.81,2.02,0
1.333333333333333,1.984833333333333,1.816666666666667,1.143833333333333,8.35,4.29,0
1.483333333333333,1.775833333333333,1,0.8606666666666667,2.17,7.18,0
1.8,2.074166666666667,0.8333333333333333,1.417166666666667,12.84,2.29,2
2.316666666666666,1.358666666666667,1.45,1.767666666666667,2.38,3.18,1
1.45,1.5025,1.583333333333333,1.413333333333333,2.02,2.17,2
0.65,0.8181666666666666,1.95,1.5175,2.29,2.32,0
2.616666666666667,1.556333333333333,1.866666666666667,2.641166666666667,4.29,3.43,3
0,0.9703333333333333,3.65,3.245166666666667,2.06,2.81,2
2.416666666666667,1.634166666666667,1.616666666666667,1.563333333333333,1.65,2.38,3
1.733333333333333,0.9185,2.816666666666666,2.226833333333333,4.57,7.08,1
0.7,1.4095,1.583333333333333,1.584166666666667,12.84,1.63,0
2.066666666666666,2.579333333333333,2.95,1.6145,3.18,8.35,0
4.733333333333333,4.184333333333333,1.233333333333333,1.775833333333333,7.18,16.06,1
1.95,2.301666666666667,1,1.530833333333333,16.06,12.84,0
0.7,0.5695,0,1.279833333333333,7.08,2.02,0
0.45,1.118666666666667,0.75,0.9045,2.81,4.57,0
2.233333333333333,1.445333333333333,1.7,1.561166666666667,3.43,3.18,0
1.7,1.306166666666666,1.65,1.434666666666667,8.35,1.65,0
1.45,2.292,1.95,2.761166666666667,1.63,7.18,3
0.5,0.8768333333333334,1,0.722,2.17,2.06,1
2.416666666666667,2.0645,1.333333333333333,0.9168333333333334,2.38,2.29,1
2.2,2.151166666666667,2.033333333333333,1.7695,2.32,4.29,0
3.15,2.029166666666667,2.783333333333333,3.314833333333333,1.63,2.38,1
0,0.6961666666666666,4.35,2.086166666666667,3.18,2.32,1
0.2,1.209166666666667,2.466666666666667,2.233,2.02,4.57,2
0.6666666666666666,1.455666666666667,1.9,2.140833333333333,4.29,2.81,1
5.633333333333333,4.394666666666667,1.65,1.749666666666667,1.65,16.06,4
1.783333333333333,1.576833333333333,2.666666666666667,2.663666666666667,2.06,7.08,2
1.766666666666667,1.4695,3.7,3.0355,12.84,2.17,0
5.15,2.973833333333333,1.75,1.187666666666667,2.29,3.43,1
0.9,1.669166666666667,1.533333333333333,1.751166666666667,7.18,8.35,4
1.35,1.1005,0.85,1.335333333333333,4.57,1.65,0
2.083333333333333,1.642,1.25,1.799333333333333,3.43,2.06,0
1.2,1.373333333333334,1.25,1.36,2.81,3.18,1
1.983333333333333,1.964333333333333,1,1.407,8.35,2.29,1
1.866666666666667,1.559666666666667,2.083333333333333,1.307,2.17,1.63,1
1.75,1.652,1,1.305333333333333,16.06,4.29,1
2.35,1.829333333333333,1.5,1.711333333333333,7.08,12.84,0
2,2.647,1.783333333333333,1.290833333333333,2.38,7.18,1
0.25,0.8133333333333334,1.45,1.447,2.32,2.02,0
0.6666666666666666,1.230166666666667,3.433333333333334,3.0535,4.29,4.57,0
3.433333333333334,3.147666666666667,2.533333333333333,1.846666666666667,7.18,3.43,5
1.733333333333333,2.1715,2.833333333333333,1.835166666666667,2.29,2.81,3
0.2,0.7033333333333334,2.316666666666666,2.949833333333333,2.06,2.02,0
5.533333333333333,3.883333333333333,1.783333333333333,2.288833333333333,1.63,16.06,3
1.933333333333333,1.819833333333333,1.95,1.008333333333333,2.17,2.38,0
3.333333333333333,2.293666666666667,2.5,1.915333333333333,12.84,8.35,0
1.333333333333333,1.656833333333333,1.933333333333333,1.842333333333333,1.65,2.32,0
2.366666666666667,1.655833333333333,2.833333333333333,2.025333333333333,3.18,7.08,2
1.233333333333333,0.9146666666666667,1.25,1.523833333333334,3.43,1.63,1
0.7833333333333333,1.488166666666666,0.5833333333333333,0.5071666666666667,16.06,2.29,1
1.25,1.1825,0.8333333333333333,1.644833333333333,2.81,1.65,2
1.583333333333333,1.333833333333333,2.066666666666666,2.131666666666667,2.02,3.18,2
2.333333333333333,1.506166666666667,1.75,1.3015,7.08,4.29,1
1.45,1.730833333333333,1.5,1.3965,4.57,2.06,3
1.533333333333333,1.698833333333333,2.583333333333333,2.511666666666667,8.35,2.17,1
2.183333333333334,2.171333333333333,1.25,1.412833333333333,2.32,7.18,0
2.75,2.578,2.033333333333333,1.972333333333333,2.38,12.84,1
2.066666666666666,1.948666666666667,1.8,1.493166666666667,1.65,7.08,2
2.7,2.122833333333333,2.95,2.1895,1.63,2.81,1
3.866666666666667,3.085666666666667,0.85,1.79,2.17,3.43,0
2.2,1.914666666666667,1,1.088666666666667,12.84,2.32,2
0.9,0.8485,4.216666666666667,2.921166666666667,7.18,4.57,1
5.05,2.923999999999999,2.866666666666667,3.177166666666666,3.18,16.06,3
1.8,2.451166666666666,1.816666666666667,2.529166666666667,2.38,8.35,0
1.5,2.3245,1.95,1.967,4.29,2.02,1
2.433333333333334,2.574666666666667,4.2,2.214833333333333,2.29,2.06,0
2.033333333333333,1.3925,1.033333333333333,1.486666666666667,16.06,2.17,4
1.833333333333333,2.172666666666667,1.833333333333333,1.378833333333333,3.43,12.84,1
2.7,1.9105,2.366666666666667,1.562333333333333,2.81,7.18,6
1.666666666666667,1.165333333333333,2.816666666666666,2.5095,2.02,1.65,0
2.033333333333333,1.703666666666667,1.333333333333333,1.4685,7.08,2.29,0
2.033333333333333,1.324333333333333,1.533333333333333,1.357,8.35,1.63,2
2.783333333333333,2.34,2.233333333333333,2.049333333333333,2.06,4.29,1
0.5333333333333333,0.7955,1,1.114,2.32,2.38,2
1.866666666666667,1.8915,3.75,2.432,4.57,3.18,1