2.5,0.9205000000000001,0.5,1.032166666666667,2.01,1.72,2
0.95,1.922166666666667,2.533333333333333,1.61,1.35,4.13,4
2.533333333333333,2.6445,1.866666666666667,2.818,1.2,1.81,0
1.533333333333333,0.9815,2.216666666666667,1.887666666666667,6.49,1.7,0
1.45,1.583,1.866666666666667,1.397333333333333,0.891,1.35,0
0.9166666666666666,0.9834999999999999,4.166666666666666,1.900166666666667,1.72,2.36,2
0.4,1.0565,0.3333333333333333,0.4330000000000001,2.81,1.89,0
1,1.108333333333333,1.4,1.575333333333333,2.01,0.962,1
0,0.6943333333333334,0.5833333333333333,1.470833333333333,4.13,2.18,2
2.366666666666667,2.275666666666667,0,0.6183333333333334,10.22,6.06,2
2.816666666666666,2.167333333333334,0.5,0.9068333333333334,4.97,7.08,0
1.166666666666667,1.686333333333333,1.45,1.0565,8.32,1.88,1
0.9833333333333334,0.8925,1.75,1.822166666666666,6.06,1.7,0
3.45,3.267166666666666,1.833333333333333,1.659166666666667,2.18,10.22,1
2.833333333333333,2.242333333333334,0.3333333333333333,0.9266666666666667,4.97,4.13,2
1.233333333333333,1.832166666666667,3.783333333333333,2.286833333333333,1.35,0.962,1
1.833333333333333,1.294333333333333,1.166666666666667,2.830666666666667,1.2,6.49,3
2.016666666666667,1.4885,2.2,2.210166666666667,1.89,1.72,0
1.333333333333333,1.313333333333333,1.733333333333333,1.542333333333333,1.81,2.81,2
2.283333333333333,1.176333333333333,1.783333333333333,2.535666666666667,1.88,2.01,0
2.083333333333333,2.577166666666667,3.033333333333333,2.387666666666667,7.08,8.32,2
2.733333333333333,2.575166666666667,1.333333333333333,1.534833333333333,2.36,0.891,1
2.2,2.416,1.15,0.7526666666666666,0.891,1.81,4
1.166666666666667,1.158666666666667,2.566666666666666,1.706,1.72,2.18,3
3.066666666666666,2.1235,1.2,1.060666666666667,2.81,6.06,0
0.5,1.218166666666667,1.333333333333333,2.044666666666667,2.01,1.89,0
1.6,1.223666666666667,1.166666666666667,1.2245,10.22,1.35,0
1.566666666666667,1.284,2.816666666666666,2.001833333333333,1.7,2.36,2
1.233333333333333,1.5385,1.933333333333333,1.323666666666667,8.32,1.2,2
1.483333333333333,1.351666666666667,0.8666666666666667,1.448666666666667,4.13,1.88,1
1.65,1.668666666666667,2.183333333333334,1.446,0.962,7.08,1
1.25,1.544166666666667,1.15,1.636833333333333,6.49,4.97,1
1.283333333333333,1.584833333333333,1.783333333333333,1.706666666666667,2.18,0.891,1
1.15,1.155333333333333,1.7,1.985666666666666,1.88,1.72,0
1.116666666666667,1.894166666666667,2.216666666666667,1.885666666666667,7.08,2.81,0
0.7,1.012166666666667,2.883333333333333,2.157166666666667,1.35,1.7,0
0.7833333333333333,1.450166666666667,0.75,1.549166666666667,6.06,0.962,0
4.366666666666667,3.771666666666667,1.85,1.413833333333333,1.89,8.32,1
2.2,1.732666666666667,1.116666666666667,1.636666666666667,1.81,6.49,1
2.05,1.173666666666667,1.366666666666667,1.413,4.97,2.01,0
2.683333333333334,2.742166666666666,1.283333333333333,1.473333333333333,2.36,10.22,0
3.216666666666667,2.093,4.4,4.072166666666667,1.2,4.13,1
2.15,2.5815,1.866666666666667,1.116166666666667,8.32,6.06,0
1.516666666666667,2.2,3.083333333333333,2.379,0.891,10.22,2
1.333333333333333,2.3615,2.15,1.908166666666667,1.72,7.08,0
2.433333333333334,2.1015,1,2.068,2.81,4.97,1
0.75,1.0105,1.066666666666667,1.621,1.88,1.89,0
1.816666666666667,1.837333333333333,1.95,2.3505,2.01,2.36,4
3.15,2.725666666666667,2.316666666666666,2.175833333333333,1.7,2.18,0
1,1.085666666666667,1.083333333333333,1.5775,6.49,1.35,2
1.616666666666667,1.716166666666667,2.033333333333333,2.578,0.962,1.2,1
2.333333333333333,2.247,1.233333333333333,1.518166666666667,4.13,1.81,2
0.5333333333333333,0.7248333333333334,0.7833333333333333,1.401333333333334,2.18,1.89,0
1.183333333333333,1.377666666666667,1.233333333333333,2.109833333333333,2.81,6.49,2
3.033333333333333,2.031333333333333,2.733333333333333,1.930666666666667,1.81,2.36,1
0.7,0.8951666666666667,1.433333333333333,1.574666666666667,1.7,0.962,1
3.233333333333333,2.066166666666667,3.2,2.361333333333333,0.891,4.13,1
1.25,1.322,0.5333333333333333,0.9328333333333334,10.22,1.72,0
1.5,1.0615,0.7,1.330166666666667,1.35,2.01,1
3.233333333333333,3.5475,2.15,1.612,4.97,8.32,1
1.533333333333333,1.414333333333333,1.4,1.399166666666667,7.08,1.2,2
0.7833333333333333,1.546333333333333,1,1.750666666666667,6.06,1.88,0
2,1.639333333333333,0.65,1.597166666666666,1.89,6.06,2
4.566666666666666,2.168833333333333,2.116666666666667,1.2375,4.13,10.22,3
1.35,1.6205,1.9,0.8881666666666667,1.88,2.18,1
1.2,1.125,2.583333333333333,2.901166666666667,2.01,1.7,1
2.216666666666667,2.5325,0.65,0.8933333333333333,8.32,1.81,3
1.25,1.048666666666667,4.35,1.897166666666667,1.72,0.891,2
2,2.104833333333334,2.033333333333333,2.000666666666667,0.962,2.81,1
1.283333333333333,1.582833333333333,2.783333333333333,2.4745,1.2,4.97,2
1.45,2.200666666666667,2.116666666666667,2.2095,6.49,7.08,1
1.416666666666667,2.3965,1.366666666666667,2.194166666666667,2.36,1.35,1
1.616666666666667,1.804166666666666,0.2,1.433,2.18,1.2,1
1.533333333333333,1.148833333333333,1.033333333333333,0.8751666666666666,1.7,4.13,0
0.7,0.752,1.433333333333333,1.567833333333333,0.891,1.89,0
1.333333333333333,0.9998333333333334,1.866666666666667,1.915166666666666,6.49,2.01,0
0.5,1.009666666666666,0.8333333333333333,1.591333333333333,1.35,1.72,1
1.85,2.566833333333333,3.033333333333333,1.494166666666667,1.81,4.97,4
2.033333333333333,1.566166666666667,1.816666666666667,1.878833333333333,0.962,2.36,3
0.2,1.612666666666667,0.2,0.7461666666666666,10.22,1.88,1
1.366666666666667,1.663166666666667,1,1.298166666666667,6.06,7.08,2
2.533333333333333,2.6775,1.616666666666667,1.694833333333333,2.81,8.32,1
4.15,2.162,1.183333333333333,2.477333333333333,4.97,10.22,0
1.333333333333333,1.439166666666667,1.733333333333333,1.305,6.06,2.18,2
1.983333333333333,2.304166666666667,2.083333333333333,1.602166666666667,1.88,1.35,2
1.166666666666667,1.197333333333333,1.5,1.627333333333333,8.32,0.891,2
1.05,1.011166666666667,3.416666666666667,1.639333333333333,1.72,4.13,2
1.833333333333333,1.993166666666667,0.9833333333333334,1.927666666666667,2.36,6.49,0
0.7833333333333333,1.254166666666667,0.6666666666666666,1.184166666666667,1.89,0.962,2
0.9833333333333334,0.8318333333333332,3.233333333333333,2.140166666666667,7.08,2.01,2
0.8333333333333333,1.0315,4.05,2.417833333333333,1.81,1.7,2
1.933333333333333,1.8265,2.366666666666667,2.38,1.2,2.81,3
1.916666666666667,1.2985,1.783333333333333,1.628,1.35,2.18,1
1.75,2.327166666666667,1.65,1.201833333333334,4.13,1.89,0
2.483333333333333,2.571166666666667,0.3333333333333333,0.6788333333333333,10.22,2.81,1
3.433333333333334,1.989,0.45,2.139333333333333,2.36,6.06,1
0.95,2.240166666666667,3.566666666666666,2.0065,1.72,1.81,0
1.483333333333333,1.7225,1.616666666666667,2.425333333333334,2.01,1.2,2
1.833333333333333,1.927166666666666,3.15,3.314833333333334,0.962,4.97,4
2.283333333333333,1.8105,1.15,1.165333333333333,6.49,8.32,0
1.333333333333333,1.368333333333333,1.2,1.183166666666667,0.891,1.88,0
1.816666666666667,1.527,0.45,0.7426666666666666,1.7,7.08,2
1.6,1.654666666666667,2.266666666666667,1.434166666666667,1.81,10.22,3
0.5833333333333333,1.076166666666667,2.516666666666667,2.135333333333334,8.32,1.72,0
1.366666666666667,0.6853333333333333,1.916666666666667,2.138666666666666,2.18,0.962,1
1.7,2.084333333333333,1.366666666666667,0.7256666666666667,6.06,6.49,0
0.8666666666666667,1.102666666666667,2.4,2.335833333333333,1.2,1.7,1
1.366666666666667,1.044166666666667,1.283333333333333,1.770333333333333,2.81,2.01,2
1.066666666666667,1.668333333333333,0.7,0.9991666666666666,4.97,0.891,1
2.366666666666667,1.691,2.566666666666666,1.692333333333333,1.89,1.35,3
1.283333333333333,1.4265,1.366666666666667,1.339,1.88,2.36,1
2.166666666666667,2.016333333333333,1.866666666666667,1.572666666666667,7.08,4.13,2
2.283333333333333,1.590333333333333,1.25,1.011333333333333,4.13,2.81,0
1.633333333333333,2.630166666666667,2.316666666666666,1.697166666666666,2.01,6.06,1
1.733333333333333,1.614,0.25,1.175,6.49,2.18,2
0.5,1.172333333333333,2.533333333333333,1.787,1.35,1.81,0
2.633333333333333,2.143666666666667,1.9,2.261333333333333,1.72,4.97,0
1.116666666666667,1.281166666666667,1,1.456,0.891,1.2,0
2.25,2.096833333333333,1.333333333333333,2.726166666666667,2.36,1.89,2
1.7,1.522,0.6666666666666666,1.177,1.7,1.88,0
1.7,2.195,3.183333333333334,3.001166666666667,0.962,8.32,4
2.316666666666666,1.4615,1.033333333333333,0.7203333333333333,10.22,7.08,1
1.316666666666667,1.427166666666666,1.733333333333333,1.649166666666667,2.18,2.01,1
1,1.229166666666667,0.7333333333333334,0.9048333333333334,1.88,6.49,1
1.533333333333333,1.760833333333333,1.566666666666667,1.412166666666667,7.08,2.36,1
0.7333333333333334,1.045166666666667,3.15,2.330166666666666,1.89,1.7,1
1.483333333333333,0.6751666666666667,3.9,2.285166666666667,1.81,0.962,1
4.4,2.458166666666667,1.083333333333333,1.045166666666667,4.97,1.35,3
0.7,0.8638333333333333,1.183333333333333,1.745166666666667,1.2,1.72,1
3.316666666666666,2.040166666666667,0.4,0.7151666666666667,6.06,4.13,2
0.7333333333333334,1.781166666666667,2.616666666666667,2.235666666666666,2.81,0.891,0
1.75,1.742666666666667,1.4,1.022833333333333,8.32,10.22,3
2.733333333333333,2.103166666666667,0.75,1.313333333333333,0.891,7.08,0
1.533333333333333,1.58,2.95,2.386166666666667,1.35,6.06,1
2.333333333333333,2.017833333333334,1.5,0.6431666666666667,4.13,8.32,1
1.916666666666667,1.323166666666667,1.166666666666667,2.127,6.49,1.89,1
1.616666666666667,1.447,2.866666666666667,2.686666666666667,2.36,2.18,3
3.05,3.166,0.9,1.054,1.7,4.97,2
1,2.055,3.383333333333333,2.379333333333333,0.962,1.88,3
1.2,0.8566666666666667,2,2.9615,1.72,2.81,2
1.25,1.575666666666667,1.733333333333333,1.396,2.01,1.81,2
1.9,1.954333333333333,1.283333333333333,1.131666666666667,10.22,1.2,0
2.533333333333333,2.327833333333333,3.183333333333334,2.112833333333334,1.81,2.18,1
0.5833333333333333,0.9426666666666668,1.566666666666667,0.9315,4.13,6.49,1
3.35,2.057166666666667,1.15,1.3805,2.81,1.35,1
1.933333333333333,1.409833333333333,2.533333333333333,1.384666666666666,1.2,1.89,0
1.783333333333333,2.250833333333333,2.4,3.350333333333333,1.72,0.962,2
1.033333333333333,1.453833333333333,0.7833333333333333,0.8291666666666667,10.22,1.7,0
2.233333333333333,2.147333333333333,0.9833333333333334,1.383666666666667,7.08,1.88,1
1.416666666666667,1.102,1.95,1.820166666666667,4.97,6.06,1
1.733333333333333,1.206333333333333,0.5333333333333333,1.377,0.891,2.01,2
2.533333333333333,2.890166666666667,1.25,0.9358333333333333,8.32,2.36,1
2.166666666666667,2.4765,3.15,3.1975,2.36,4.97,1
0.5,1.5025,1.333333333333333,1.438666666666667,6.06,0.891,1
0.95,1.3765,2.45,2.245166666666667,2.18,7.08,1
3.283333333333333,2.197166666666666,1.616666666666667,1.7475,2.01,10.22,0
2.6,2.429333333333333,2.8,1.839333333333333,0.962,4.13,1
2.383333333333333,2.431,1.916666666666667,2.103,1.7,8.32,2
2.166666666666667,1.866,1.15,2.1135,1.89,1.81,1
1.25,1.952166666666667,1.833333333333333,1.781833333333334,1.35,1.2,1
1.416666666666667,1.704166666666667,0.9166666666666666,1.546333333333334,1.88,2.81,1
0.95,1.1295,2.483333333333333,2.461,6.49,1.72,1
3.783333333333333,3.063666666666667,2.2,1.379,1.2,1.88,3
2.033333333333333,1.431333333333333,0.2,0.7025,10.22,6.49,1
1.45,1.5905,1.683333333333333,2.272166666666667,4.97,1.89,2
2.366666666666667,1.770333333333333,1.366666666666667,1.029666666666667,0.891,0.962,0
1.483333333333333,1.125166666666667,2.033333333333333,1.703666666666667,1.81,6.06,2
2.783333333333333,1.803166666666667,2.833333333333333,2.3785,2.81,2.18,1
1.366666666666667,0.8526666666666667,1.433333333333333,0.9124999999999999,8.32,2.01,1
2.183333333333334,1.5905,2.033333333333333,1.537166666666667,7.08,1.35,0
1.783333333333333,2.448,1.983333333333333,0.8918333333333333,4.13,2.36,1
0.95,1.0935,3.266666666666667,2.422333333333333,1.72,1.7,1
2.483333333333333,1.966666666666667,1.933333333333333,2.081333333333333,2.18,4.97,3
2.866666666666667,1.901333333333333,2.283333333333333,1.058666666666667,1.35,8.32,1
1.583333333333333,1.681666666666667,2.783333333333333,2.301,6.49,0.891,1
1.733333333333333,2.209333333333333,1.233333333333333,1.150166666666667,1.88,1.81,1
1.083333333333333,1.073666666666667,1.433333333333333,1.909666666666667,2.36,1.2,2
1.833333333333333,1.172833333333333,2.083333333333333,2.340333333333334,1.89,7.08,4
0.5833333333333333,1.266,1.283333333333333,1.798666666666667,6.06,1.72,0
1.083333333333333,1.314333333333333,2.15,1.406,2.01,4.13,1
1.483333333333333,1.566666666666667,1.566666666666667,1.868333333333333,1.7,2.81,1
2.8,2.177,2.183333333333334,1.381333333333334,0.962,10.22,2
1.666666666666667,1.484,1.333333333333333,0.8851666666666667,10.22,1.89,1
1.9,1.1345,2.35,2.070666666666667,6.49,0.962,0
1.583333333333333,1.221833333333333,1.15,0.9844999999999999,0.891,1.7,0
2.2,1.336333333333333,1.033333333333333,1.1175,4.13,1.35,1
1.116666666666667,1.5325,4,1.737333333333333,1.2,6.06,1
2.95,2.332333333333333,1.616666666666667,1.7075,4.97,1.88,1
1.783333333333333,1.4095,2.283333333333333,0.8298333333333333,8.32,2.18,0
3.25,1.685666666666667,1.866666666666667,1.687,1.81,7.08,2
3.283333333333333,1.9265,2.783333333333333,2.038,2.81,2.36,1
2.183333333333334,1.418333333333333,2.233333333333333,1.864,1.7,6.49,0
1.616666666666667,0.9606666666666668,2.233333333333333,2.355333333333333,1.81,1.2,2
2.533333333333333,2.020666666666667,2.283333333333333,1.014,1.35,0.891,0
1.283333333333333,1.434,3.283333333333333,2.761333333333333,1.89,2.81,2
0.7333333333333334,0.7128333333333333,2.366666666666667,1.792666666666667,0.962,2.01,0
1.533333333333333,1.471,2.45,1.703333333333333,2.18,4.13,3
2.45,2.237333333333333,1.433333333333333,1.441833333333333,7.08,4.97,1
2.483333333333333,1.2065,1.283333333333333,1.350666666666667,1.88,8.32,0
2.416666666666667,2.646666666666667,0.95,1.070666666666667,6.06,10.22,1
1.283333333333333,1.5715,1.533333333333333,2.274833333333333,2.81,1.81,0
2.033333333333333,1.390166666666667,0.85,1.085833333333333,6.49,1.2,2
1.083333333333333,1.3435,1.566666666666667,1.458666666666667,0.962,1.35,0
1.233333333333333,1.009166666666667,1.25,1.561333333333333,1.7,6.06,0
2.616666666666667,2.548,0.25,1.030166666666667,0.891,2.36,1
1.483333333333333,1.695166666666667,1.483333333333333,1.942833333333333,1.72,1.89,0
1.683333333333333,1.628333333333333,1.583333333333333,1.6825,2.01,1.88,2
2.266666666666667,1.773666666666667,1.45,0.8754999999999999,8.32,7.08,2
2.183333333333334,1.852666666666667,0.5333333333333333,1.2145,4.13,4.97,0
0.45,1.0465,1.533333333333333,0.7956666666666667,10.22,2.18,0
1.733333333333333,1.658,0.7,0.7861666666666667,1.35,10.22,1
1.45,1.743166666666667,2.366666666666667,2.050666666666666,1.81,0.891,1
0.4,0.7424999999999999,1.333333333333333,1.508166666666667,2.36,1.7,2
0.2,0.7776666666666667,2.6,2.337666666666667,2.18,1.72,1
1.7,0.9621666666666666,1.966666666666667,1.992,1.89,2.01,0
1.7,1.320333333333333,2.583333333333333,1.983833333333333,1.2,8.32,0
0.7333333333333334,0.7795,1.783333333333333,1.4435,7.08,0.962,1
3.7,3.849166666666667,1.95,1.398333333333333,1.88,4.13,2
1.7,1.8995,2.45,2.558333333333334,4.97,6.49,1
2.116666666666667,1.913,0.5833333333333333,0.752,6.06,2.81,2
0.2,0.7063333333333334,0.6,1.464,1.7,1.35,0
0.95,1.265,1.666666666666667,1.627166666666667,6.49,1.81,1
2,1.5025,0.8333333333333333,1.144666666666667,0.891,2.18,1
1.583333333333333,1.754666666666667,0.45,0.417,10.22,2.36,0
2.366666666666667,1.897666666666667,0.2,0.6671666666666667,4.13,1.2,0
1.566666666666667,1.749833333333333,0.45,2.033,2.81,7.08,0
0.45,1.377,0.9,1.058333333333333,0.962,6.06,1
1.45,1.512166666666667,1.116666666666667,1.448333333333333,2.01,4.97,2
0.45,1.075333333333333,1.916666666666667,1.658333333333333,8.32,1.89,1
1.116666666666667,1.097333333333333,2.2,1.979833333333333,1.72,1.88,2
1,1.521,0.8666666666666667,0.7959999999999999,6.06,8.32,0
0.3333333333333333,0.6453333333333333,1.533333333333333,1.316333333333333,7.08,1.72,1
3.266666666666667,3.058333333333333,2.733333333333333,2.014833333333333,1.81,4.13,3
2.333333333333333,2.157833333333333,0.8333333333333333,1.3155,1.35,6.49,2
1.7,1.460333333333333,0.9,1.466,1.89,1.88,2
1.75,1.491,1.616666666666667,1.845666666666667,2.36,2.01,1
0.5333333333333333,0.4828333333333333,1.7,1.8625,1.2,0.962,3
1.166666666666667,1.598666666666667,2.683333333333334,2.143333333333334,2.18,1.7,0
2.066666666666666,1.8435,2.333333333333333,2.335333333333334,4.97,2.81,0
2.083333333333333,1.801333333333333,0.2,0.3078333333333333,10.22,0.891,0
1.766666666666667,1.810833333333333,2.166666666666667,1.749,1.72,2.01,0
1.083333333333333,0.9013333333333333,1.533333333333333,1.922666666666667,2.36,1.81,0
1.783333333333333,1.865166666666667,1.633333333333333,1.534833333333333,1.72,10.22,0
1.15,1.269333333333333,2.566666666666666,1.687333333333333,1.2,7.08,3
0.8333333333333333,1.376666666666667,2.083333333333333,1.419333333333333,0.962,1.7,1
1.45,1.325166666666667,0.5,0.3716666666666667,4.13,0.891,0
2.166666666666667,2.025833333333333,1.733333333333333,1.590166666666667,8.32,4.97,0
0.5,1.4535,1.333333333333333,1.491333333333333,2.01,1.35,3
0.8333333333333333,1.554833333333333,1.6,1.169166666666667,1.88,6.06,1
1.833333333333333,1.564666666666667,1.333333333333333,1.0595,1.89,2.18,1
1.233333333333333,1.275333333333333,1.733333333333333,2.030833333333333,6.49,2.81,1
1.083333333333333,0.8496666666666667,0.9833333333333334,2.017666666666666,2.36,1.72,0
1.2,0.7128333333333333,1.166666666666667,1.830333333333333,2.81,0.962,0
3.9,3.028333333333333,0.5,0.425,10.22,4.13,0
1.666666666666667,1.304166666666667,1.95,1.433833333333333,2.18,1.88,1
1.15,1.225,0.3333333333333333,1.265,1.7,2.01,1
0.7833333333333333,0.8196666666666668,3.116666666666667,1.866,0.891,1.72,2
1.916666666666667,2.612833333333334,1.616666666666667,1.347833333333333,1.35,2.36,1
1.583333333333333,1.176333333333333,0.9,1.182166666666667,6.06,1.89,1
1.75,1.446666666666667,2.95,3.477333333333333,1.81,8.32,3
2.116666666666667,1.926333333333333,0.7833333333333333,1.332,7.08,6.49,0
1.4,1.589333333333333,2.2,1.4355,4.97,1.2,1
1.433333333333333,1.389,1.95,1.679,2.01,6.49,1
1.283333333333333,1.931833333333334,0.45,0.994,7.08,6.06,1
1.6,1.3655,1.533333333333333,1.379,1.89,0.891,2
2.25,2.2595,1.666666666666667,1.797166666666667,1.72,1.35,0
1.7,1.468833333333333,1.083333333333333,1.486333333333334,1.88,10.22,1
0.75,0.5559999999999999,1.2,1.8605,2.36,0.962,1
1.033333333333333,1.621333333333333,1.25,0.7404999999999999,4.13,1.7,1
1.283333333333333,1.1365,2.15,2.232333333333334,1.2,2.18,2
0.45,1.107166666666667,1.9,1.719166666666667,4.97,1.81,3
0.5333333333333333,1.198166666666667,0.45,0.7988333333333334,8.32,2.81,2
1.95,1.962,1.783333333333333,1.302333333333333,2.01,7.08,2
1.283333333333333,1.479333333333333,2.333333333333333,1.983,2.18,6.06,3
1.366666666666667,1.117333333333333,1.366666666666667,0.6123333333333333,4.13,1.72,0
1.983333333333333,1.931,1.483333333333333,1.319833333333333,1.35,1.88,2
2.033333333333333,1.689666666666667,2.35,2.8415,0.962,1.89,2
1.7,1.729833333333334,1.033333333333333,1.427333333333333,1.7,1.81,0
0.9,2.132833333333333,1.25,1.183333333333333,10.22,4.97,2
2.733333333333333,3.215333333333333,1.45,1.721,6.49,2.36,3
2.433333333333334,2.054833333333333,2.65,1.991166666666667,2.81,1.2,1
3.75,2.0185,3.066666666666666,2.109833333333333,0.891,8.32,2
2.333333333333333,1.730333333333333,2.033333333333333,1.581833333333333,2.81,10.22,1
2.1,2.677,3.15,1.733666666666667,2.18,1.35,0
3.15,3.425166666666667,1.116666666666667,1.119666666666667,6.06,2.36,0
1.283333333333333,1.158666666666667,0.8333333333333333,0.7881666666666667,7.08,1.7,0
1.616666666666667,0.9166666666666665,1.766666666666667,2.344333333333333,1.2,2.01,1
3.133333333333333,2.014166666666667,2.116666666666667,2.584166666666667,1.89,4.13,1
1.333333333333333,1.870166666666667,3.35,2.1955,4.97,0.962,1
1.033333333333333,0.9468333333333333,2.666666666666667,0.87,8.32,6.49,0
0.8333333333333333,0.9558333333333333,1.983333333333333,1.9645,1.81,1.72,0
3.166666666666667,1.864166666666667,1.783333333333333,2.435833333333333,1.88,0.891,1
2.75,1.822333333333333,1.166666666666667,1.661333333333333,10.22,1.81,1
2.45,1.133166666666667,3,3.225833333333333,6.49,6.06,1
1.283333333333333,1.504,0.45,1.097333333333333,1.7,1.2,2
0.8333333333333333,1.269166666666667,1.116666666666667,1.496666666666667,2.01,2.81,4
1.866666666666667,1.924,1.116666666666667,1.015333333333333,1.35,1.89,3
0.7,1.088,2.916666666666667,3.2175,0.962,2.18,3
3.766666666666667,2.7025,3.733333333333333,2.332333333333334,1.72,8.32,2
2.416666666666667,3.202833333333333,1.566666666666667,1.496,0.891,4.97,3
1.166666666666667,1.834166666666667,1.15,1.114666666666667,4.13,7.08,2
1.366666666666667,1.654333333333333,1.983333333333333,1.442833333333333,2.36,1.88,1
1.783333333333333,1.336833333333333,0.95,1.178166666666667,7.08,10.22,2
2.033333333333333,2.016833333333333,1.883333333333333,2.058333333333334,2.81,4.13,1
1.45,1.583166666666667,2.35,2.355333333333333,2.18,6.49,2
1.5,3.803333333333333,0.95,1.201,1.81,1.35,1
3.85,2.356166666666667,2.233333333333333,3.940833333333333,1.89,2.36,4
2.733333333333333,1.79,1.983333333333333,2.712666666666667,1.2,0.891,1
1.45,1.566666666666667,3.533333333333333,2.141,1.88,1.7,0
1.483333333333333,2.300166666666667,1.4,1.721166666666667,6.06,2.01,1
1.2,1.3065,2.683333333333334,1.737833333333334,4.97,1.72,0
2.033333333333333,2.460833333333333,2.4,1.040666666666667,8.32,0.962,2
3.316666666666666,2.429833333333333,1.233333333333333,2.219166666666667,10.22,8.32,1
1.566666666666667,2.397333333333334,1.533333333333333,1.8665,2.36,7.08,2
1.533333333333333,2.528166666666666,2.4,1.415666666666667,0.891,2.81,1
1.866666666666667,1.697333333333333,3.966666666666667,2.354833333333333,1.72,1.2,2
1.333333333333333,1.934166666666667,3.65,2.482833333333333,0.962,1.81,1
3.65,2.589166666666667,1.4,1.503666666666667,1.35,4.97,3
2.15,2.423666666666667,1.666666666666667,2.438333333333333,1.7,1.89,1
2.5,1.343333333333333,2.733333333333333,3.360666666666666,2.01,2.18,1
1.733333333333333,2.072,3.183333333333334,2.617833333333333,6.49,1.88,0
2.433333333333334,2.135833333333333,0.9166666666666666,1.785333333333333,4.13,6.06,2
2.616666666666667,1.789166666666667,2.033333333333333,2.003333333333333,1.2,10.22,2
2.666666666666667,1.830333333333333,2.533333333333333,2.352333333333333,1.89,6.49,3
0.7833333333333333,1.653333333333333,0.5833333333333333,1.042166666666667,1.81,2.01,3
1.5,1.463,1.283333333333333,1.878333333333333,2.81,1.72,2
1.833333333333333,2.563666666666667,1.333333333333333,1.741333333333333,6.06,1.35,2
1.283333333333333,1.692333333333333,2.666666666666667,1.367,8.32,4.13,4
4.083333333333333,1.933833333333333,1.166666666666667,1.485333333333333,2.18,2.36,1
1.533333333333333,1.775333333333333,2.416666666666667,2.148666666666667,7.08,0.891,3
1.366666666666667,1.142,2.95,1.6645,1.88,0.962,0
0.2,1.248333333333333,1.033333333333333,0.8198333333333334,10.95,1.23,1
1.666666666666667,1.766,2.266666666666667,1.316833333333333,0.994,1.76,1
0.7,1.0815,1.866666666666667,0.6848333333333333,6.65,1.6,1
1.616666666666667,2.603166666666667,0.9,1.097833333333333,7.91,10.95,1
2.9,1.175833333333333,1.916666666666667,1.405666666666667,2.66,6.3,0
1.5,1.229333333333333,1.733333333333333,1.365166666666667,1.4,4.55,2
1.55,0.9976666666666666,1.166666666666667,1.146666666666667,1.99,1.16,1
1.366666666666667,1.168,1.2,1.054666666666667,2.11,1.56,1
1.333333333333333,1.4655,1.7,1.7895,1.95,2.29,2
1.783333333333333,1.303,0.2,0.7981666666666666,7.09,4.43,4
1.366666666666667,1.113166666666667,1.733333333333333,2.5045,1.23,0.994,0
1.9,0.9561666666666666,0.8333333333333333,1.093,1.76,3.17,1
1.9,1.1835,3.15,2.494,1.6,2.11,1
1.15,1.1315,0.95,1.3525,1.16,1.4,1
1.733333333333333,1.132833333333333,1.983333333333333,1.4685,0.994,1.99,0
3.733333333333333,3.017833333333333,2.483333333333333,1.040333333333333,1.56,6.65,4
1.283333333333333,1.5195,1.833333333333333,2.207833333333333,3.17,7.09,1
0.5,0.6636666666666666,2.4,1.459666666666667,2.29,2.66,1
0.75,1.260333333333333,1.533333333333333,0.743,10.95,1.95,1
1.333333333333333,1.3965,1.75,1.461166666666667,4.55,1.23,0
2.65,1.6285,1.866666666666667,1.396166666666667,6.3,7.91,4
1.983333333333333,1.739,0.5,1.125333333333333,4.43,1.76,0
0.9,1.106,2.233333333333333,1.371166666666667,6.65,0.994,1
1.35,0.9291666666666667,1.583333333333333,0.8341666666666667,2.11,6.3,1
1.733333333333333,1.146666666666667,2.666666666666667,2.993166666666666,1.95,1.56,1
1.333333333333333,1.6625,1.45,2.9225,1.23,3.17,0
1.083333333333333,1.3205,1.4,1.640166666666667,2.66,1.16,2
1.866666666666667,1.737166666666667,1.616666666666667,1.989,1.4,2.29,1
2.166666666666667,2.9715,1.233333333333333,1.069,1.99,4.55,1
1.333333333333333,1.336666666666667,2.033333333333333,2.21,1.76,1.6,0
3.533333333333333,3.163166666666667,0.3333333333333333,0.7006666666666668,7.91,4.43,1
2.483333333333333,2.860166666666666,1.833333333333333,2.479666666666667,7.09,10.95,0
2.083333333333333,1.333333333333333,2.2,1.4305,0.994,2.66,0
0.5833333333333333,1.371166666666667,3.083333333333333,2.624833333333334,1.6,1.95,2
0.7833333333333333,1.247166666666667,2.033333333333333,1.824333333333333,1.56,7.09,1
1.083333333333333,1.246333333333333,2.033333333333333,2.049166666666666,3.17,1.4,1
1.7,1.356166666666667,1.683333333333333,1.560833333333334,2.29,1.23,0
1.45,1.346,2.483333333333333,1.152333333333333,6.3,1.99,1
2.2,1.9255,1.033333333333333,0.5036666666666667,10.95,1.76,0
1.333333333333333,0.7483333333333334,1.25,1.481666666666667,4.55,2.11,0
4.283333333333333,2.630833333333333,1.25,1.6145,4.43,6.65,2
2.833333333333333,2.142333333333333,2.083333333333333,1.233333333333333,1.16,7.91,1
0.95,1.8325,1.983333333333333,2.168666666666667,1.95,7.09,1
1.2,1.277333333333333,1,2.646166666666667,1.23,1.6,1
2.383333333333333,2.299666666666667,2.983333333333333,2.5785,1.4,4.43,2
1.116666666666667,1.575833333333333,2.033333333333333,0.7478333333333333,6.3,1.16,0
1.533333333333333,1.480166666666667,0.5333333333333333,0.7826666666666666,7.91,1.56,0
1.483333333333333,2.0245,1.533333333333333,1.439833333333333,6.65,2.29,1
2.733333333333333,2.2585,1.95,2.879333333333333,1.76,4.55,1
1.95,2.856,1.783333333333333,1.54,1.99,10.95,0
1.45,1.178666666666667,2.533333333333333,1.214333333333333,2.11,2.66,3
1.583333333333333,1.415333333333333,1.816666666666667,1.6085,3.17,0.994,1
1.95,1.163666666666667,0.7,0.3196666666666667,10.95,2.11,1
3.716666666666667,2.169,0.5333333333333333,1.386333333333333,7.09,6.65,0
1.5,1.098833333333333,1.166666666666667,1.021,4.43,1.23,1
2.633333333333333,1.900333333333333,2.866666666666667,2.072333333333333,2.66,7.91,0
1.75,0.8976666666666666,1.683333333333333,2.005833333333333,1.95,1.76,0
0.7833333333333333,0.7515000000000001,2.616666666666667,1.958666666666667,1.6,1.4,0
1.333333333333333,0.7058333333333334,1.95,1.749833333333333,2.29,1.99,0
1.416666666666667,1.670166666666667,1.5,0.9071666666666667,4.55,6.3,3
2.033333333333333,2.068,1.783333333333333,1.709833333333333,1.16,3.17,1
1.616666666666667,1.188833333333333,2.133333333333333,2.067333333333333,1.56,0.994,1
2,1.7465,1.866666666666667,2.162166666666667,1.4,1.95,2
1.266666666666667,1.237166666666667,0.95,0.338,6.3,1.76,0
1.083333333333333,1.202833333333333,2.95,1.747166666666667,2.11,7.09,1
0.5833333333333333,1.249333333333333,0.7,1.487333333333333,1.99,1.6,0
0.9,1.4305,1.416666666666667,1.648166666666667,1.56,1.16,0
1.783333333333333,0.7198333333333333,1.283333333333333,0.8025,6.65,4.55,0
1.5,1.883333333333333,0.9333333333333333,1.210833333333333,0.994,10.95,3
1.6,1.154166666666667,2.583333333333333,2.263333333333334,1.23,2.66,2
0.7833333333333333,1.548,0.2,0.6251666666666666,7.91,2.29,0
3.116666666666667,2.355166666666667,1.483333333333333,1.416833333333333,3.17,4.43,2
2.15,2.3595,0.45,1.018166666666667,1.95,6.65,2
1.65,1.643,1.083333333333333,0.5945,10.95,6.3,0
1.2,1.555666666666667,2.3,2.124166666666667,1.4,7.91,2
0.7,1.080333333333333,2.5,1.8415,4.55,1.56,1
1.383333333333333,1.2,1.25,1.291833333333333,2.29,3.17,0
0.3333333333333333,1.3,1.4,1.510666666666667,1.6,1.16,2
1.483333333333333,1.018333333333333,0.7333333333333334,0.4603333333333334,4.43,0.994,2
0.95,0.8758333333333332,2.15,1.746666666666667,2.66,1.99,1
1.083333333333333,1.349,1.65,1.3555,1.76,2.11,1
1.833333333333333,1.054333333333333,0.2,1.677,7.09,1.23,0
2.416666666666667,1.687,1.433333333333333,1.430166666666667,2.11,1.95,0
0.45,0.6809999999999999,0.75,1.0635,6.3,3.17,1
0.4,1.2745,1.45,1.438833333333333,6.65,1.76,2
0,0.3135000000000001,3.866666666666667,2.927166666666667,1.23,1.4,2
0.7,1.0055,1.766666666666667,1.565333333333333,2.66,1.6,2
0.7,0.9005,1.283333333333333,1.301666666666667,1.16,2.29,3
0.95,1.343833333333333,2.2,1.922666666666667,0.994,4.55,0
2,1.699166666666667,1.15,1.595833333333333,1.56,10.95,3
3.066666666666666,2.729833333333334,1,1.0025,1.99,4.43,1
2.783333333333333,2.228166666666667,0,0.357,7.91,7.09,1
2.983333333333333,1.968166666666667,1.933333333333333,1.260166666666667,4.55,10.95,2
1.166666666666667,2.1455,0.65,0.8665,2.11,6.65,1
1.666666666666667,1.1885,1,1.204666666666667,7.09,2.66,0
1.916666666666667,1.687666666666667,1.666666666666667,1.785,1.95,7.91,2
0.5833333333333333,0.8856666666666667,0.9333333333333333,1.352666666666667,1.76,1.56,0
1.833333333333333,1.501666666666667,1.366666666666667,0.7758333333333334,4.43,2.29,0
1.866666666666667,1.7545,3.633333333333333,2.403833333333333,1.23,1.16,2
1.616666666666667,0.6433333333333333,2.666666666666667,2.604166666666667,1.4,0.994,1
1.083333333333333,1.178333333333333,3.033333333333333,3.076166666666666,3.17,1.99,3
2.6,2.549333333333333,1.416666666666667,0.966,1.6,6.3,0
2.4,1.491333333333333,1.816666666666667,1.720666666666667,2.66,1.95,1
1.4,1.809833333333333,2.75,1.915333333333333,1.56,1.23,1
2.033333333333333,1.656333333333333,2.366666666666667,2.0025,2.29,7.09,4
0.6666666666666666,1.0655,0.5833333333333333,1.098833333333333,6.3,1.4,1
2.166666666666667,1.689666666666667,1.45,1.637833333333333,1.16,1.76,0
0.9166666666666666,1.183166666666667,1.1,1.846666666666667,0.994,1.6,0
1.4,1.4335,1.833333333333333,1.085833333333333,7.91,6.65,0
2.733333333333333,2.478666666666666,0.2,0.5893333333333333,10.95,4.43,1
0.8333333333333333,0.8718333333333332,1.983333333333333,0.8318333333333334,4.55,3.17,1
2.483333333333333,1.291333333333333,1.566666666666667,2.475166666666667,1.95,0.994,3
3.116666666666667,1.555333333333333,2.15,1.442166666666667,1.6,10.95,3
2.066666666666666,1.801333333333333,2.15,1.493,4.43,1.16,0
1.566666666666667,1.867166666666667,0.7,1.598333333333333,1.76,7.91,3
2.283333333333333,2.152666666666667,1.983333333333333,2.033833333333333,1.4,1.99,1
0.65,1.536833333333333,1.233333333333333,1.908666666666667,6.65,2.66,0
2.2,1.903333333333333,2.7,2.360333333333333,3.17,1.56,0
0.95,1.692,0.7,0.5563333333333333,2.11,2.29,1
1.5,2.052666666666667,3.966666666666667,2.642833333333333,1.23,6.3,4
0.7,1.074,0.5,1.074833333333333,7.09,4.55,2
1.783333333333333,1.3225,1.983333333333333,2.026166666666667,2.66,3.17,3
1.65,1.084666666666667,2.483333333333333,1.728166666666667,2.29,1.76,1
1.25,1.376666666666667,1.6,1.212166666666667,1.16,6.65,3
2.283333333333333,1.614166666666667,2.683333333333334,1.991666666666667,1.56,4.43,3
1.933333333333333,1.813166666666667,1.483333333333333,1.3635,1.99,1.23,2
1.233333333333333,1.451166666666666,1.333333333333333,0.9861666666666666,10.95,1.4,0
1.4,1.481166666666667,1.533333333333333,0.541,4.55,1.6,0
2.083333333333333,1.351666666666667,1.533333333333333,1.204166666666667,6.3,1.95,1
2.283333333333333,1.208166666666667,1,1.633166666666666,0.994,7.09,1
1.033333333333333,1.439166666666667,1.45,0.9856666666666667,7.91,2.11,1
1.333333333333333,2.037666666666667,1.75,1.393666666666667,1.6,2.29,1
0.9166666666666666,0.9746666666666666,1.25,1.147666666666667,4.43,4.55,3
1.583333333333333,2.732833333333333,1.7,1.882166666666667,6.65,6.3,1
2.283333333333333,2.4945,0.6666666666666666,1.131666666666667,7.09,1.99,1
1,1.906666666666667,2.25,2.788333333333333,1.76,2.66,2
2.15,1.626666666666667,1.4,2.414,1.95,1.16,1
1.95,1.473,1.583333333333333,1.266666666666667,2.11,0.994,1
2.4,2.614833333333333,3.733333333333333,3.420833333333333,1.23,7.91,5
1.5,1.539166666666667,2.283333333333333,1.7255,1.4,1.56,1
3.65,1.779666666666667,1.85,1.966666666666667,3.17,10.95,2
1.383333333333333,1.972,2.616666666666667,2.553666666666667,1.76,7.09,1
1.866666666666667,0.7755,1.616666666666667,1.496333333333333,2.11,1.23,2
2.016666666666667,2.798333333333333,1.083333333333333,0.7593333333333333,7.91,1.99,1
1.633333333333333,1.5875,1.7,1.431333333333333,2.66,1.56,0
2.2,1.469,1.25,1.7075,1.95,4.55,2
3.35,1.8635,2.133333333333333,1.593666666666667,2.29,10.95,4
0.45,2.079,1.5,1.7085,6.65,1.4,1
1.85,1.6245,1.5,1.730333333333333,1.16,0.994,1
2.2,1.259833333333333,1.85,1.0845,1.6,3.17,1
2.2,1.259666666666666,1.533333333333333,1.403166666666667,6.3,4.43,0
2.25,2.316666666666666,2.2,1.942,1.99,2.11,1
0.95,1.5,4.966666666666667,3.649666666666667,1.23,1.76,0
2.133333333333333,2.1555,1.15,1.748666666666666,0.994,6.3,2
2.033333333333333,2.047,2.25,1.340166666666667,4.43,2.11,0
4.266666666666667,3.005666666666666,2.166666666666667,1.720833333333333,3.17,7.91,4
2.066666666666666,1.4175,1.233333333333333,1.999166666666667,7.09,1.6,1
1.65,1.6995,1.9,1.687666666666667,1.99,1.95,2
3.166666666666667,2.588833333333334,1.783333333333333,2.279166666666667,1.4,2.66,1
1.583333333333333,1.174333333333333,1.533333333333333,1.119833333333333,4.55,1.16,1
1.033333333333333,1.0615,3.15,3.128,1.56,2.29,1
1.983333333333333,2.634833333333333,0.7333333333333334,0.6941666666666667,10.95,6.65,0
2.45,1.560166666666666,1.083333333333333,2.0525,1.6,1.56,1
0.7833333333333333,1.531333333333333,1.233333333333333,1.347,1.76,1.99,1
1.316666666666667,0.7326666666666667,1.683333333333333,1.405,6.65,1.23,1
2.933333333333334,1.842333333333333,2.933333333333334,2.461833333333333,1.16,10.95,4
3.416666666666667,2.250833333333333,4.033333333333333,2.443333333333333,2.29,4.55,0
0.8333333333333333,2.0665,2.033333333333333,1.356833333333333,2.11,1.4,0
1.583333333333333,1.377833333333333,1.783333333333333,0.9186666666666667,7.91,0.994,1
1.85,1.150833333333333,1.1,1.407666666666667,2.66,4.43,0
2.183333333333334,1.4785,0.9166666666666666,1.152333333333333,1.95,3.17,2
1.033333333333333,2.133,1.45,1.435833333333334,6.3,7.09,0
1.95,1.495166666666667,2.016666666666667,1.765,1.99,6.65,2
2.666666666666667,1.9485,3.5,2.170166666666667,1.23,1.95,0
1.733333333333333,1.46,1.1,1.451166666666667,4.43,1.6,1
0.7833333333333333,0.9371666666666666,2.283333333333333,2.2605,7.09,1.16,0
1.733333333333333,1.688333333333333,0.2,0.3956666666666666,10.95,2.66,0
2.866666666666667,2.055833333333333,1.833333333333333,2.517333333333333,1.56,6.3,2
5.583333333333333,3.520166666666666,1.033333333333333,1.225166666666667,4.55,7.91,2
1.05,1.968666666666667,3.733333333333333,2.459666666666667,3.17,2.11,2
0.5333333333333333,0.9643333333333334,3.416666666666667,2.408833333333333,0.994,2.29,1
0.75,1.446166666666667,0.7833333333333333,1.876833333333333,1.4,1.76,1
1.5,0.8798333333333332,1.566666666666667,1.787333333333333,1.95,4.43,1
1.4,1.4865,0.75,1.070333333333333,2.66,4.55,0
0.95,2.485666666666667,0.95,1.8815,1.4,7.09,3
2.883333333333333,2.2985,1.8,1.705333333333333,1.23,10.95,2
1.333333333333333,1.236166666666667,2.033333333333333,2.321166666666667,1.99,1.56,2
1.483333333333333,1.317166666666667,1.033333333333333,0.7030000000000001,7.91,1.6,0
0.45,0.8485,1.7,1.090833333333333,2.11,1.16,2
0.75,0.9946666666666666,0.5,1.428166666666667,6.3,2.29,1
1.533333333333333,1.6455,1.533333333333333,1.417333333333333,1.76,0.994,0
2.366666666666667,1.465333333333334,0.7833333333333333,1.280833333333333,6.65,3.17,1
2.366666666666667,1.653833333333333,0.8666666666666667,1.098,4.55,1.4,2
2.416666666666667,1.945833333333333,1.616666666666667,2.034,1.6,6.65,3
0.5833333333333333,1.028333333333333,1.983333333333333,1.621833333333333,0.994,1.23,2
1.25,1.946833333333333,2.633333333333333,2.7365,1.16,1.99,1
3.216666666666666,3.0035,0,0.28,10.95,7.91,0
0.2,0.599,0.9,1.660333333333333,6.3,2.66,1
1.166666666666667,1.739666666666667,2.116666666666667,2.5735,1.56,2.11,3
0.5833333333333333,1.421833333333333,3.216666666666667,2.397666666666667,3.17,1.76,0
1.65,1.595666666666667,1.633333333333333,2.2645,2.29,1.95,1
2.033333333333333,2.884,0.8333333333333333,1.303,4.43,7.09,1
2.216666666666667,1.724666666666667,0.9833333333333334,1.764166666666667,1.95,10.95,0
1.166666666666667,1.229333333333333,3.75,3.554,1.4,1.16,1
1.233333333333333,1.32,2.6,1.875666666666667,7.09,3.17,1
0.5833333333333333,1.603833333333333,1.25,0.8393333333333333,2.66,2.29,1
0.95,2.039666666666667,1.866666666666667,1.872666666666666,1.99,0.994,2
1.833333333333333,1.310166666666666,0.7,1.223666666666667,1.76,4.43,3
0.95,0.9396666666666667,1.666666666666667,1.138333333333333,2.11,1.6,0
2.5,2.574833333333333,1.766666666666667,2.306166666666667,1.23,4.55,0
1.366666666666667,1.102666666666667,1.033333333333333,1.2665,6.65,1.56,0
2.433333333333334,2.062333333333333,0.7,0.4921666666666667,7.91,6.3,1
4.4,2.872333333333334,2.366666666666667,1.212333333333333,0.994,6.65,3
1.65,2.233333333333333,1.083333333333333,1.5625,6.3,2.11,0
0.5833333333333333,0.9406666666666668,4.4,3.261333333333333,1.56,1.95,0
0.8666666666666667,1.087833333333333,2.4,1.763333333333333,3.17,1.23,0
1.333333333333333,1.991,2.283333333333333,2.31,1.16,2.66,0
3.316666666666666,1.9755,1.783333333333333,2.759166666666667,2.29,1.4,0
1.2,1.605333333333333,1.65,2.076833333333334,1.6,1.76,1
2.783333333333333,2.248333333333334,0,0.3018333333333333,10.95,7.09,0
2.333333333333333,1.708,1.066666666666667,0.8320000000000001,4.55,1.99,2
1.15,1.652833333333333,1.783333333333333,1.675333333333333,4.43,7.91,1
2.2,1.580666666666667,0.95,0.6805,6.65,4.43,1
1.533333333333333,1.423,3.183333333333334,2.98,1.4,3.17,3
1.483333333333333,1.8985,1.083333333333333,0.7526666666666667,7.91,1.16,1
1.25,2.072333333333333,1.15,1.2235,2.11,4.55,1
1.533333333333333,1.437666666666667,1.316666666666667,1.686166666666667,1.99,6.3,0
1.65,1.719333333333333,1.5,1.714666666666667,1.76,10.95,2
1.416666666666667,1.414666666666667,1.333333333333333,1.754,2.66,0.994,0
0.75,1.0535,0.2,1.119833333333333,1.95,1.6,0
1.533333333333333,2.3275,1.65,1.859333333333334,1.23,2.29,0
0.65,0.7795,2.433333333333334,2.002,7.09,1.56,1
2.616666666666667,1.827,0,0.5565,10.95,1.99,0
2.416666666666667,2.238166666666666,2.65,1.341,0.994,3.17,1
0.2,1.2005,1.816666666666667,1.6295,7.09,1.95,1
0.9833333333333334,1.342166666666667,2.45,2.673666666666667,1.16,6.3,0
4.85,2.693,1.7,1.709666666666667,2.29,6.65,2
1.4,1.076833333333334,0.9333333333333333,1.664666666666667,1.6,1.23,1
1.15,1.463666666666667,3.033333333333333,2.203833333333333,4.43,1.4,1
1.1,2.383666666666667,0.9833333333333334,1.688,2.66,2.11,2
0.8333333333333333,1.198166666666667,1.566666666666667,2.0045,4.55,1.76,0
2.083333333333333,2.362333333333333,3.35,2.072,1.56,7.91,1
0.3333333333333333,0.6036666666666667,2.183333333333334,1.194333333333333,0.994,1.56,0
2.6,1.702,1.083333333333333,0.7795000000000001,6.65,7.09,1
0.5,0.8841666666666668,2.516666666666667,1.858,1.76,1.95,0
1.25,1.406666666666667,2.2,1.998833333333333,1.4,1.6,2
0.7833333333333333,1.288833333333333,1.1,1.8145,3.17,1.16,1
1.683333333333333,1.253,1.5,1.416166666666667,1.23,4.43,0
1.666666666666667,1.794,2.083333333333333,2.095,2.11,10.95,4
1.2,1.202166666666667,0.9,1.778,1.99,2.29,1
2.233333333333333,2.349833333333333,0.7833333333333333,0.5563333333333333,7.91,2.66,1
1.333333333333333,1.647,0.8666666666666667,1.498333333333334,6.3,4.55,1
1.4,1.273,1.033333333333333,1.248333333333333,1.6,1.99,3
0.5333333333333333,1.196833333333333,0.5,1.172,10.95,0.994,0
2.783333333333333,2.921166666666667,1.666666666666667,1.539666666666667,2.29,7.91,1
0.25,0.7571666666666668,0.75,1.775166666666667,1.16,1.56,1
2.766666666666667,2.170166666666667,1.15,1.9555,4.55,6.65,4
1.483333333333333,1.7945,1.533333333333333,1.6045,4.43,3.17,1
0.8333333333333333,1.326333333333333,2.366666666666667,2.264833333333333,2.66,1.23,0
0.7,1.569666666666667,1.366666666666667,1.2505,1.76,6.3,1
1.416666666666667,1.976833333333333,1.483333333333333,1.286833333333333,7.09,2.11,2
0.8333333333333333,1.0155,1.666666666666667,2.753833333333334,1.95,1.4,1
1.933333333333333,1.384,2.5,2.213,1.23,7.09,1
3.283333333333333,2.038666666666667,1.083333333333333,1.9325,1.99,2.66,1
1.666666666666667,1.619666666666667,1.1,2.149333333333333,1.16,1.6,0
2.483333333333333,2.284833333333333,1.733333333333333,1.4895,6.3,10.95,2
0.95,1.6035,0.95,1.721166666666667,0.994,4.43,0
1.083333333333333,1.029,2.033333333333333,1.660166666666667,7.91,1.4,0
1.666666666666667,2.303666666666667,2.783333333333333,2.112333333333333,2.11,1.76,1
2.083333333333333,2.1705,1.083333333333333,2.099,3.17,2.29,0
1.533333333333333,2.289,2.35,1.554833333333333,1.56,4.55,3
0.25,0.9561666666666667,1.283333333333333,1.8885,6.65,1.95,1
2.316666666666666,1.853166666666667,1.733333333333333,2.187666666666666,1.95,2.11,1
2.683333333333333,1.664833333333333,1.95,1.644833333333333,1.6,2.66,1
2.783333333333333,2.982666666666667,1.116666666666667,1.498166666666667,7.09,7.91,0
2.483333333333333,1.8505,1.733333333333333,1.324666666666667,1.76,6.65,3
1.25,1.257333333333333,1.533333333333333,0.8676666666666667,4.43,1.99,1
0.3333333333333333,1.041333333333333,0.75,1.4215,10.95,1.56,0
1.75,1.912166666666667,1.983333333333333,1.869666666666667,2.29,1.16,0
0.2,1.012333333333333,2.2,2.576166666666666,1.4,1.23,2
1.2,1.068,1.583333333333333,1.2535,4.55,0.994,0
1.083333333333333,1.762166666666667,0.7833333333333333,2.172166666666667,3.17,6.3,1
0.3333333333333333,0.8135,1.95,1.829833333333333,7.91,1.95,0
0.9166666666666666,1.186,2.283333333333333,1.650333333333333,1.99,3.17,0
1.866666666666667,1.718,2.283333333333333,2.2475,6.65,2.11,2
2.733333333333333,2.694,3.75,2.374,1.56,1.76,2
1.75,1.729166666666667,1.116666666666667,1.0925,2.29,4.43,1
1,1.106166666666667,0.25,1.4235,1.16,1.23,1
0.95,1.436333333333333,1.25,2.310166666666666,0.994,1.4,0
1.783333333333333,1.7925,2.6,2.411166666666667,2.66,7.09,0
2.45,3.1565,0.5333333333333333,1.312166666666667,10.95,4.55,0
2.65,2.42,1.366666666666667,0.9106666666666667,6.3,1.6,0
1.6,1.8575,0.9,1.251666666666667,7.09,2.29,1
1.2,2.025333333333333,3.883333333333333,2.596833333333334,1.23,1.56,2
0.9333333333333333,2.538666666666667,1.95,1.7715,2.11,1.99,3
1.616666666666667,2.288333333333334,0.5333333333333333,2.7365,3.17,4.55,1
1.883333333333333,1.551,3.783333333333333,2.127166666666667,1.95,2.66,0
3.35,1.8005,2.7,2.549833333333333,1.76,1.16,0
3.533333333333333,3.0055,2.033333333333333,1.158666666666667,4.43,10.95,2
3.95,2.423166666666667,2.45,2.3625,6.65,7.91,0
0.7833333333333333,1.664,1.916666666666667,2.5795,1.4,6.3,1
1,1.547666666666667,1.183333333333333,1.6445,1.6,0.994,0
1.816666666666667,1.448166666666667,2.233333333333333,2.1535,2.29,2.11,5
1.583333333333333,1.9855,0.8333333333333333,0.9515,1.16,4.43,0
1.5,1.870666666666667,0.7,1.743666666666666,10.95,1.6,0
1.4,1.4235,2.266666666666667,2.5045,1.56,3.17,0
1.2,0.8005,1,2.341333333333333,0.994,1.95,0
0.8333333333333333,1.2005,1.4,1.658166666666667,6.3,1.23,3
1.25,2.540333333333333,1.45,1.0175,1.99,1.4,0
2.2,2.592833333333333,2,2.223166666666666,4.55,7.09,0
2.45,1.662833333333333,2,1.796333333333334,2.66,6.65,3
2.116666666666667,2.0405,1,0.7545000000000001,7.91,1.76,1
0.25,1.152833333333333,1.583333333333333,1.530666666666667,7.09,0.994,1
2.033333333333333,2.813833333333333,1.7,1.322333333333333,1.95,6.3,1
1.25,1.271166666666667,2.1,1.631333333333334,6.65,1.16,0
1.45,1.214333333333333,1.533333333333333,2.9105,3.17,2.66,3
2.166666666666667,1.7325,1.366666666666667,1.523,4.43,1.56,0
1.7,1.807166666666667,3.616666666666667,3.0565,1.23,1.99,1
1.333333333333333,1.629666666666667,2.1,2.466166666666667,1.76,2.29,1
1.733333333333333,2.572,1.2,1.256833333333333,1.6,4.55,3
2.5,2.202333333333333,2.25,1.953666666666667,2.11,7.91,2
3.216666666666667,2.2285,1.483333333333333,1.507833333333333,1.4,10.95,1
0.5,0.955,1.25,1.64,10.95,3.17,0
1.75,2.1225,0.25,0.9800000000000001,1.99,7.09,1
3.35,2.328333333333333,1.5,1.473666666666667,6.3,6.65,3
1.2,1.163166666666667,1.083333333333333,0.4026666666666667,7.91,1.23,0
2.816666666666667,1.202666666666667,1.25,1.886,0.994,2.11,1
1.483333333333333,1.301666666666667,1.5,1.585833333333333,2.66,1.76,2
0.5,1.0135,1.95,1.610666666666666,1.16,1.95,0
0.75,2.367,3.116666666666667,1.836166666666667,2.29,1.6,2
0.45,2.028666666666667,1.6,3.146,4.55,4.43,4
0.75,0.7066666666666667,3.133333333333333,1.331166666666667,1.82,1.1,1
3.283333333333333,2.975333333333333,1.283333333333333,2.0555,1.1,11.11,1
1.916666666666667,1.595833333333333,0.7333333333333334,0.8308333333333333,8.210000000000001,1.04,0
3.15,2.9385,0.7,1.281,2.72,6.07,1
1.983333333333333,1.5045,1.95,1.683666666666667,1.98,2.39,0
0.45,1.572833333333334,1.116666666666667,1.668666666666667,2.45,0.889,1
2.033333333333333,1.169333333333333,0.7833333333333333,1.123833333333333,7.78,1.85,1
0.5,0.676,1.45,2.342833333333333,3.81,1.39,0
1.733333333333333,1.975,1.4,1.797,4.58,5.73,0
0.7,1.837,3.433333333333334,1.953333333333334,0.673,1.82,3
0.9,1.142666666666667,2.9,2.981,1.37,2.14,1
1.366666666666667,1.303666666666667,1.65,1.5675,0.889,1.04,2
1.95,2.100833333333333,1.666666666666667,1.932,2.39,3.81,3
2.683333333333333,2.661666666666667,1.866666666666667,1.869,1.39,11.11,3
0.5833333333333333,0.6805000000000001,2.516666666666667,1.933666666666667,2.14,1.1,1
2.35,1.378,1.783333333333333,1.07,1.82,8.210000000000001,0
1.1,1.365,1.45,1.539,1.85,2.45,1
0.95,1.122333333333333,2.233333333333333,2.248666666666667,1.37,0.673,1
1.116666666666667,1.467,0.9,2.361,2.72,4.58,1
1.533333333333333,1.644666666666667,0.2,1.252833333333333,5.73,1.98,3
2.066666666666666,1.8425,2.15,2.076333333333333,6.07,7.78,1
2.333333333333333,2.952333333333334,0.7,1.197,8.210000000000001,6.07,3
0.8333333333333333,1.444666666666667,1.933333333333333,1.8425,0.889,2.14,1
0.7,1.350833333333333,0.4,0.3625,11.11,2.39,1
1.5,2.109833333333333,1.5,1.378166666666667,4.58,1.82,0
0,0.6476666666666667,0.7333333333333334,1.135833333333333,2.45,1.39,0
2.266666666666667,0.9671666666666667,1.533333333333333,1.741333333333333,7.78,1.37,2
1.033333333333333,0.5853333333333334,0.5,1.771166666666667,3.81,1.85,1
1.033333333333333,1.3755,2.5,1.243333333333333,1.98,0.673,1
2.7,1.760166666666667,1.116666666666667,0.7333333333333334,1.04,5.73,3
2,1.593166666666667,1.033333333333333,1.7705,1.1,2.72,4
0.5833333333333333,0.8405,1.733333333333333,1.558,2.14,2.45,1
3.05,3.575166666666667,1.5,1.043333333333333,5.73,11.11,0
0.75,1.488833333333333,2.65,2.261833333333334,2.39,0.889,1
2,2.510833333333333,1.083333333333333,1.861333333333334,2.72,3.81,2
0.7333333333333334,1.764333333333334,1.883333333333333,2.655166666666667,1.37,4.58,5
1,1.362666666666667,3.216666666666667,2.200666666666667,0.673,8.210000000000001,2
1.566666666666667,0.8733333333333334,1.9,2.387166666666667,1.39,1.04,0
1.483333333333333,2.423833333333334,0.45,1.241666666666667,1.82,7.78,1
2.45,1.883833333333333,1.083333333333333,2.3825,1.85,1.98,1
1.033333333333333,0.845,1.583333333333333,2.085333333333333,6.07,1.1,1
2.5,1.155333333333333,1.2,1.328,2.45,5.73,0
3.433333333333334,1.961833333333333,2.366666666666667,2.391666666666667,7.78,2.72,1
1.783333333333333,2.1785,0.8333333333333333,0.3131666666666667,11.11,2.14,1
3.066666666666666,1.552166666666666,1.333333333333333,1.647166666666667,3.81,1.37,1
0,0.5405,1.75,1.973166666666667,8.210000000000001,1.39,0
1.033333333333333,1.196666666666667,1.4,1.016333333333333,1.04,1.85,1
1.283333333333333,1.5445,2,1.337833333333333,4.58,0.673,1
1.85,2.328833333333333,2.533333333333333,2.2695,0.889,1.82,1
3.7,3.047666666666667,1.833333333333333,1.387,1.98,6.07,3
1.833333333333333,1.636166666666667,3.783333333333333,2.256833333333334,1.1,2.39,3
2.366666666666667,2.075,1.283333333333333,1.688333333333333,1.85,4.58,1
1.916666666666667,3.250333333333333,1.083333333333333,0.3853333333333333,11.11,8.210000000000001,1
2.033333333333333,1.135833333333333,0.3333333333333333,0.647,1.82,2.45,0
1.933333333333333,1.466833333333333,1.416666666666667,1.663333333333334,3.81,1.98,1
0.5833333333333333,0.8714999999999999,2.35,1.001833333333333,5.73,0.889,0
1.15,1.266166666666667,2.066666666666666,2.108833333333333,0.673,1.04,0
3.983333333333333,2.875,1.6,3.191166666666667,1.39,6.07,0
1.783333333333333,2.171,2.783333333333333,1.952833333333333,2.14,7.78,0
2.566666666666666,1.316833333333333,1.933333333333333,1.4025,2.39,2.72,2
1.283333333333333,0.7611666666666667,4.116666666666667,3.35,1.37,1.1,1
2.483333333333333,1.378666666666667,2.366666666666667,2.364,2.72,1.37,1
3.033333333333333,2.945666666666666,1.85,1.150666666666667,8.210000000000001,3.81,1
0,0.3921666666666667,1.783333333333333,2.005833333333333,0.889,1.39,4
1.35,1.399166666666667,3.8,1.5295,1.1,5.73,2
2.733333333333333,1.6315,1.933333333333333,1.359166666666667,1.04,11.11,2
2.95,2.0245,2,1.334666666666667,2.45,2.39,1
2.333333333333333,1.658833333333333,2.45,2.111,1.98,1.82,3
1.783333333333333,1.674333333333333,1.733333333333333,1.482833333333333,7.78,0.673,0
1.533333333333333,1.376666666666667,1.083333333333333,0.8713333333333333,4.58,2.14,1
0.7833333333333333,0.7396666666666667,0.7833333333333333,0.9436666666666667,6.07,1.85,0
2.016666666666667,1.038333333333334,1.916666666666667,1.783333333333333,1.04,1.37,0
1.733333333333333,2.094,1.616666666666667,1.338833333333333,2.39,8.210000000000001,2
0.2,1.712166666666667,1.283333333333333,0.9925,11.11,0.889,0
0.7833333333333333,1.3205,1.7,2.358833333333334,2.14,1.98,2
1.45,1.374666666666667,1.483333333333333,1.427,3.81,2.45,1
3.816666666666666,2.282833333333333,2.15,2.2865,0.673,2.72,2
2.083333333333333,2.1515,0.5,2.927,1.39,4.58,4
3.05,3.258,0.2,0.8921666666666667,1.82,6.07,1
1.283333333333333,0.9888333333333333,2.283333333333333,2.6755,1.85,1.1,1
2.2,2.721333333333333,1.25,1.142666666666667,5.73,7.78,2
1.033333333333333,1.342,1.233333333333333,1.851666666666667,2.72,1.04,1
1.916666666666667,1.194666666666667,2.4,3.931666666666667,1.39,5.73,4
3.133333333333333,2.166166666666667,3.266666666666667,1.012166666666667,1.1,3.81,1
1.933333333333333,1.188,3.216666666666667,2.408666666666667,1.37,2.39,1
2.283333333333333,1.811666666666667,2.2,1.785333333333333,0.673,2.14,1
3.466666666666667,2.136833333333334,2.583333333333333,1.603,2.45,11.11,1
2.95,1.732333333333334,1.95,2.4645,1.85,1.82,2
0,1.527666666666667,1.2,1.387833333333333,6.07,0.889,2
1.45,1.438666666666667,1.333333333333333,0.4871666666666666,8.210000000000001,1.98,1
2.783333333333333,3.177833333333333,1.45,0.7233333333333334,7.78,4.58,2
3.416666666666667,3.442333333333333,1.483333333333333,0.5738333333333334,8.210000000000001,7.78,0
3.016666666666667,1.805,1.95,2.3275,11.11,1.82,1
0.9,1.148166666666667,1.416666666666667,1.706333333333333,5.73,0.673,1
2.583333333333333,3.183833333333333,0.7833333333333333,0.9928333333333333,3.81,6.07,2
1.65,1.388166666666667,3.7,3.078833333333333,0.889,1.37,1
3.316666666666666,1.812666666666667,1.416666666666667,1.554833333333333,2.14,2.72,0
1.5,1.715166666666667,2.65,2.149666666666667,1.98,1.39,0
0.7833333333333333,1.206666666666667,2.25,2.292666666666666,4.58,1.1,1
2.083333333333333,2.273333333333333,1.9,1.515666666666667,1.04,2.45,0
1,0.5785,2.316666666666666,2.186,2.39,1.85,0
1.166666666666667,1.848,2.433333333333334,2.015833333333333,0.673,0.889,1
1.283333333333333,1.328666666666667,1.033333333333333,1.1565,2.14,3.81,2
2.533333333333333,1.882833333333333,2.083333333333333,1.892166666666667,1.37,8.210000000000001,5
2.983333333333333,1.823833333333333,1.533333333333333,1.2115,2.72,11.11,3
0.7833333333333333,1.3345,2.483333333333333,1.814666666666667,1.1,1.04,2
1.283333333333333,1.215666666666667,1.75,1.188,1.82,2.39,3
1.133333333333333,1.8095,2.016666666666667,2.1225,1.85,1.39,0
1.45,1.715666666666667,2.666666666666667,1.370833333333333,7.78,2.45,0
2.333333333333333,2.043833333333334,2.033333333333333,1.745833333333333,4.58,1.98,1
3.233333333333333,1.4205,1.166666666666667,1.268,6.07,5.73,0
2.966666666666667,2.471333333333333,1.85,1.465,2.45,4.58,0
0.8333333333333333,0.8056666666666666,2.8,2.569666666666667,1.39,1.37,0
1.733333333333333,2.112666666666667,1.483333333333333,1.234166666666667,5.73,1.82,0
2.116666666666667,1.676333333333333,1.583333333333333,1.286666666666667,11.11,6.07,0
1.4,0.9153333333333333,0.45,0.6813333333333333,8.210000000000001,2.72,3
2.4,2.013333333333333,1.85,2.076333333333333,1.98,7.78,1
1.583333333333333,1.308166666666667,1.4,2.399,2.39,0.673,0
0.6,1.0675,2.683333333333334,1.861666666666667,0.889,1.85,3
2.016666666666667,1.439666666666667,0.5,0.8423333333333334,1.04,2.14,1
1.566666666666667,1.464,1.366666666666667,0.8963333333333333,3.81,4.58,1
0.5333333333333333,0.9323333333333333,0.8666666666666667,1.065333333333333,2.45,1.1,4
1.2,1.031833333333333,1.75,0.8981666666666667,1.82,1.39,1
2.366666666666667,2.075666666666667,1.15,1.228166666666667,7.78,3.81,0
1.866666666666667,2.12,0.9,1.15,6.07,1.04,1
2.45,1.955666666666667,1.866666666666667,2.318166666666666,2.14,2.39,0
1.833333333333333,1.4605,4.2,3.2075,2.72,2.45,0
0.9833333333333334,1.070833333333333,2.866666666666667,1.899,1.1,0.889,1
1.283333333333333,1.483166666666667,3.116666666666667,2.204833333333333,1.37,1.98,3
5.116666666666667,3.943833333333333,2.283333333333333,1.665,4.58,8.210000000000001,3
2.033333333333333,1.111666666666667,1.6,3.056666666666667,1.39,1.1,0
0.9833333333333334,0.9966666666666666,2.5,1.520666666666667,8.210000000000001,2.14,1
2.333333333333333,1.7215,0.25,1.528333333333333,2.39,7.78,2
1.75,1.765166666666667,2.833333333333333,2.5295,1.98,2.72,0
1.116666666666667,1.229833333333333,2.483333333333333,1.365,3.81,0.673,0
2.15,2.0875,2.233333333333333,1.614166666666667,2.45,6.07,1
1.45,2.625,1.833333333333333,2.119666666666667,1.04,1.82,4
2.2,1.691666666666667,0.7833333333333333,0.9818333333333333,5.73,1.37,0
1.5,2.232333333333333,1.183333333333333,1.107166666666667,11.11,1.85,0
1,1.625,1.816666666666667,2.351833333333333,0.673,1.85,1
1.733333333333333,1.522833333333333,0.5,1.196166666666667,7.78,1.04,1
0.95,1.081,3,2.220666666666667,1.37,2.45,1
1.333333333333333,0.7016666666666667,1.9,2.594833333333334,2.14,1.39,0
1.333333333333333,1.0225,1.983333333333333,2.681166666666667,1.98,1.1,1
0.95,1.215166666666667,2.25,1.379833333333333,8.210000000000001,0.889,1
1.7,1.895833333333333,1.2,1.690333333333333,2.39,6.07,1
2.866666666666667,3.838666666666667,1.45,1.077333333333333,3.81,1.82,1
3.183333333333334,2.101166666666667,2.95,2.132333333333333,4.58,11.11,1
0.9,1.526833333333333,1.85,2.051,2.72,5.73,2
3.916666666666667,3.9095,1.2,1.726666666666667,5.73,8.210000000000001,2
2.25,1.155333333333333,3.783333333333333,3.783333333333333,1.04,4.58,3
3.116666666666667,2.622833333333333,3.183333333333334,1.6325,1.1,7.78,1
1.933333333333333,2.209666666666667,1.2,0.6661666666666667,11.11,3.81,0
0.4,1.154,3.383333333333333,2.493333333333333,2.45,0.673,2
2.75,1.414833333333333,2.983333333333333,2.9165,0.889,1.98,3
1.85,2.87,1,1.251666666666666,1.85,2.72,0
0.7333333333333334,1.630833333333333,0.5,1.874333333333333,1.39,2.39,0
0.5333333333333333,1.228333333333333,1.583333333333333,1.383833333333333,1.82,2.14,0
3,2.327666666666667,0.45,1.135166666666667,6.07,1.37,0
0.7833333333333333,1.231333333333333,1.933333333333333,1.334333333333333,3.81,1.04,1
1.083333333333333,1.791166666666667,0.5833333333333333,0.7028333333333334,7.78,0.889,0
1.683333333333333,2.786166666666666,1,2.086333333333334,2.14,6.07,2
0.95,0.8503333333333334,1.983333333333333,2.5575,0.673,1.39,1
2.233333333333333,2.684333333333333,1.666666666666667,2.0145,2.72,1.82,1
1.933333333333333,1.6075,1.683333333333333,2.106833333333333,1.37,1.85,1
1.333333333333333,1.890333333333333,1.683333333333333,2.237166666666667,4.58,2.45,3
2.283333333333333,2.155166666666667,1.633333333333333,2.426833333333334,1.98,11.11,2
1.416666666666667,2.1055,1.333333333333333,1.438166666666667,2.39,5.73,1
0.5333333333333333,0.8143333333333334,1.683333333333333,1.291666666666667,8.210000000000001,1.1,1
3.6,1.851666666666667,3.45,2.925166666666667,0.889,4.58,2
2.316666666666666,2.819166666666667,1.1,1.316,1.85,8.210000000000001,7
1.7,1.724333333333333,2.166666666666667,2.207666666666666,5.73,2.14,1
2,1.208666666666667,3.366666666666667,2.498666666666667,2.45,1.98,1
1,1.654,2,1.942333333333333,1.39,2.72,1
1.2,1.836833333333333,2.55,3.033666666666667,1.04,2.39,0
1.5,1.349333333333333,1.2,1.387833333333333,1.82,1.37,0
0.7,2.038833333333333,3.35,2.399333333333334,0.889,3.81,6
2.666666666666667,2.097666666666667,2.033333333333333,2.068333333333333,1.1,0.673,0
2.983333333333333,3.172333333333333,0.5,0.6193333333333333,11.11,7.78,0
3.15,1.547833333333333,1.5,1.423833333333333,6.07,4.58,0
0.9833333333333334,2.2155,3.833333333333333,1.776,1.85,5.73,1
1.866666666666667,1.853833333333333,1.533333333333333,1.2875,0.673,11.11,2
1.7,2.1515,1.283333333333333,1.474166666666667,8.210000000000001,2.45,0
0.6666666666666666,1.525,3.083333333333333,2.931333333333333,4.58,2.39,0
3.116666666666667,3.2355,1.983333333333333,1.727166666666667,0.673,6.07,2
1.533333333333333,1.605333333333333,1.733333333333333,2.281333333333333,2.72,0.889,3
0.5333333333333333,0.7713333333333333,1.116666666666667,1.679333333333333,1.98,1.04,3
1.083333333333333,1.391,0.7,0.8605,7.78,1.39,0
1.783333333333333,1.732333333333334,1.383333333333333,1.549333333333333,1.1,1.82,3
0.9833333333333334,1.906333333333333,0.9166666666666666,2.066,2.14,1.85,1
2.233333333333333,2.019,1.783333333333333,1.978166666666667,1.37,11.11,2
0.95,1.963166666666667,2.033333333333333,1.644833333333333,3.81,5.73,1
1.083333333333333,0.7196666666666667,0,0.579,11.11,1.1,1
0.8,0.856,0.75,0.8196666666666668,1.82,0.673,0
2.5,3.0915,2.333333333333333,2.996333333333333,1.39,3.81,2
1.95,2.948833333333333,3.783333333333333,2.654333333333334,1.85,7.78,1
1.15,1.504666666666667,5.6,3.3335,0.889,2.45,0
0.25,0.5781666666666667,1.2,1.819666666666667,2.14,1.37,1
1.433333333333333,1.710666666666667,1.95,1.2365,2.39,1.98,2
3.983333333333333,2.449166666666667,1.1,2.062833333333333,1.04,8.210000000000001,3
3.083333333333333,2.193333333333333,0.75,0.959,6.07,2.72,1
2.6,1.6395,1.15,2.463,5.73,4.58,1
2.2,2.447666666666667,0.95,1.0155,8.210000000000001,1.82,2
0.95,0.8111666666666666,0.5,0.612,11.11,1.39,0
2.35,2.123333333333333,3.2,2.148666666666666,1.1,2.14,1
0.5333333333333333,1.5065,4.016666666666667,2.283666666666667,2.45,1.85,1
0.7,0.796,1.866666666666667,2.332333333333334,0.673,1.37,2
1.583333333333333,1.2175,1.9,2.262166666666666,1.98,5.73,1
4.2,1.835166666666667,1.833333333333333,1.928,1.04,0.889,0
0.9,1.641333333333333,1.533333333333333,0.8205,3.81,2.39,0
4.066666666666666,2.517333333333333,0.25,0.9096666666666666,7.78,6.07,3
2.616666666666667,1.8755,2.2,1.534333333333333,4.58,2.72,2
2.9,1.916333333333333,0.8333333333333333,1.185166666666667,6.07,8.210000000000001,2
2.816666666666666,1.626,1.083333333333333,1.970833333333333,2.14,0.889,1
2.083333333333333,2.197,0.5833333333333333,2.0705,5.73,1.04,1
2.083333333333333,2.0585,0.25,0.848,1.82,4.58,0
0.5,1.912333333333333,2.366666666666667,2.886833333333334,1.39,2.45,2
1.333333333333333,2.311166666666667,1.733333333333333,1.687,1.37,7.78,5
3.233333333333333,2.523,1.916666666666667,1.656166666666667,2.39,11.11,1
1.283333333333333,1.580666666666667,3.283333333333333,1.998333333333333,2.72,1.1,1
1.116666666666667,1.993166666666667,2.233333333333333,1.983833333333333,0.673,1.98,0
2.616666666666667,2.448833333333333,1.783333333333333,3.114166666666667,1.85,3.81,2
2.533333333333333,3.246666666666667,0.75,0.54,11.11,5.73,1
2.683333333333334,2.518333333333334,1.983333333333333,1.3785,2.45,2.14,1
0.5333333333333333,0.8875,1.183333333333333,2.347166666666666,1.98,1.85,1
1.516666666666667,1.880833333333333,1.5,1.2655,7.78,1.82,1
1.416666666666667,1.0475,1.166666666666667,1.557666666666667,4.58,1.37,0
0.3333333333333333,1.116666666666667,1.416666666666667,1.227333333333333,8.210000000000001,0.673,0
0.25,0.4255,2.45,3.2545,1.04,1.39,0
0.75,0.9968333333333333,3.166666666666667,2.7955,0.889,2.39,3
2.9,1.8975,3.433333333333334,2.870833333333333,1.1,6.07,3
3.416666666666667,2.927166666666666,0.45,0.5158333333333334,3.81,2.72,1
5.616666666666667,2.948333333333333,3.133333333333333,1.916666666666667,2.72,7.78,2
0.9166666666666666,1.425166666666667,1.533333333333333,2.857666666666667,5.73,2.45,0
2.766666666666667,2.8615,3.566666666666666,2.310166666666666,1.39,8.210000000000001,3
3.033333333333333,2.456166666666667,1.116666666666667,2.115833333333333,1.85,1.04,1
1.2,2.124333333333333,2.2,2.599833333333333,0.673,4.58,1
2.633333333333333,2.920833333333333,0.7833333333333333,1.4375,2.14,11.11,1
2.816666666666666,2.341833333333333,2.616666666666667,2.338833333333334,1.37,3.81,0
1.833333333333333,1.2695,3.5,1.976833333333333,1.82,0.889,0
0.7833333333333333,1.091166666666667,1.483333333333333,1.202833333333333,2.39,1.1,1
0.4,1.325333333333333,1.116666666666667,1.436,6.07,1.98,1
1.7,1.879333333333334,2.033333333333333,2.412166666666667,1.98,3.81,2
1,0.9986666666666667,1.2,1.359666666666667,6.07,1.39,0
3.25,2.012,2.65,2.074833333333333,2.72,2.39,2
2.233333333333333,1.998333333333334,1.033333333333333,1.468333333333333,2.45,1.82,5
2.533333333333333,2.129166666666666,0.4,1.696333333333333,4.58,1.85,0
0.65,1.092833333333333,3.95,3.0805,1.1,1.37,3
0.2,0.9848333333333333,2.75,2.869166666666667,1.04,0.673,2
1.783333333333333,2.798833333333334,3.65,2.84,0.889,5.73,1
1.816666666666667,2.819,1.65,1.278333333333333,8.210000000000001,11.11,1
1.283333333333333,1.366333333333333,2.183333333333334,1.376833333333333,7.78,2.14,2
0.95,0.9370000000000001,3.4,2.0615,1.39,0.889,1
0.8333333333333333,1.27,1.75,1.065,1.82,1.98,1
2.033333333333333,1.805833333333333,0.95,1.126833333333333,11.11,1.04,0
1.083333333333333,2.01,1.033333333333333,1.997,2.14,4.58,2
0.4,0.499,1.783333333333333,1.624,2.39,2.45,0
3.916666666666667,2.676333333333333,1.583333333333333,2.49,0.673,7.78,1
1.033333333333333,1.1355,1.2,1.7275,5.73,1.1,0
2.95,2.313666666666667,1.233333333333333,1.347333333333333,1.85,6.07,3
2.516666666666667,2.263333333333333,1.75,2.034666666666666,1.37,2.72,3
2.65,2.578,0.75,0.8906666666666667,3.81,8.210000000000001,3
2.783333333333333,3.053833333333333,2.366666666666667,2.250666666666667,7.78,5.73,2
3.116666666666667,3.099833333333333,0.25,0.867,6.07,1.82,1
1.2,1.405666666666667,4.6,3.255,1.1,1.85,0
1.383333333333333,1.334,2.033333333333333,2.052833333333334,1.37,1.04,0
1.666666666666667,1.520833333333333,2.766666666666667,2.363166666666667,2.72,0.673,1
1,1.096,1,1.058166666666667,4.58,1.39,2
1.983333333333333,2.376666666666667,2.183333333333334,2.215833333333333,0.889,11.11,2
1.266666666666667,1.5665,3.616666666666667,2.181833333333333,2.45,3.81,2
1.866666666666667,1.467666666666667,2.116666666666667,2.2115,1.98,2.14,1
3.766666666666667,1.911666666666667,0.8333333333333333,1.116666666666667,8.210000000000001,2.39,0
0.8,1.15,0.8333333333333333,1.2025,1.82,1.85,2
1.983333333333333,2.209166666666667,1.666666666666667,1.523333333333333,4.58,7.78,4
3.35,2.206333333333333,1.933333333333333,1.814666666666667,1.98,8.210000000000001,2
3.416666666666667,2.3605,2.2,1.722666666666667,2.39,1.37,1
1.666666666666667,1.263333333333333,2.116666666666667,1.856833333333333,2.14,0.673,2
1.733333333333333,1.7545,1.25,1.1175,5.73,1.39,2
0.45,1.166,2.25,1.861333333333333,3.81,1.1,2
2.4,2.742333333333333,3.966666666666667,2.88,1.04,2.72,3
1,1.204166666666667,0.25,0.672,11.11,2.45,0
2.6,1.928833333333333,2.183333333333334,2.623,0.889,6.07,4
3.366666666666667,2.158166666666667,1.583333333333333,1.399333333333333,1.82,11.11,2
1.733333333333333,1.784666666666667,1.733333333333333,1.460166666666667,2.72,2.14,1
4.066666666666666,2.887333333333333,0.8333333333333333,1.5545,6.07,3.81,3
0.7,1.268166666666667,4.416666666666666,2.466333333333333,2.45,1.04,2
3.533333333333333,2.095166666666667,4.6,2.914666666666666,1.1,4.58,0
2.366666666666667,3.068,1.283333333333333,2.393166666666667,0.673,5.73,1
0.95,1.9045,1.95,2.510166666666667,1.37,0.889,0
2.116666666666667,1.364,1.483333333333333,2.370166666666667,1.39,1.98,3
2.15,1.996,2.45,1.661,1.85,2.39,0
2.95,2.647833333333333,4.066666666666666,2.698,7.78,8.210000000000001,1
2.233333333333333,2.076833333333333,0.6666666666666666,0.8563333333333332,8.210000000000001,1.37,1
2.35,2.392,1,1.39,11.11,2.72,1
2.45,2.106666666666666,3.083333333333333,1.647833333333333,2.39,1.82,1
2.666666666666667,1.4205,2.283333333333333,2.450166666666667,1.39,1.85,1
1.816666666666667,1.2715,2.533333333333333,2.4345,0.889,0.673,1
2.316666666666667,1.911166666666667,1.616666666666667,2.664166666666667,1.98,4.58,2
2.033333333333333,1.478666666666667,3.433333333333334,1.3975,2.45,7.78,0
1.666666666666667,0.8419999999999999,2.9,2.2815,1.04,1.1,1
1.483333333333333,1.1715,2.266666666666667,1.827,3.81,2.14,3
2.683333333333333,2.3535,1.666666666666667,1.295333333333333,5.73,6.07,4
6.4,4.022833333333334,3.066666666666666,2.044,4.58,3.81,2
1.483333333333333,2.140833333333333,1.866666666666667,1.573333333333333,1.82,5.73,1
2.9,2.126333333333333,2.483333333333333,2.0725,7.78,1.98,2
1.416666666666667,1.0875,4.733333333333333,3.322166666666667,2.14,1.04,1
2.733333333333333,2.722333333333333,2,2.650833333333333,1.37,1.39,2
1.233333333333333,1.559166666666667,2,1.707166666666667,1.1,2.45,0
2.933333333333334,2.8545,1.283333333333333,2.048166666666666,2.72,8.210000000000001,5
0.25,1.359333333333333,2.25,1.915333333333333,1.85,0.889,1
1,1.444833333333333,0.7833333333333333,2.027833333333333,0.673,2.39,0
2.566666666666666,2.861333333333334,1.95,1.748333333333334,6.07,11.11,1
3.883333333333333,2.900833333333333,1.683333333333333,1.606833333333333,1.04,6.07,5
3.166666666666667,2.155166666666667,0.7333333333333334,0.6816666666666666,8.210000000000001,4.58,1
1.933333333333333,1.976833333333333,2.783333333333333,2.278333333333333,1.39,1.82,1
3.233333333333333,1.460833333333333,2.483333333333333,2.426333333333333,5.73,1.85,0
2.283333333333333,2.032166666666667,1.816666666666667,2.389666666666666,1.98,1.37,2
1.483333333333333,1.035666666666667,2.333333333333333,1.590833333333333,11.11,0.673,0
1.95,1.593333333333333,2.033333333333333,1.313833333333333,2.39,2.14,1
1.183333333333333,1.026833333333333,1.8,1.259166666666667,2.45,2.72,1
1.3,1.442666666666667,3.15,1.830833333333333,3.81,7.78,3
1.733333333333333,1.100833333333333,2.883333333333333,1.884166666666667,0.889,1.1,0
2.483333333333333,1.293833333333333,0.9833333333333334,1.248,1.82,1.04,0
2.483333333333333,2.197166666666667,2.583333333333333,2.3835,1.85,11.11,2
2.283333333333333,2.4015,4.416666666666666,2.464,1.37,5.73,1
1.45,2.194666666666667,2.683333333333334,1.913166666666667,6.07,2.45,2
4.616666666666667,3.939666666666667,2.783333333333333,1.915333333333333,2.14,8.210000000000001,4
1.616666666666667,1.9815,1.25,1.878166666666667,1.1,1.39,1
3.516666666666667,2.299,1.7,1.820666666666667,0.673,3.81,1
1.333333333333333,1.604,3.566666666666666,3.0965,4.58,0.889,2
4.766666666666667,2.5975,3.116666666666667,2.664166666666667,2.72,1.98,3
2.283333333333333,1.370333333333333,2.15,2.060666666666667,1.9,2.86,3
1.983333333333333,1.932833333333333,0.75,1.335166666666667,6.98,1.9,1
5.35,3.7875,2.566666666666666,2.170333333333333,1.2,9.32,3
3.016666666666667,1.686333333333333,0.7333333333333334,1.342833333333334,16.38,2.86,0
2.316666666666666,2.578166666666667,1.116666666666667,1.613333333333333,2.92,8.390000000000001,0
1.033333333333333,1.4415,0.9,1.862333333333333,1.79,1.41,2
0,0.8899999999999999,3.416666666666667,1.995166666666667,0.925,1.29,0
2.9,2.040666666666667,2.25,2.885833333333333,1.13,5.02,3
1.566666666666667,0.8428333333333333,0.7,1.144666666666667,10.22,2.58,0
1.033333333333333,0.9663333333333333,2.1,1.8905,3.13,2.02,1
3.533333333333333,2.210166666666667,1.233333333333333,1.275833333333333,4.1,3.41,1
1.9,2.049166666666666,3,2.792666666666666,1.9,2.92,0
1.083333333333333,1.332166666666667,1.783333333333333,1.813833333333333,2.58,2.02,1
0.7,1.781833333333333,1.333333333333333,0.3238333333333334,9.32,1.79,0
1.733333333333333,1.262666666666667,4.033333333333333,3.051666666666667,1.29,10.22,2
2,1.064666666666667,1.183333333333333,1.3525,1.41,4.1,1
0.7833333333333333,1.782166666666667,2.033333333333333,1.437833333333333,5.02,3.13,1
1.333333333333333,1.1665,3.066666666666666,2.3535,1.2,0.925,1
0,0.7450000000000001,3.166666666666667,2.705833333333334,2.86,1.13,2
3.783333333333333,3.427166666666667,2.05,1.445333333333333,8.390000000000001,6.98,2
3.683333333333334,2.251666666666667,1.283333333333333,0.8505,3.41,16.38,2
4.85,3.452,1.2,1.249,16.38,5.02,2
4.7,3.876166666666667,0.3333333333333333,1.04,6.98,9.32,1
3.033333333333333,2.9215,1.783333333333333,1.727833333333333,4.1,1.9,1
1.166666666666667,1.491666666666667,0.65,1.2585,2.02,1.2,1
0.65,1.284166666666667,2.416666666666667,2.725833333333333,1.79,2.58,3
2.15,1.4885,2.15,2.7605,0.925,2.86,2
2.783333333333333,2.542833333333333,2.4,2.4185,2.92,3.41,1
2.116666666666667,1.614333333333333,3.933333333333334,3.427666666666667,3.13,1.41,0
0.9,1.5685,0.75,1.346166666666667,10.22,8.390000000000001,2
0.5,1.527,2.6,2.629,1.13,1.29,0
2.033333333333333,0.8109999999999999,1.833333333333333,3.0355,2.92,0.925,0
2.616666666666667,2.144833333333334,0.7,0.3226666666666667,9.32,10.22,0
1.783333333333333,1.888,2.616666666666667,1.9635,3.41,2.02,0
1.583333333333333,2.060833333333333,2.466666666666667,2.086333333333333,1.29,4.1,3
1.7,1.814833333333333,2.666666666666667,1.986166666666667,8.390000000000001,2.58,0
0.5333333333333333,2.039333333333333,2.483333333333333,2.0485,1.2,3.13,1
2.216666666666667,1.757166666666667,3.066666666666666,2.471833333333333,2.86,6.98,1
2.366666666666667,3.1145,2.35,2.608833333333333,1.9,16.38,6
1.166666666666667,1.973833333333334,0.5333333333333333,1.702333333333333,1.41,1.13,2
1,1.363666666666667,1.633333333333333,2.355833333333333,5.02,1.79,0
3.9,2.127666666666667,0.9166666666666666,1.3735,10.22,2.92,2
1.833333333333333,1.95,1.7,1.484166666666667,3.41,1.13,0
4.266666666666667,3.047,0.8333333333333333,1.551166666666667,2.02,5.02,2
0.25,0.8951666666666667,3.65,2.7215,1.79,1.29,1
0.6666666666666666,0.8889999999999999,1.25,1.798166666666667,1.41,8.390000000000001,4
1.166666666666667,1.347,1.033333333333333,0.9909999999999999,4.1,2.86,0
1.683333333333333,2.226166666666667,1.116666666666667,1.112833333333333,2.58,9.32,3
0.9833333333333334,1.046166666666667,2.166666666666667,1.582,16.38,1.2,1
1.316666666666667,0.8559999999999999,0.5333333333333333,1.194666666666667,6.98,0.925,0
2.533333333333333,1.9155,1.7,1.794,3.13,1.9,1
4.65,2.3675,1.65,1.307166666666667,8.390000000000001,16.38,2
1.2,1.1815,0.25,0.9118333333333333,6.98,2.02,0
3.7,3.296,2.65,2.4745,1.29,5.02,5
3.2,2.485,2.866666666666667,2.972833333333333,0.925,4.1,1
0.5333333333333333,1.894,1,0.8911666666666667,9.32,3.13,1
1.9,1.692166666666667,2.55,3.247666666666666,2.92,1.41,1
1.75,1.573666666666667,3.033333333333333,2.0555,1.2,2.58,0
2.483333333333333,2.807,2.5,1.614,1.9,3.41,1
1.5,1.490333333333333,2.733333333333333,1.698166666666667,2.86,1.79,1
2.65,2.646166666666667,2.9,2.448666666666667,1.13,10.22,2
1.4,0.8671666666666666,1.616666666666667,1.921833333333334,2.02,0.925,3
4.516666666666667,2.219833333333333,1.9,0.9896666666666667,2.58,2.92,2
1.4,2.142833333333333,1.566666666666667,1.328833333333333,10.22,2.86,1
1.2,1.5535,2.683333333333334,2.675166666666667,1.79,1.13,1
2.7,2.487166666666667,3.833333333333333,2.1425,1.41,9.32,0
1.083333333333333,1.529333333333333,1.2,0.8993333333333333,4.1,6.98,4
0.8333333333333333,0.8336666666666668,1.233333333333333,1.554333333333333,16.38,1.29,1
1.033333333333333,0.6643333333333333,1.6,1.514,3.41,1.2,1
1.733333333333333,1.423,1.833333333333333,2.015333333333333,3.13,8.390000000000001,2
4.316666666666666,3.226833333333333,1,0.993,6.98,5.02,1
2,1.510666666666667,0.8333333333333333,0.8463333333333334,9.32,8.390000000000001,1
0.5,1.365333333333334,2.583333333333333,1.788833333333333,0.925,2.58,1
0.5333333333333333,0.9098333333333334,3.766666666666667,3.488833333333333,1.29,3.13,2
3.866666666666667,2.328833333333333,1.083333333333333,2.083833333333333,2.92,16.38,2
2.683333333333334,1.681333333333333,1.7,1.669833333333333,1.2,4.1,1
1.183333333333333,1.763333333333333,1.783333333333333,1.557,2.86,1.41,1
1.833333333333333,2.0205,2.4,1.8235,1.9,1.79,1
1.783333333333333,1.805833333333333,1.333333333333333,1.408666666666667,10.22,3.41,0
1.25,0.9355,3.016666666666667,2.6925,1.13,2.02,3
3.566666666666666,2.190333333333333,2.65,2.303833333333333,2.02,2.92,0
1.283333333333333,1.0945,2.3,2.449666666666666,1.41,1.2,1
1.583333333333333,1.651166666666667,2.116666666666667,1.888666666666667,3.13,1.13,2
2.433333333333334,2.007166666666667,1.033333333333333,1.521166666666667,1.79,10.22,3
2.783333333333333,2.256166666666667,1.516666666666667,1.028833333333333,2.58,6.98,1
1.333333333333333,2.645166666666666,1.7,1.138,8.390000000000001,2.86,0
2.35,1.994666666666667,2.033333333333333,1.488833333333333,1.9,9.32,1
2.016666666666667,1.464666666666667,1.583333333333333,1.3355,5.02,4.1,1
1.5,1.153833333333333,2.033333333333333,1.436166666666667,16.38,0.925,0
1.283333333333333,1.003666666666667,1.833333333333333,1.487,3.41,1.29,0
1.283333333333333,1.074333333333333,1.333333333333333,1.368166666666667,6.98,1.2,1
3.066666666666666,2.561166666666667,0.5333333333333333,0.4938333333333333,9.32,16.38,1
0.95,1.377,0.7833333333333333,1.588,2.86,3.41,1
0.8333333333333333,1.226333333333333,2.666666666666667,3.0365,1.29,8.390000000000001,2
1.533333333333333,1.701333333333333,1.616666666666667,1.621333333333334,2.02,1.79,1
0.8666666666666667,1.623,2.233333333333333,1.996333333333333,4.1,3.13,0
1.533333333333333,1.8765,0.95,1.1895,10.22,1.41,0
2.483333333333333,2.544666666666667,2.366666666666667,1.905666666666667,2.92,5.02,2
0.7,0.9086666666666667,2.533333333333333,2.0595,0.925,1.9,3
0.8333333333333333,1.686,1.9,1.813666666666667,1.13,2.58,1
1.65,1.636333333333333,1.7,1.332333333333333,1.79,2.92,2
4.2,2.908833333333333,0.95,0.9086666666666667,16.38,10.22,0
3.133333333333333,3.6375,3.083333333333333,3.038666666666667,1.41,6.98,0
2.483333333333333,2.199666666666666,0.75,0.8141666666666667,9.32,4.1,0
1.366666666666667,1.599,2.616666666666667,3.390666666666667,1.2,1.13,2
1.45,1.066166666666667,0.7833333333333333,1.311166666666667,1.9,1.29,0
0.6,0.7081666666666666,2.816666666666666,2.4315,3.13,0.925,1
2.65,1.5175,1.5,1.380833333333333,8.390000000000001,2.02,1
0.95,1.699333333333333,1.533333333333333,1.534166666666667,5.02,2.86,3
1.033333333333333,1.294,0.7333333333333334,1.1755,2.58,3.41,2
2,1.099333333333333,0.25,1.012833333333333,10.22,1.9,3
0.65,1.483333333333333,1.033333333333333,1.622666666666666,2.86,9.32,3
1.783333333333333,1.524166666666667,0.7833333333333333,1.468,6.98,1.79,0
1.866666666666667,1.375333333333333,1.933333333333333,1.941666666666667,1.13,8.390000000000001,0
1.483333333333333,1.739333333333333,1.733333333333333,1.343166666666667,2.02,16.38,3
0.7,1.364333333333333,2.95,2.673333333333333,0.925,1.41,0
1.283333333333333,1.646666666666667,0.45,1.282,4.1,2.58,0
1.4,2.095,2.816666666666666,2.021833333333333,2.92,3.13,1
1.783333333333333,1.912,2.316666666666666,1.743333333333333,1.29,1.2,2
1.616666666666667,2.096333333333333,1.233333333333333,1.284333333333333,3.41,5.02,3
1.183333333333333,1.070166666666667,1.95,3.062833333333334,1.41,2.02,3
0.95,1.436,2.016666666666667,2.3445,1.79,4.1,1
0.8333333333333333,1.467166666666667,2.95,2.125166666666667,5.02,0.925,0
1,1.446666666666667,0.8666666666666667,1.377166666666667,2.58,1.29,0
0.9166666666666666,1.5485,0.75,0.749,9.32,2.92,2
2.35,2.427833333333333,1.483333333333333,1.814666666666667,3.13,10.22,0
1.75,1.134166666666667,2.316666666666666,2.830833333333334,1.2,2.86,2
2.566666666666666,2.098833333333333,0.7,2.084166666666667,1.9,1.13,0
2.616666666666667,2.243666666666667,2.333333333333333,1.646666666666667,8.390000000000001,3.41,2
1.45,3.518833333333333,0,0.4363333333333334,16.38,6.98,0
2.5,2.407833333333333,3.1,3.147833333333334,0.925,9.32,1
0.9,1.628333333333333,0,0.5181666666666667,4.1,8.390000000000001,1
0.7,0.6851666666666666,1.45,1.353333333333333,3.41,1.79,2
1,1.365333333333333,2.066666666666666,2.881666666666667,1.29,1.41,0
4.1,3.245333333333333,2.7,1.401,2.02,1.9,2
1.333333333333333,1.7465,0.7,1.710666666666667,6.98,3.13,1
2.366666666666667,2.203166666666667,2.733333333333333,2.5455,2.92,1.2,0
0.95,2.255666666666666,2.45,1.976333333333333,2.86,2.58,0
3.65,2.996333333333333,1.5,1.842833333333333,10.22,5.02,0
1.7,1.8725,2.7,3.054833333333333,1.13,16.38,3
3.483333333333333,2.563666666666666,1.75,2.006666666666667,1.41,1.9,1
0.25,1.460166666666667,0.5,0.7988333333333333,4.1,10.22,1
1.7,1.337166666666667,1.616666666666667,1.325666666666667,2.86,2.02,0
0.45,0.9020000000000001,2.116666666666667,2.239666666666666,8.390000000000001,0.925,0
1.65,0.9306666666666666,0.9166666666666666,0.5828333333333333,9.32,1.13,0
2.283333333333333,2.339,2.316666666666666,2.427333333333333,1.2,5.02,5
2.066666666666666,2.200833333333333,1.233333333333333,2.237833333333334,1.29,2.92,2
1.483333333333333,1.765833333333333,0.4,1.313166666666667,2.58,3.13,0
2.316666666666666,2.548166666666667,0.8333333333333333,1.5365,6.98,3.41,2
2.583333333333333,1.9055,1.483333333333333,2.588333333333333,1.79,16.38,1
2.683333333333334,2.6915,1.766666666666667,1.356166666666667,3.41,9.32,1
2.033333333333333,1.586,3.266666666666667,1.891166666666667,2.02,1.29,0
1,1.145833333333333,1.6,1.971,5.02,1.41,1
0.2,0.8490000000000001,3,2.8545,1.13,0.925,3
1.083333333333333,2.278,2.45,1.9745,2.92,4.1,1
1.9,2.091,1.033333333333333,1.169666666666667,1.9,1.2,1
2.2,1.802666666666667,0.8333333333333333,1.4745,3.13,2.86,1
0.8333333333333333,1.877833333333333,1.283333333333333,2.386666666666667,1.79,8.390000000000001,2
1.033333333333333,2.14,1.35,2.180666666666667,10.22,6.98,1
0.75,1.239333333333333,0.3333333333333333,0.8400000000000001,16.38,2.58,0
2.133333333333333,1.336833333333333,1.166666666666667,1.206833333333333,5.02,1.9,0
1.083333333333333,1.459666666666667,2.1,2.1415,2.92,6.98,1
1.316666666666667,1.39,1.083333333333333,1.412333333333333,3.13,3.41,3
1.25,1.3145,0.9,1.2985,2.86,1.29,0
2.35,1.999,0.4,0.4771666666666666,9.32,2.02,1
1,0.8498333333333334,1.383333333333333,2.257333333333333,0.925,1.79,1
0.25,0.6121666666666667,2.083333333333333,1.959,4.1,1.13,4
0.8333333333333333,1.7915,3.066666666666667,1.833,1.2,10.22,1
1.783333333333333,2.026166666666667,3.683333333333334,1.254833333333333,1.41,16.38,2
4.416666666666667,1.814166666666667,1.15,1.45,8.390000000000001,5.02,1
2.4,2.497,1.533333333333333,1.913166666666667,6.98,2.92,1
0.9833333333333334,0.866,0.5,1.401166666666667,2.58,1.9,1
2.583333333333333,2.180333333333333,1.183333333333333,2.895833333333333,2.92,2.86,1
1.5,1.142166666666667,1.083333333333333,1.5125,10.22,0.925,1
0.7833333333333333,2.453833333333333,2.6,1.815666666666667,1.13,6.98,1
0.5833333333333333,0.478,0.9833333333333334,1.3155,3.41,1.41,0
1.283333333333333,2.173166666666666,2.65,1.646,2.02,4.1,2
2.116666666666667,1.923,1.45,1.5335,1.9,8.390000000000001,1
0.5333333333333333,1.3615,0.2,0.2105,16.38,3.13,0
1.333333333333333,1.6815,1.616666666666667,2.1225,1.79,1.2,0
2.533333333333333,1.906,3,2.336333333333333,1.29,9.32,2
0.25,0.9289999999999999,1.65,1.414333333333333,5.02,2.58,2
4.616666666666667,2.361333333333334,2.783333333333333,1.783666666666667,4.1,16.38,2
1.866666666666667,1.6845,2.583333333333333,1.5825,1.2,8.390000000000001,4
1.9,2.230333333333333,1.033333333333333,1.007833333333333,0.925,3.41,1
2.583333333333333,1.197833333333333,0.3333333333333333,1.039666666666667,9.32,5.02,1
1.583333333333333,1.228333333333333,4.95,2.455833333333334,3.13,1.79,0
1.583333333333333,1.316166666666667,1.283333333333333,1.370166666666667,10.22,2.02,1
1.2,1.050833333333333,2.616666666666667,1.980333333333333,1.41,2.58,1
1.333333333333333,1.147166666666667,0.95,2.532833333333333,2.92,1.13,0
1.033333333333333,0.7721666666666667,0.75,0.7745,2.86,1.9,0
0.6,1.1175,0.7833333333333333,1.494,6.98,1.29,2
3.033333333333333,2.977166666666667,1.933333333333333,1.476333333333333,1.9,6.98,2
1.116666666666667,0.8741666666666666,2.333333333333333,1.6195,1.41,1.79,1
1.783333333333333,1.837333333333333,0.7833333333333333,0.7908333333333333,2.58,10.22,0
4.033333333333333,1.709166666666667,0.5333333333333333,0.722,2.86,16.38,1
0.2,1.163666666666666,2.416666666666667,1.9605,2.02,3.13,1
0.45,1.022,0.75,1.114666666666667,9.32,1.2,0
1.683333333333333,1.237666666666667,4.516666666666667,3.024333333333333,1.29,0.925,2
1.116666666666667,1.422,0.7,0.9486666666666668,3.41,4.1,1
1.783333333333333,2.936,0.7833333333333333,0.8100000000000001,8.390000000000001,2.92,0
1,1.022666666666667,3.166666666666667,1.762166666666667,5.02,1.13,0
1.833333333333333,1.209833333333333,2.266666666666667,2.724,2.02,2.58,0
2.166666666666667,1.202166666666667,1.783333333333333,1.162666666666667,10.22,1.29,0
0.2,0.631,2.283333333333333,1.2975,0.925,1.2,3
0.45,0.6876666666666666,0.75,1.980833333333333,2.92,1.9,1
1.516666666666667,1.310833333333333,2.116666666666667,3.142166666666667,1.13,2.86,1
1.783333333333333,1.662333333333333,3.35,1.699333333333333,3.13,5.02,3
1,0.4133333333333333,2.216666666666667,0.8820000000000001,4.1,1.41,0
2.483333333333333,2.347666666666667,0.8666666666666667,0.8811666666666667,6.98,8.390000000000001,2
2.933333333333334,2.5365,1.2,1.108,1.79,9.32,5
2.116666666666667,1.445,2.733333333333333,2.319833333333333,1.2,2.02,0
3.316666666666666,1.93,1.4,1.071,5.02,16.38,1
2.116666666666667,1.791333333333333,0.25,0.5898333333333333,9.32,6.98,4
1.2,1.181333333333333,2.066666666666666,2.036166666666666,6.98,2.86,0
0.6666666666666666,0.4233333333333333,1.866666666666667,2.624666666666667,1.13,1.41,0
1.5,1.024833333333333,1.033333333333333,0.4808333333333333,4.1,1.29,0
1.683333333333333,1.7135,1.15,1.731666666666666,2.02,3.41,1
1.7,1.241333333333333,3.166666666666667,2.147333333333333,1.79,5.02,2
1.7,1.668333333333333,2.95,1.548333333333333,0.925,2.92,1
1.5,0.8185,3.566666666666666,1.6245,3.13,1.2,1
0.7,1.206333333333333,0,0.4218333333333333,16.38,1.9,0
2.533333333333333,2.444833333333333,1.2,1.444666666666667,2.58,8.390000000000001,1
3.716666666666667,3.0955,1.116666666666667,0.847,10.22,9.32,0
1.283333333333333,1.489333333333333,0,0.385,16.38,3.41,0
0.75,2.254666666666667,2.566666666666666,1.904333333333333,1.9,3.13,2
2.116666666666667,2.135166666666667,1.2,2.2575,1.2,16.38,0
1.066666666666667,1.069166666666667,2.583333333333333,2.414,2.92,10.22,5
0.7833333333333333,0.896,1.233333333333333,2.146666666666667,1.13,3.41,5
1.25,1.073833333333333,2.666666666666667,2.185666666666667,1.29,1.79,2
0.5,0.7193333333333334,0,0.9201666666666667,8.390000000000001,1.41,2
1.083333333333333,1.768333333333333,2.416666666666667,1.571166666666667,2.86,4.1,2
3.233333333333333,1.731,2.45,1.461,0.925,6.98,2
0.9,1.355,1.333333333333333,1.329833333333333,5.02,2.02,1
0.7,1.110166666666667,1.333333333333333,0.7514999999999999,9.32,2.58,0
3,2.265666666666666,1.083333333333333,1.1475,2.02,6.98,1
1.1,1.653333333333333,1.416666666666667,1.367833333333333,5.02,1.29,2
2.233333333333333,1.882166666666667,0.7,0.8233333333333334,4.1,0.925,0
0.8333333333333333,0.479,0.4,0.8066666666666666,10.22,1.13,0
2,2.257166666666667,1.983333333333333,0.8525,3.13,9.32,1
0.8333333333333333,0.832,2.283333333333333,2.143,1.41,2.92,1
1.183333333333333,0.5865,1.333333333333333,1.676333333333333,2.58,1.2,1
0.75,0.6671666666666667,0.8666666666666667,1.113666666666667,3.41,1.9,0
0.75,0.8848333333333334,2.816666666666666,2.029833333333333,1.79,2.86,4
2.533333333333333,2.790333333333333,0,0.2293333333333333,16.38,8.390000000000001,1
1.166666666666667,1.6795,1.483333333333333,1.2135,2.58,1.79,1
2.116666666666667,2.179,2.566666666666666,2.301166666666667,1.9,4.1,2
1.15,1.562,0.5,0.8094999999999999,3.41,2.92,2
0.65,0.516,4.316666666666666,3.052,1.29,1.13,0
1.4,1.201,1.816666666666666,1.911,2.86,0.925,1
3.566666666666667,3.012,2.166666666666667,0.9765000000000001,8.390000000000001,10.22,0
1.416666666666667,1.893666666666667,1.95,2.432333333333333,1.41,3.13,1
2.4,1.4555,2.7,2.1915,1.29,16.38,4
2.416666666666667,2.434666666666667,0.75,2.462,1.2,3.41,1
2.366666666666667,2.7315,0.9,0.9955000000000001,6.98,4.1,2
1.333333333333333,1.835166666666667,3.216666666666666,2.187333333333333,2.92,2.58,0
2.25,2.950333333333334,1.6,2.125833333333333,2.86,10.22,0
0.8333333333333333,0.8436666666666667,3.366666666666667,2.428,0.925,2.02,0
1.4,1.759833333333333,3.75,3.504333333333333,1.13,1.79,0
1.666666666666667,0.6543333333333333,1.3,1.644666666666667,9.32,1.41,1
3.833333333333333,2.430166666666667,2.566666666666666,2.837166666666667,1.9,5.02,2
1.533333333333333,1.603833333333333,1.5,1.574333333333333,8.390000000000001,3.13,1
0.7,0.7673333333333334,2.366666666666667,1.871833333333333,1.79,1.9,1
0.8333333333333333,1.001833333333333,0.7833333333333333,1.163166666666667,2.58,0.925,0
3.033333333333333,2.2755,2.183333333333334,3.335666666666667,1.41,2.86,0
1.75,2.605333333333333,1.166666666666667,0.8916666666666666,3.41,10.22,0
1.033333333333333,0.496,0.2,1.248833333333333,4.1,1.2,0
2.7,2.309333333333333,1.283333333333333,1.683166666666667,3.13,1.29,2
0.5,0.7575000000000001,1.283333333333333,1.5475,2.02,1.13,0
1.583333333333333,3.177333333333333,1.65,1.118333333333333,8.390000000000001,9.32,0
0.9166666666666666,1.437666666666667,1.333333333333333,1.381333333333334,16.38,2.92,0
1.433333333333333,2.58,1.816666666666667,1.013166666666667,5.02,6.98,0
1.25,1.265666666666667,0.3333333333333333,1.374166666666667,10.22,1.79,0
0.9833333333333334,1.967833333333333,3.533333333333333,2.3215,1.29,3.41,3
1.45,0.9913333333333334,2.15,1.631833333333333,2.92,2.02,0
0.9833333333333334,0.486,0.5833333333333333,2.495833333333334,1.2,1.41,0
1.2,1.776333333333334,0.9166666666666666,0.696,6.98,2.58,1
3.583333333333333,2.335,1.9,2.001333333333333,0.925,16.38,1
2.366666666666667,1.843666666666667,0,1.021833333333333,4.1,5.02,4
0.5333333333333333,1.358833333333333,0.25,1.2715,2.86,8.390000000000001,1
1.783333333333333,1.309666666666667,2.35,2.038666666666667,1.13,3.13,1
0.8333333333333333,1.1075,0.5833333333333333,1.037,9.32,1.9,2
1.2,2.065333333333333,0.45,1.973833333333334,1.2,6.98,3
2.4,2.119833333333333,1.116666666666667,1.243166666666667,3.13,4.1,0
1.766666666666667,1.896166666666666,0.75,1.625833333333333,8.390000000000001,1.29,1
0.8666666666666667,0.7308333333333333,2.983333333333333,2.025,1.79,2.02,0
0.95,0.9341666666666667,3.566666666666666,1.904833333333333,1.9,0.925,2
2,2.133333333333333,0.7,1.4935,1.41,10.22,2
0.9,1.3945,2.15,1.145333333333333,5.02,2.92,0
1.55,1.7765,0.65,1.132833333333333,3.41,2.86,1
2.7,2.552833333333333,1.2,1.2105,16.38,9.32,1
0.25,0.7010000000000001,1.2,1.531166666666667,2.58,1.13,1
0.7,1.067,0.7333333333333334,0.6685,6.98,1.41,1
1.883333333333333,1.401166666666667,0.7,1.3005,10.22,16.38,3
1.533333333333333,1.392166666666667,1.083333333333333,1.148166666666667,0.925,3.13,1
0.5,0.9535,2.75,2.064166666666667,2.92,1.79,1
2.083333333333333,1.5425,0.7,0.9246666666666667,3.41,2.58,1
0.5333333333333333,1.252166666666667,0.5333333333333333,1.270166666666667,2.02,8.390000000000001,2
1.616666666666667,1.564333333333333,2.3,2.611166666666667,1.29,1.9,3
0.2,0.4571666666666667,2.333333333333333,1.770166666666667,1.13,1.2,3
2.233333333333333,2.086,1.833333333333333,1.354833333333333,4.1,9.32,0
3.733333333333333,2.248833333333333,1.333333333333333,1.641666666666667,2.86,5.02,1
0.8333333333333333,1.253166666666667,1.083333333333333,0.987,8.390000000000001,1.13,1
0.9,0.671,1.583333333333333,0.9378333333333333,16.38,2.02,1
2.666666666666667,1.7045,3.566666666666666,1.579666666666667,1.9,10.22,4
2.916666666666667,2.739,0.75,0.7308333333333334,5.02,3.41,1
2.233333333333333,1.462,1.5,1.609,1.2,1.29,0
2.916666666666667,1.607166666666667,2.666666666666667,1.649,1.41,0.925,1
2.25,2.153166666666666,2.333333333333333,1.869666666666667,2.58,4.1,3
0.5833333333333333,0.8656666666666667,2,2.0245,9.32,2.86,2
2.25,2.165333333333333,2.4,1.681166666666667,3.13,2.92,0
3.5,1.9,3.2,2.5825,1.79,6.98,1
2.283333333333333,2.065333333333333,2.6,2.853833333333333,1.29,2.58,0
1.283333333333333,1.367,1.25,1.260833333333333,10.22,3.13,2
0.3333333333333333,1.1525,2.05,1.668333333333333,4.1,1.79,1
1.583333333333333,1.354166666666667,2.366666666666667,2.038833333333333,2.02,1.41,2
2.633333333333333,2.685,1.783333333333333,1.1575,0.925,5.02,2
2,1.459833333333333,2.033333333333333,2.5625,2.86,1.2,1
1.65,2.018833333333333,3.95,1.785333333333333,1.13,1.9,1
2.866666666666667,1.425833333333333,1.083333333333333,1.443833333333333,3.41,8.390000000000001,1
2.7,1.655833333333333,0.5333333333333333,1.201166666666666,6.98,16.38,0
2.05,1.516333333333333,1.833333333333333,1.449,2.92,9.32,2
0.7833333333333333,1.059166666666667,1.033333333333333,0.9591666666666667,16.38,1.13,1
1.983333333333333,2.883666666666667,1.333333333333333,1.417166666666667,1.79,3.41,0
1.45,1.549166666666667,2.233333333333333,1.978166666666667,1.41,1.29,0
1.083333333333333,1.467166666666667,2.483333333333333,1.494166666666667,1.9,2.02,0
2.733333333333333,1.509166666666667,1.416666666666667,0.9903333333333334,9.32,0.925,1
1.75,1.499666666666667,1.283333333333333,1.324166666666667,8.390000000000001,4.1,1
2.733333333333333,2.033166666666666,1.333333333333333,1.580166666666667,5.02,10.22,3
1.933333333333333,1.181166666666667,1.5,1.6105,3.13,6.98,1
1,1.0685,1.85,1.591166666666667,1.2,2.92,1