0.45,0.679,2.7,1.381,1.78,1.42,0
1.083333333333333,0.8393333333333334,0.5333333333333333,0.9948333333333332,5.28,1.24,0
2.366666666666667,1.7755,3.866666666666667,2.777,1.08,1.41,1
5.816666666666666,3.518166666666667,1.366666666666667,1.596,2.39,15.8,2
0.5333333333333333,0.7070000000000001,0,0.5336666666666667,19.3,1.56,0
2.4,2.672,1.116666666666667,1.0095,9.029999999999999,3.61,0
1.366666666666667,0.9695,1.833333333333333,2.331,4.09,0.844,0
2.566666666666666,2.863,2.266666666666667,2.250333333333333,1.52,1.81,2
0.6666666666666666,0.721,2.5,2.330333333333333,1.42,2.08,0
0.9166666666666666,0.852,4.066666666666666,1.832166666666667,1.47,0.8100000000000001,1
3.85,2.002333333333333,2.066666666666666,2.3865,3.58,5.28,1
2.116666666666667,2.4275,2.95,1.928,1.24,1.78,0
0.45,0.487,1.816666666666666,1.799666666666667,1.42,1.24,1
3.233333333333333,2.747833333333333,0.7,0.6955,5.28,9.029999999999999,1
4.65,4.072666666666667,1.933333333333333,1.882333333333333,1.81,19.3,2
0.3333333333333333,0.6419999999999999,0.5333333333333333,1.1965,0.844,1.52,3
0.9333333333333333,0.9281666666666666,0.7833333333333333,1.615333333333333,0.8100000000000001,1.08,2
0.25,0.6198333333333333,1,1.328666666666666,2.08,1.56,1
1.033333333333333,1.398166666666667,2.25,1.723333333333333,3.61,1.47,1
1.333333333333333,1.916,1.233333333333333,1.414166666666667,1.41,2.39,3
1.15,1.143333333333333,1.1,0.6878333333333333,1.78,3.58,0
0.3333333333333333,1.070833333333333,1.233333333333333,1.491166666666667,15.8,4.09,0
1.566666666666667,1.800333333333333,3.25,2.938333333333333,1.56,1.81,1
6.016666666666667,3.528666666666667,3.166666666666667,1.907333333333333,1.52,15.8,5
1.733333333333333,1.7535,3.2,2.851333333333333,4.09,1.41,1
2.15,1.070833333333333,0,0.5680000000000001,19.3,0.844,0
1.4,1.466666666666667,1.85,1.609666666666667,1.24,2.08,2
1.9,1.806166666666666,1.9,0.821,9.029999999999999,1.78,0
3.183333333333334,1.316333333333333,4.433333333333334,2.8995,1.47,5.28,0
2.85,3.043,2.983333333333333,3.015,1.08,3.61,2
1.733333333333333,1.595,1.816666666666667,1.396166666666667,2.39,0.8100000000000001,0
0.8333333333333333,1.109333333333333,1.983333333333333,1.503333333333333,3.58,1.42,2
1.2,0.8356666666666667,1.7,2.311333333333334,1.41,1.52,0
0.7,2.081166666666667,1.866666666666667,2.123,0.8100000000000001,4.09,1
3.666666666666667,3.900833333333333,0.2,0.9431666666666667,15.8,19.3,1
0.8666666666666667,0.7240000000000001,2.083333333333333,1.272333333333333,5.28,1.08,1
0.75,1.045,1.933333333333333,1.471166666666667,1.24,3.58,1
0.3333333333333333,0.7388333333333333,2.7,2.316166666666667,0.844,1.56,1
1.4,1.391833333333333,1.083333333333333,0.7883333333333333,2.08,1.81,0
2.033333333333333,1.019666666666667,1,2.34,1.78,1.47,0
2.2,2.417833333333333,1.333333333333333,1.044166666666667,3.61,2.39,1
2.533333333333333,3.643833333333333,1.233333333333333,1.344666666666667,1.42,9.029999999999999,1
1.116666666666667,1.115,1.2,1.510666666666667,1.47,1.42,2
4.816666666666666,3.465166666666667,2.533333333333333,2.062666666666667,1.56,15.8,4
1.083333333333333,1.306333333333333,0.75,0.7409999999999999,9.029999999999999,1.24,2
2.283333333333333,1.716333333333333,1.5,1.47,19.3,1.41,1
3.166666666666667,3.094,1.866666666666667,1.9075,3.58,2.08,1
2.666666666666667,2.369333333333333,1.583333333333333,1.234833333333333,4.09,3.61,0
2.45,1.146666666666667,1.65,1.119333333333334,2.39,5.28,3
0.7,0.9973333333333334,4.316666666666666,2.904666666666667,1.52,0.8100000000000001,1
0.5,0.8144999999999999,2.866666666666667,2.431333333333333,1.08,1.78,1
1.25,1.044,2.5,2.966333333333333,1.81,0.844,3
1.45,0.7035,3.033333333333333,1.852833333333333,1.24,1.47,0
1.483333333333333,3.131833333333334,2.233333333333333,1.831166666666667,0.8100000000000001,19.3,2
1.733333333333333,1.563666666666667,1.283333333333333,1.305166666666667,1.42,1.08,0
1.25,0.9648333333333333,0.3333333333333333,1.243833333333333,15.8,1.81,1
2.433333333333334,1.937166666666667,0.45,0.4583333333333333,2.08,0.844,1
0.5333333333333333,0.9975000000000001,0.85,2.469,1.41,1.56,0
1.6,1.1355,1.033333333333333,0.8376666666666667,3.61,1.52,1
1.933333333333333,2.023166666666667,1.5,2.3335,1.78,2.39,1
1.083333333333333,1.334666666666667,1.783333333333333,1.227166666666667,5.28,4.09,0
3.033333333333333,2.782166666666667,1.733333333333333,2.013,3.58,9.029999999999999,1
0.8333333333333333,1.384833333333333,0.2,0.5565,4.09,1.78,1
2.733333333333333,2.827,1.666666666666667,0.9623333333333333,9.029999999999999,2.08,1
5.583333333333333,3.626,2.516666666666667,2.239666666666666,0.844,15.8,4
1.4,1.5835,1.583333333333333,1.531,19.3,3.61,1
1.45,0.9871666666666665,0.6666666666666666,1.356166666666667,1.47,3.58,0
1.283333333333333,1.729,4.5,3.244333333333334,1.81,1.41,0
1.75,0.9078333333333333,2.583333333333333,2.536,1.52,5.28,1
1.116666666666667,1.483333333333333,1.483333333333333,1.826833333333334,1.08,1.24,2
1.066666666666667,1.221666666666667,2,0.9038333333333334,2.39,1.42,1
0.8333333333333333,0.9405,1.783333333333333,1.924,1.56,0.8100000000000001,0
1.7,2.039166666666667,0.7833333333333333,1.199166666666667,3.58,1.08,0
1.95,0.9631666666666667,1.45,1.132666666666667,1.42,4.09,2
1.833333333333333,1.3195,2.333333333333333,1.727166666666667,1.78,1.52,1
5.266666666666667,4.333500000000001,1.833333333333333,1.5175,2.08,15.8,2
1.283333333333333,1.468,0.5,1.578666666666667,1.41,0.844,1
0.25,0.4963333333333333,1.666666666666667,0.6664999999999999,9.029999999999999,1.47,0
0.2,1.444666666666667,3.283333333333333,2.3115,3.61,1.56,1
1.783333333333333,1.548166666666667,2.2,1.764833333333333,1.24,2.39,2
3.366666666666667,3.445,1.45,1.134166666666667,5.28,19.3,1
1.333333333333333,1.1,1.366666666666667,2.1415,0.8100000000000001,1.81,1
3.05,1.803166666666667,2.366666666666667,1.557333333333333,1.08,9.029999999999999,2
1.066666666666667,1.048833333333333,0.8333333333333333,0.8225,4.09,1.24,1
0.2,1.607833333333333,0.75,1.296,15.8,1.41,0
1.533333333333333,1.470666666666667,1.4,1.3685,1.47,2.08,1
3.083333333333333,2.356666666666667,1.85,1.808333333333334,1.81,3.61,1
1.783333333333333,1.4465,0.7833333333333333,1.101166666666667,19.3,1.78,1
2,1.122,1.183333333333333,0.7638333333333334,2.39,3.58,0
0.9333333333333333,1.328833333333333,3.3,2.839166666666667,1.56,5.28,1
0.45,0.8581666666666667,2.233333333333333,3.062333333333333,0.844,0.8100000000000001,2
1.233333333333333,1.034333333333333,1.783333333333333,1.702333333333333,1.52,1.42,1
4.166666666666666,4.390833333333333,3.233333333333333,2.101,0.8100000000000001,15.8,4
4.483333333333333,3.066,1.666666666666667,1.076333333333333,1.42,19.3,0
0.7833333333333333,1.5105,1.333333333333333,1.664,5.28,1.81,0
1.533333333333333,1.602,1.166666666666667,1.1565,1.24,1.52,0
0,1.204666666666667,1.616666666666667,3.434333333333334,2.08,1.41,0
0.8333333333333333,1.567,3.783333333333333,2.2415,1.78,1.56,1
3.033333333333333,1.520166666666667,1.783333333333333,2.107,3.61,0.844,0
3.366666666666667,1.754,0.65,0.4658333333333333,9.029999999999999,2.39,1
1.416666666666667,0.8398333333333332,2.2,1.3605,3.58,4.09,1
0.5,1.1655,1.166666666666667,0.9501666666666666,1.47,1.08,0
1.166666666666667,1.341666666666667,1.95,1.854833333333333,1.41,0.8100000000000001,1
0.7333333333333334,1.124666666666667,0.5333333333333333,0.4378333333333334,19.3,1.24,0
1.25,1.506833333333333,1.033333333333333,1.061,1.52,3.58,1
2.033333333333333,2.310166666666666,1.466666666666667,2.407166666666667,0.844,5.28,1
2.033333333333333,1.473333333333333,1.833333333333333,2.376666666666667,1.81,1.78,3
0.5,1.371,0.2,0.8743333333333334,2.39,1.47,0
0.7833333333333333,0.426,2.583333333333333,2.149166666666667,1.56,1.42,1
1.283333333333333,1.000666666666667,2.316666666666666,0.9938333333333333,1.08,2.08,2
1.766666666666667,1.330833333333334,1.283333333333333,1.656666666666667,4.09,9.029999999999999,4
0.95,1.415,0.8333333333333333,0.4566666666666667,9.029999999999999,1.52,1
0,1.515166666666667,1.25,1.459,3.61,1.41,0
3.233333333333333,2.172166666666667,2.433333333333334,1.309333333333333,1.08,2.39,2
1.233333333333333,0.7115,2.15,1.987333333333333,1.47,4.09,0
1.333333333333333,1.633333333333333,0.9,2.111666666666667,2.08,0.8100000000000001,2
0.7,1.4945,1.15,1.767333333333333,1.42,1.81,2
4.3,3.463833333333334,0.45,1.045,5.28,15.8,1
1.45,0.8123333333333334,2.283333333333333,1.783333333333333,1.78,0.844,2
3.95,2.838333333333333,1.833333333333333,1.5075,3.58,19.3,0
1.283333333333333,1.528333333333333,2.9,1.8155,1.24,1.56,0
0.75,1.241333333333333,2.033333333333333,1.3755,1.52,1.47,0
2.2,2.057333333333333,1.533333333333333,1.167833333333333,15.8,1.78,0
3.05,2.860666666666667,1.333333333333333,1.663,2.08,2.39,1
2.283333333333333,1.736666666666667,1.683333333333333,1.671333333333333,1.41,5.28,1
1.033333333333333,0.6421666666666668,1.233333333333333,1.874166666666667,0.844,1.42,1
1.75,2.012,2.5,1.396833333333333,0.8100000000000001,3.61,2
1.333333333333333,1.2415,2.283333333333333,1.7255,4.09,1.08,2
1.083333333333333,0.9055000000000002,2.033333333333333,1.411666666666667,1.56,3.58,1
3.233333333333333,2.106,0.7,0.4915,19.3,9.029999999999999,1
1.2,1.0305,2.45,2.084333333333333,1.81,1.24,1
1.666666666666667,1.046,1.25,1.829166666666667,1.24,0.844,1
0.9166666666666666,2.223333333333333,0.95,2.1135,3.58,1.81,1
1.116666666666667,1.631,0.8333333333333333,2.191666666666666,5.28,0.8100000000000001,2
0.95,1.236833333333333,1.166666666666667,1.128166666666667,2.39,4.09,0
0.5,2.014166666666667,2.616666666666667,1.86,1.78,1.41,0
3.433333333333334,2.572166666666667,1.916666666666667,2.047333333333333,1.42,15.8,3
0.95,2.011666666666667,2.283333333333333,2.226166666666667,9.029999999999999,1.56,0
2.75,3.1865,0.75,1.587833333333333,1.47,19.3,4
0.5833333333333333,0.9841666666666666,1.866666666666667,2.123666666666667,1.08,1.52,0
1.533333333333333,1.02,0,1.196166666666667,3.61,2.08,0
3.55,2.689166666666667,1.5,1.384666666666667,1.24,15.8,2
4,3.111333333333334,1.233333333333333,1.948,1.08,19.3,6
1.2,1.875166666666667,1.45,1.498833333333333,9.029999999999999,1.81,1
1.666666666666667,0.8781666666666668,1.033333333333333,1.705333333333333,3.58,0.844,0
0.45,1.136166666666667,0.8333333333333333,1.005666666666667,2.39,1.52,0
0.5333333333333333,1.377333333333333,2.6,2.181666666666667,1.47,1.56,2
0.9833333333333334,0.7771666666666666,2.716666666666667,2.155333333333333,4.09,2.08,1
1.7,1.403666666666667,1.7,1.350166666666667,1.78,0.8100000000000001,0
1.916666666666667,1.802166666666667,1.583333333333333,1.874833333333333,5.28,3.61,1
0.3333333333333333,1.385833333333333,2.866666666666667,2.443166666666666,1.42,1.41,1
1.2,1.515833333333333,1.95,1.1815,1.81,1.47,2
0.95,1.0305,0.9,1.2345,15.8,3.58,1
3.016666666666667,1.958333333333333,1.283333333333333,1.1725,0.844,9.029999999999999,3
1.233333333333333,1.414,2.316666666666666,1.981833333333333,1.56,1.08,0
1.483333333333333,1.5285,1.783333333333333,1.64,1.41,1.24,0
0.75,1.219166666666667,1.433333333333333,1.9875,1.52,4.09,2
1.45,1.3765,3.2,2.348166666666667,0.8100000000000001,1.42,0
2.033333333333333,1.9925,1.5,1.9225,3.61,1.78,2
1.816666666666667,2.199166666666667,0.45,0.7163333333333333,19.3,2.39,2
3.15,2.293666666666667,1.816666666666667,1.5885,2.08,5.28,0
2.733333333333333,3.0265,0.8333333333333333,1.285666666666667,15.8,3.61,1
1.15,0.9994999999999999,2.166666666666667,1.463166666666667,1.47,0.844,0
3.433333333333334,3.538666666666667,1.433333333333333,1.596833333333333,9.029999999999999,15.8,0
1.366666666666667,1.404166666666667,1.7,2.165833333333333,2.39,1.56,0
1.033333333333333,1.455,1.583333333333333,1.952333333333333,1.52,2.08,1
1.033333333333333,1.960166666666667,2.45,2.8825,3.58,1.41,1
1,1.496,1.416666666666667,2.397166666666667,1.24,0.8100000000000001,2
2.15,3.235,1.983333333333333,1.896166666666667,1.42,3.61,1
1.95,1.836666666666667,2.1,2.1685,1.78,5.28,2
5.1,4.0385,1.233333333333333,1.776,4.09,19.3,5
1.083333333333333,1.428833333333333,2.7,2.4355,1.08,1.81,0
1.083333333333333,1.169833333333333,1.85,1.846333333333333,0.8100000000000001,3.58,2
0.95,1.280333333333333,2.766666666666667,3.095333333333333,3.61,1.24,0
2.166666666666667,2.500166666666667,2.783333333333333,2.554666666666667,15.8,1.47,0
1.916666666666667,1.835,1.9,1.6455,1.56,4.09,0
2.116666666666667,1.922,2.65,2.395,2.08,1.78,2
1.5,2.418833333333333,1.483333333333333,2.012333333333333,5.28,1.42,0
2,2.357833333333333,1.666666666666667,1.4385,19.3,1.52,0
2.316666666666666,1.887,2.416666666666667,2.768166666666667,1.81,2.39,0
4.15,2.1255,1.2,1.357833333333333,1.41,9.029999999999999,0
1.2,2.0265,2.45,1.8345,0.844,1.08,1
2.433333333333334,1.589666666666667,1.283333333333333,1.784833333333333,1.42,1.78,1
0.7833333333333333,1.6045,1.166666666666667,1.045,19.3,2.08,1
1.766666666666667,2.268666666666666,2.816666666666666,2.711666666666667,1.24,5.28,2
1.916666666666667,1.559166666666667,1.45,1.500833333333333,9.029999999999999,0.8100000000000001,0
1.783333333333333,1.969,1.65,1.155333333333333,1.47,1.41,2
2.683333333333334,2.624333333333333,2.333333333333333,1.8545,3.58,3.61,3
1.45,1.231666666666667,1.866666666666667,2.293666666666667,4.09,1.81,0
0.25,0.8928333333333334,1.75,1.737666666666667,2.39,0.844,0
2.3,2.185333333333333,1.45,1.681166666666667,1.08,15.8,2
0.65,0.7961666666666667,3.533333333333333,2.6525,1.52,1.56,1
0.75,0.9841666666666667,2.1,2.2735,1.78,1.24,0
3.516666666666667,3.6065,1.5,1.135333333333333,1.56,19.3,3
2,1.532833333333333,1.4,2.877166666666667,1.81,1.52,2
0.9,1.784666666666667,2.416666666666667,1.614833333333333,0.8100000000000001,1.47,0
1.5,1.858166666666667,1.666666666666667,1.747833333333333,2.08,1.42,2
3.116666666666667,1.830333333333333,0.95,1.489666666666667,5.28,3.58,0
1.4,2.000833333333333,1.933333333333333,1.801333333333333,0.844,4.09,1
3.1,1.808833333333333,2.9,2.427166666666666,3.61,9.029999999999999,0
1.4,2.193666666666667,1.2,1.325166666666666,15.8,2.39,1
0.8333333333333333,0.9828333333333334,0.25,1.048333333333333,1.41,1.08,1
0,0.4691666666666667,3.783333333333333,2.581666666666667,1.52,0.844,1
1.95,1.9425,1.166666666666667,1.228333333333333,1.47,3.61,4
1.666666666666667,2.503333333333333,1,1.228666666666667,4.09,15.8,0
0.9,0.859,1.166666666666667,1.607833333333333,1.08,0.8100000000000001,0
2.033333333333333,1.836666666666667,2.566666666666666,2.6805,1.56,2.08,0
2.5,1.491166666666667,1.233333333333333,1.500166666666667,19.3,1.81,1
1.533333333333333,1.017666666666667,2.7,1.899,3.58,1.78,0
1.866666666666667,1.924833333333333,1,1.935166666666667,2.39,1.41,1
2.316666666666666,2.1405,0.5,1.0775,9.029999999999999,5.28,1
2.066666666666666,2.259166666666666,2.316666666666666,1.7965,1.24,1.42,2
1.5,2.282333333333333,0.75,1.021666666666667,5.28,1.47,0
1.25,1.18,1,1.4195,1.78,9.029999999999999,0
5,4.890333333333333,1.783333333333333,1.639333333333334,0.844,19.3,2
1.083333333333333,1.586,3.916666666666667,4.017,1.81,1.56,1
1.083333333333333,1.409333333333333,2.333333333333333,1.468333333333333,1.41,4.09,2
2.583333333333333,1.938666666666667,1.65,2.210333333333333,0.8100000000000001,2.39,0
0.75,1.279,1.566666666666667,1.863333333333333,2.08,1.24,0
1.033333333333333,1.356833333333333,2.5,1.974,3.61,1.08,0
2.166666666666667,1.2875,0.8333333333333333,0.6031666666666666,15.8,1.52,0
1.9,1.213666666666667,1.95,1.7125,1.42,3.58,1
2.233333333333333,2.337166666666667,2.15,2.381,1.08,5.28,4
1.566666666666667,1.639333333333333,0.3333333333333333,0.5676666666666667,9.029999999999999,1.42,0
1.95,1.589666666666667,3.2,3.076333333333333,1.81,2.08,0
1.483333333333333,2.007666666666667,2.533333333333333,2.484333333333333,1.52,1.41,1
0,1.0035,0.5,1.361333333333333,4.09,0.8100000000000001,1
0.3333333333333333,0.8443333333333334,2.65,2.702666666666667,1.56,0.844,0
0.45,0.5369999999999999,2.733333333333333,2.935166666666666,1.47,1.78,0
3.433333333333333,3.229666666666667,0.5833333333333333,1.777666666666667,2.39,3.61,2
0.5333333333333333,1.342666666666667,1.1,1.5805,3.58,1.24,1
1.65,2.684333333333333,0.7833333333333333,1.2655,19.3,15.8,1
2.55,1.976666666666667,1.366666666666667,1.5895,0.844,1.81,2
2.116666666666667,2.087833333333333,0.75,1.913833333333333,3.61,4.09,0
1.25,1.8755,2.866666666666667,1.592666666666667,1.24,9.029999999999999,2
0.9,0.9628333333333333,1.25,2.034333333333333,0.8100000000000001,1.52,4
2.083333333333333,1.147666666666667,1.15,1.3765,2.08,3.58,1
0.7833333333333333,1.314166666666667,1.45,1.596833333333333,15.8,1.56,1
1.2,2.011833333333334,0.25,0.5085,5.28,2.39,0
0.75,1.5185,2.183333333333334,1.803166666666667,1.42,1.47,1
3.766666666666667,3.832,1.866666666666667,1.712833333333333,1.41,19.3,1
0.45,1.000333333333333,0.25,1.363,1.78,1.08,1
1.95,0.9663333333333334,0.2,0.4886666666666667,9.029999999999999,3.58,0
3.216666666666667,2.226666666666667,1.533333333333333,2.502333333333333,1.52,3.61,2
1,1.665333333333333,1.9,1.568166666666667,0.844,2.08,0
0.8333333333333333,1.220333333333333,0.5333333333333333,1.261166666666667,19.3,0.8100000000000001,0
0.5333333333333333,0.9185,2.3,2.489166666666667,1.47,1.24,1
0.7833333333333333,1.979333333333333,5.25,4.193666666666667,1.56,1.41,1
5.333333333333333,4.682666666666667,1.95,2.245833333333334,1.81,15.8,2
2.033333333333333,2.257833333333333,1.583333333333333,1.454333333333333,4.09,5.28,1
1.4,1.181166666666667,2.583333333333333,1.915333333333333,1.08,1.42,1
0.5,0.9266666666666667,0.8666666666666667,1.352666666666667,2.39,1.78,3
0.8333333333333333,1.0495,0.8333333333333333,1.491,15.8,0.844,0
2.166666666666667,1.881666666666667,1.083333333333333,0.8693333333333333,2.08,9.029999999999999,2
3.233333333333333,2.456333333333333,0.5,1.624,3.61,19.3,2
1.033333333333333,1.4335,3.833333333333333,2.3155,0.8100000000000001,1.56,0
1.516666666666667,1.804333333333334,1.233333333333333,2.134833333333333,1.41,1.81,1
0,0.9963333333333333,1.033333333333333,1.278,1.42,2.39,1
1.4,1.7265,0.3333333333333333,0.8216666666666667,1.78,4.09,0
0.8333333333333333,0.886,1.583333333333333,1.709666666666667,3.58,1.47,2
0.3333333333333333,0.6381666666666667,2.316666666666666,1.329666666666667,1.24,1.08,2
1.833333333333333,1.8785,0.5,0.8468333333333333,5.28,1.52,0
1.75,1.353333333333333,2.616666666666667,1.825666666666667,1.52,1.78,2
2.633333333333333,1.580166666666666,1.2,1.2275,19.3,5.28,0
2.566666666666666,2.4225,1.833333333333333,1.594166666666667,1.47,9.029999999999999,2
1.25,1.121333333333333,0.65,1.08,15.8,2.08,1
1.333333333333333,1.421166666666667,1.533333333333333,1.039666666666667,4.09,1.42,0
1.95,1.628,3.916666666666667,4.419666666666666,1.81,0.8100000000000001,0
2.566666666666666,1.583666666666667,4.083333333333334,3.1955,1.56,3.61,1
0.5333333333333333,1.208666666666667,1.9,1.792833333333333,2.39,1.24,0
3.533333333333333,4.3815,2,2.112833333333334,0.844,1.41,1
1.85,1.055166666666667,1.383333333333333,1.447666666666667,1.08,3.58,0
2.25,2.5335,1.316666666666667,1.908833333333333,1.24,4.09,1
2.866666666666667,2.427666666666667,1.2,0.78,1.78,19.3,2
1.366666666666667,0.9508333333333334,1.166666666666667,0.8493333333333333,9.029999999999999,1.08,0
2.05,1.547833333333333,2.533333333333333,2.7615,1.42,1.52,1
0.3333333333333333,1.651,1.866666666666667,1.541333333333333,3.58,2.39,0
1.616666666666667,1.274833333333333,2.616666666666667,2.646833333333333,2.08,1.47,1
0.45,0.7581666666666667,2.8,2.793666666666667,0.8100000000000001,0.844,0
1.733333333333333,2.201,1.416666666666667,1.255166666666667,3.61,1.81,0
4.8,4.323666666666666,0.7833333333333333,1.371,1.41,15.8,4
0.95,1.246666666666667,1.25,1.521833333333333,5.28,1.56,0
0.45,0.9853333333333332,0.5,1.3315,19.3,1.42,0
0.5,0.7455000000000001,0.45,1.461833333333333,4.09,3.58,1
0.2,1.709,1.816666666666666,1.488,1.52,1.24,0
2.233333333333333,2.4755,2.083333333333333,2.386833333333333,0.844,3.61,3
1.75,1.564833333333333,1.333333333333333,1.681666666666667,15.8,0.8100000000000001,0
1.333333333333333,1.260166666666667,2.45,1.793666666666667,1.41,2.08,0
1.533333333333333,1.3315,1.7,1.682,1.08,1.47,0
3.066666666666666,2.553166666666667,0.85,1.162,2.39,9.029999999999999,1
2.95,1.876,2.9,3.763833333333333,1.81,5.28,1
1.516666666666667,1.5895,3.283333333333333,2.0125,1.56,1.78,2
1.333333333333333,1.038833333333333,1.15,1.762,3.58,1.52,0
4.566666666666666,3.421166666666666,1.233333333333333,1.877666666666667,1.24,19.3,8
1.833333333333333,2.200666666666667,0.65,1.085666666666667,9.029999999999999,4.09,0
4.183333333333334,3.426333333333333,1.15,1.4695,3.61,15.8,3
0.2,1.817,3.233333333333333,2.632,1.47,2.39,1
1.2,1.5545,1.666666666666667,2.098166666666667,1.78,1.81,1
0.75,1.0965,4.533333333333333,2.745333333333333,1.42,1.56,2
0.5,0.843,1,0.8955,5.28,0.844,1
2.65,2.372666666666667,1.983333333333333,2.862666666666667,2.08,1.08,2
2.616666666666667,3.780666666666667,2,2.4665,0.8100000000000001,1.41,2
1.566666666666667,1.258666666666667,3.2,2.221666666666667,0.844,1.78,2
0,0.8898333333333334,2.366666666666667,1.319166666666667,1.56,1.24,0
1.833333333333333,0.9121666666666666,0,0.9343333333333333,19.3,3.58,0
2.833333333333333,1.8935,1.7,2.286333333333333,15.8,5.28,2
0.95,1.006333333333333,0.3333333333333333,1.172166666666667,4.09,1.47,1
1.483333333333333,1.905666666666667,1.9,1.187833333333333,1.52,9.029999999999999,2
2.533333333333333,2.266333333333334,0.8333333333333333,1.068166666666667,2.39,1.08,0
0.95,2.809666666666667,2.4,2.0185,0.8100000000000001,2.08,2
2.7,3.086666666666667,2,2.139166666666667,1.41,3.61,1
0.5,0.7988333333333333,1.333333333333333,1.679,1.81,1.42,0
1.533333333333333,2.880666666666666,0.5833333333333333,1.278333333333333,2.39,2.08,1
0.95,1.292666666666667,1.433333333333333,2.669166666666666,1.08,4.09,3
1.45,1.598166666666667,2.033333333333333,1.589,1.47,1.52,0
5.566666666666666,4.548333333333334,1,1.779166666666667,9.029999999999999,19.3,1
1.916666666666667,2.501166666666666,1.25,1.960666666666667,3.58,1.56,3
1.583333333333333,1.301833333333333,4.116666666666667,4.216833333333334,1.24,1.81,2
0.5833333333333333,0.8093333333333333,3.366666666666667,2.045666666666667,1.42,0.844,1
3.55,3.056166666666667,0.9833333333333334,1.330833333333333,1.78,15.8,4
1.816666666666667,2.177333333333333,1.583333333333333,1.862833333333333,5.28,1.41,1
1.566666666666667,2.0655,1.75,1.967666666666667,3.61,0.8100000000000001,1
2.3,2.040666666666667,2.416666666666667,1.234833333333333,1.52,1.08,0
1.583333333333333,0.8301666666666667,0,0.5601666666666667,19.3,1.47,2
0.8666666666666667,1.351333333333333,0.65,0.5403333333333333,1.56,9.029999999999999,0
1.583333333333333,1.348333333333333,1.533333333333333,1.113666666666667,4.09,2.39,0
2.433333333333334,2.8825,2.033333333333333,2.075666666666667,2.08,3.61,3
2.116666666666667,2.232833333333334,2.766666666666667,2.699333333333334,0.8100000000000001,5.28,3
0.95,0.5811666666666666,0.95,1.257,1.81,3.58,4
0.5,0.7098333333333333,2.516666666666667,1.759166666666667,0.844,1.24,0
1.816666666666667,1.598666666666667,1.333333333333333,2.4495,1.41,1.78,2
0.8333333333333333,1.668666666666667,1.7,2.268166666666667,0.886,4.91,0
2.25,1.440666666666667,1.45,2.2385,2.2,1.71,2
0.65,1.246,0.7,1.439833333333334,6.7,2.22,0
1.75,1.134333333333333,2.583333333333333,1.6565,19.33,0.886,1
0,0.974,0.5,1.738,23.35,2.37,0
1.583333333333333,2.219333333333333,2.516666666666667,1.313833333333333,4.91,1.54,2
2.516666666666667,1.768833333333333,0.7833333333333333,1.209,4.12,11.2,0
4.016666666666667,2.620833333333334,1.666666666666667,1.167333333333333,1.31,2.28,1
0.75,0.9988333333333335,1.916666666666667,2.282166666666667,1.05,2.2,2
1.7,2.079,1.95,1.627,1.71,1.87,0
1.583333333333333,0.8465,2.15,1.7035,1.78,2.2,0
1.583333333333333,1.5515,1.25,1.0645,3.82,4.39,0
1.95,1.1935,1.683333333333333,2.0875,2.28,1.78,0
2.733333333333333,4.0485,2.366666666666667,1.2305,4.91,19.33,1
3.266666666666667,1.663166666666667,2.35,2.981333333333334,2.22,1.71,1
1.583333333333333,1.683666666666667,3.2,2.4205,1.87,1.05,2
1.166666666666667,1.322166666666666,1.85,3.404333333333334,0.886,1.31,2
1.5,1.897833333333333,0.5833333333333333,2.3805,2.37,3.82,1
1.533333333333333,1.395833333333333,2.433333333333334,2.080666666666667,1.54,2.2,2
0.7,2.0505,1.616666666666667,2.1135,4.39,6.7,1
2.183333333333334,1.4455,3.366666666666667,2.197166666666666,2.2,4.12,0
2.116666666666667,4.213,0.9,1.1335,11.2,23.35,1
1.2,1.035666666666667,0.75,2.057333333333333,23.35,2.2,0
2.2,2.401,1.233333333333333,1.324,1.31,4.91,1
1.366666666666667,2.035166666666667,2.533333333333333,1.718166666666667,19.33,1.54,2
1.5,1.521333333333333,1.75,2.1805,6.7,2.37,0
1.35,1.932166666666667,0.8333333333333333,1.658666666666667,2.2,1.87,3
1.733333333333333,1.8325,0.7,1.158666666666667,4.12,2.28,2
1.4,2.065666666666667,2.1,1.628833333333333,3.82,11.2,2
0.8333333333333333,1.016666666666667,0.5,1.449666666666667,1.78,0.886,0
1.95,2.095333333333333,1.35,1.105666666666667,1.71,4.39,2
0.5,1.1965,2.066666666666666,2.4435,1.05,2.22,3
2.033333333333333,2.030666666666667,4.116666666666667,3.669333333333333,1.54,1.87,0
2.233333333333333,2.448833333333333,0.95,1.7465,2.28,23.35,3
1.866666666666667,2.134833333333333,2.683333333333334,2.058333333333333,2.22,2.2,1
2.75,2.241,1.733333333333333,2.114,4.91,1.78,0
2.483333333333333,1.462833333333333,2.033333333333333,2.130166666666667,2.37,1.71,0
0.9333333333333333,1.394166666666667,2.65,1.391666666666667,2.2,3.82,4
0.95,0.9401666666666666,3.166666666666667,3.148,0.886,4.12,0
1.816666666666667,1.5125,2.716666666666667,2.540166666666667,19.33,1.31,1
2.083333333333333,1.682666666666667,0.5833333333333333,0.8218333333333333,11.2,6.7,1
2.616666666666667,1.784333333333333,1.733333333333333,1.692166666666667,4.39,1.05,0
1.916666666666667,2.258166666666667,1.916666666666667,1.016166666666667,1.71,11.2,1
0.2,0.6021666666666666,0.75,2.032166666666667,23.35,0.886,1
3.933333333333334,4.085333333333334,0.9166666666666666,0.994,4.12,4.91,1
0.25,1.439666666666667,1.75,2.423833333333334,6.7,2.2,0
3.816666666666667,4.0285,2.5,3.212166666666667,1.78,19.33,2
1.366666666666667,1.9185,1.416666666666667,1.663666666666667,3.82,2.28,3
2.566666666666666,2.383166666666667,2.033333333333333,1.846833333333333,1.31,1.54,0
1.75,1.777166666666667,2.933333333333334,2.338833333333334,1.87,2.22,1
1.75,1.646333333333333,3.15,3.076666666666666,1.05,2.37,0
2.916666666666667,2.431166666666667,1.7,1.826166666666667,2.2,4.39,3
2.533333333333333,1.997166666666667,2.9,2.509,0.886,3.82,0
2.783333333333333,1.950666666666667,2.25,1.737333333333333,2.28,6.7,5
1.2,1.217166666666667,3.583333333333333,2.648666666666667,2.2,1.71,1
1,1.150666666666667,1.25,1.4165,1.31,1.78,1
1.783333333333333,1.490166666666667,2.15,2.593,1.54,2.22,1
1.483333333333333,1.7955,1.45,1.619666666666667,2.37,2.2,1
1.45,2.1925,1.2,1.109833333333333,4.39,1.87,1
1.25,0.857,1.233333333333333,1.554333333333333,19.33,4.12,0
1.65,1.481833333333333,1.033333333333333,1.037166666666667,11.2,1.05,0
3.45,2.611333333333334,1.45,1.560666666666667,4.91,23.35,2
3.283333333333333,3.118833333333334,2.4,1.466,3.82,4.91,0
3.916666666666667,3.569833333333333,2.083333333333333,2.091666666666667,23.35,19.33,4
0.5,1.178,2.283333333333333,1.455666666666667,1.87,2.37,0
1.333333333333333,0.7221666666666667,1,2.026333333333334,6.7,0.886,1
2.15,2.014,1.733333333333333,1.291,1.71,2.28,0
0.5,1.373333333333333,1.85,1.977,1.05,2.2,3
2.283333333333333,2.231,2.233333333333333,2.204833333333333,4.12,1.31,1
3.15,2.571,2.183333333333334,1.543833333333333,2.22,4.39,0
1.733333333333333,1.926,1.85,2.4225,2.2,11.2,1
2.15,1.614666666666667,3.416666666666667,3.398833333333334,1.78,1.54,1
0.7833333333333333,0.8903333333333334,1.883333333333333,2.408,2.2,2.2,1
2.3,1.804666666666667,0.2,1.030833333333333,19.33,3.82,0
1.583333333333333,1.497,0.45,0.6063333333333334,11.2,1.87,0
1.783333333333333,0.9490000000000001,1.583333333333333,1.399833333333333,2.37,2.22,2
1.583333333333333,1.089,1.25,1.598666666666666,0.886,1.71,2
0.25,1.537833333333333,3.766666666666667,1.685333333333333,2.28,1.05,1
1,1.282833333333333,3,2.996666666666667,1.78,4.12,0
2.016666666666667,2.142,1.433333333333333,1.548333333333333,1.31,23.35,2
2.016666666666667,2.504,1.083333333333333,1.117,1.54,4.39,3
3.116666666666667,1.926333333333333,2.166666666666667,1.4185,4.91,6.7,0
1.583333333333333,1.2655,2.283333333333333,1.945333333333333,23.35,1.78,1
1.283333333333333,2.211333333333333,1.7,1.7065,2.22,11.2,2
4.483333333333333,3.754333333333333,1.083333333333333,2.2625,6.7,19.33,1
1.45,1.967666666666667,0.45,0.9646666666666668,1.71,4.91,1
1.85,1.562166666666667,0.9333333333333333,2.334833333333334,2.2,2.28,1
1.283333333333333,1.927,3.1,2.339666666666667,3.82,1.31,1
0.8333333333333333,1.410833333333333,2.283333333333333,2.651,4.12,1.54,1
1.033333333333333,1.297,2.25,1.861,1.05,0.886,1
1,1.2735,1.116666666666667,1.4055,4.39,2.37,0
1.25,1.88,1.2,1.446,1.87,2.2,1
1.5,1.839166666666667,2.85,2.010333333333334,1.78,3.82,1
1.866666666666667,1.428166666666667,0.5,1.002666666666667,19.33,1.71,2
1.2,1.165166666666667,2.333333333333333,1.9835,2.28,1.87,0
1.366666666666667,0.7851666666666666,1.033333333333333,1.629833333333333,2.2,2.22,2
1.833333333333333,2.7275,1.4,0.9195,4.91,1.05,0
1.033333333333333,1.731833333333333,2.416666666666667,3.111666666666666,0.886,2.2,0
0.6666666666666666,1.1855,2.45,1.826,1.54,2.37,2
1.75,1.066,2.116666666666667,2.515333333333333,1.31,6.7,1
1.4,1.3985,0,0.4591666666666667,11.2,4.39,1
3.066666666666666,2.265333333333333,2.016666666666667,1.990166666666667,4.12,23.35,0
1.533333333333333,1.0215,1.283333333333333,3.046833333333333,6.7,1.78,2
1.033333333333333,1.7735,1.083333333333333,1.534166666666667,1.87,0.886,0
1.583333333333333,2.071833333333333,1.033333333333333,1.9695,2.2,4.91,0
1.033333333333333,2.148666666666667,1.333333333333333,1.063833333333333,1.71,1.31,0
1.033333333333333,1.259,1.633333333333333,1.276,23.35,1.54,2
1.366666666666667,1.556833333333333,1.833333333333333,1.440166666666667,3.82,4.12,2
1.333333333333333,1.258,1.666666666666667,1.630833333333333,2.22,2.28,2
1.433333333333333,1.513166666666667,1.4,0.9303333333333333,4.39,2.2,0
2.116666666666667,1.697833333333333,1.4,1.033333333333333,2.37,11.2,0
0.8333333333333333,1.8365,1.583333333333333,0.8943333333333333,23.35,3.82,1
1.566666666666667,1.443666666666667,2.116666666666667,2.1655,2.2,2.37,1
1.366666666666667,1.131833333333333,6.766666666666667,4.186666666666667,1.54,11.2,2
0.75,1.062166666666667,0.25,0.3733333333333334,4.91,1.87,0
1.25,1.884666666666667,2.233333333333333,1.952166666666667,1.31,1.05,0
2.316666666666666,1.813666666666667,2.333333333333333,1.8305,1.78,1.71,0
0.45,1.106333333333333,1.333333333333333,1.300333333333333,19.33,2.2,0
1.933333333333333,2.4425,0.45,0.9636666666666667,2.28,4.39,1
1.066666666666667,0.6820000000000001,1.65,2.155333333333333,0.886,2.22,1
1.583333333333333,0.9041666666666666,0.65,1.413166666666667,4.12,6.7,0
3.716666666666667,3.575,1.45,2.1495,1.87,19.33,0
0.45,0.6395,0.5833333333333333,1.05,11.2,2.2,0
1.116666666666667,1.3705,0.25,0.5536666666666666,2.37,2.28,0
1.15,1.5615,5.233333333333333,3.684166666666667,1.54,3.82,2
1.45,1.531333333333333,2.45,3.153,2.2,1.31,4
1.7,2.5355,3.316666666666666,1.9635,2.22,4.91,1
2.45,1.459,0.5,0.6,4.39,0.886,2
1.816666666666667,1.031666666666667,0.7,0.9588333333333333,1.71,4.12,2
5.633333333333334,4.355666666666666,1.616666666666667,1.526,6.7,23.35,2
1.116666666666667,0.778,2.316666666666666,1.639666666666666,1.05,1.78,2
1.733333333333333,0.85,0.7,0.6983333333333333,19.33,2.22,0
2.033333333333333,2.233166666666667,1,0.704,4.91,4.39,0
0,1.087333333333333,1.2,1.786833333333333,1.78,2.2,0
1.4,1.419833333333334,2.033333333333333,1.843833333333333,23.35,1.71,0
1.7,1.039833333333333,1.733333333333333,1.719166666666667,2.2,1.54,1
1.1,1.852833333333333,0.5,1.240333333333333,4.12,1.05,0
1.7,1.698833333333333,2.7,1.952,3.82,6.7,0
0.25,0.6265000000000001,0.7,1.358833333333333,1.31,1.87,1
1.983333333333333,2.407666666666667,1.583333333333333,1.4715,0.886,2.37,1
1.566666666666667,1.431333333333333,1.333333333333333,2.005666666666666,2.28,11.2,2
1.616666666666667,2.567333333333333,0.6666666666666666,1.115166666666667,4.91,2.37,1
1,0.7728333333333334,1.916666666666667,1.896333333333333,2.28,2.2,3
0,1.001,0.3333333333333333,1.155666666666667,4.12,2.2,0
0.7333333333333334,1.348666666666666,1.816666666666666,1.741666666666666,3.82,1.71,1
1.566666666666667,0.7601666666666667,2.316666666666666,2.017,6.7,1.54,2
0.3333333333333333,1.214,1.316666666666667,1.646,23.35,1.05,1
0.7,0.5841666666666667,0.7333333333333334,1.303,1.78,1.87,1
1.833333333333333,1.522666666666667,1.616666666666667,2.0825,0.886,11.2,3
1.316666666666667,2.02,0.4,0.5706666666666667,19.33,4.39,0
0.9166666666666666,0.6621666666666667,0.9,1.062,1.31,2.22,1
1.866666666666667,2.766,4.066666666666666,2.866,1.05,3.82,1
5.133333333333333,4.916666666666667,1.333333333333333,1.129,2.37,19.33,2
1.366666666666667,1.3865,2.566666666666666,3.276,1.87,4.12,2
2.333333333333333,2.613,4.883333333333333,3.424666666666667,2.22,1.78,2
2,1.497,2.566666666666666,1.721666666666667,1.54,2.28,0
4.566666666666666,2.5785,4.166666666666666,2.998666666666667,4.39,1.31,2
2.316666666666666,2.422666666666666,0,0.5640000000000001,11.2,4.91,0
1.5,1.598,2.666666666666667,3.092166666666667,1.71,6.7,1
5.266666666666667,3.735666666666667,2.133333333333333,2.0775,2.2,23.35,1
1.633333333333333,0.823,2.783333333333333,1.672166666666667,2.2,0.886,2
1.7,1.850666666666667,0.5,0.9671666666666667,19.33,11.2,1
1.483333333333333,2.046333333333333,3.083333333333333,1.124333333333333,1.31,2.37,2
2.9,1.561166666666667,2.033333333333333,2.447,1.78,4.39,1
2.233333333333333,1.754833333333333,1.2,1.432,4.12,2.22,0
0.5,0.841,3.233333333333333,2.820666666666666,3.82,2.2,1
3,1.546166666666667,0.7333333333333334,1.589833333333333,4.91,2.2,1
3.033333333333333,2.912,2.066666666666666,2.081666666666667,6.7,1.05,1
1.333333333333333,1.0495,3.15,2.203666666666667,0.886,2.28,1
1.583333333333333,1.323,1.233333333333333,1.0745,23.35,1.87,0
2.816666666666666,2.478166666666667,2.483333333333333,2.7675,1.71,1.54,2
1.616666666666667,2.194666666666667,1.866666666666667,1.708,2.37,1.78,0
2.816666666666666,2.067666666666667,1,0.8794999999999999,11.2,1.31,1
1.866666666666667,1.8005,1.9,1.265833333333333,1.54,0.886,0
1.566666666666667,1.9835,2.566666666666666,2.671666666666667,4.39,4.12,0
1.583333333333333,1.533833333333333,1.983333333333333,2.395166666666666,1.05,1.71,1
3.966666666666666,3.501,3.366666666666667,2.4,2.2,19.33,2
0.8333333333333333,1.947166666666666,1.533333333333333,2.117166666666667,2.2,6.7,0
2.4,2.06,3.15,2.700166666666667,2.28,4.91,1
5.583333333333334,3.995166666666667,3.216666666666666,2.952666666666667,2.22,23.35,2
1.983333333333333,2.070666666666667,4.816666666666666,3.206,1.87,3.82,5
2.816666666666666,3.090666666666667,1.75,1.635833333333333,1.05,1.54,2
1.583333333333333,1.301333333333333,0.95,1.0555,23.35,4.39,2
2.616666666666667,1.955,0.5,1.096333333333333,4.12,2.37,0
0.7,1.265,1.483333333333333,1.487333333333333,6.7,1.87,1
1.083333333333333,0.9821666666666666,1.616666666666667,1.591166666666667,1.71,2.2,2
1.45,1.451833333333333,1.783333333333333,1.610666666666666,3.82,2.22,0
1.166666666666667,1.346166666666667,1.033333333333333,2.01,4.91,0.886,0
2.433333333333334,2.366,2.783333333333333,2.585833333333333,1.78,11.2,1
1.683333333333333,1.286,3.616666666666667,2.116,1.31,2.2,0
1.633333333333333,1.776166666666667,0.5833333333333333,1.198,19.33,2.28,1
4.566666666666666,4.044166666666666,1.533333333333333,1.620166666666667,1.05,19.33,3
0.4,0.9768333333333334,2.816666666666666,3.592666666666667,2.2,1.78,0
4.4,3.639666666666667,2.516666666666667,1.984333333333334,0.886,19.33,2
2.033333333333333,2.261166666666667,4.566666666666666,2.689166666666666,1.87,1.71,0
1.616666666666667,1.611166666666667,1.7,2.931666666666667,2.2,1.05,1
1.983333333333333,2.829,4.433333333333334,4.246666666666666,2.28,1.31,2
2.083333333333333,1.560666666666667,1.5,1.6685,1.54,4.91,2
4.366666666666667,2.9675,1.15,1.278333333333333,2.37,23.35,1
3.866666666666667,2.387666666666667,2.4,1.9215,4.39,3.82,1
1.2,2.171166666666667,2.816666666666666,2.6385,2.22,6.7,2
1.15,1.3775,0.8333333333333333,0.6064999999999999,11.2,4.12,0
0.9,1.179833333333333,2.65,2.4565,1.31,0.886,1
1.283333333333333,1.468166666666667,1.416666666666667,1.8265,23.35,11.2,1
2.283333333333333,2.455166666666667,2.783333333333333,2.219166666666666,1.78,2.28,1
0.8333333333333333,3.158166666666667,2.2,1.756833333333333,1.05,1.87,4
2.566666666666666,2.407666666666667,1.566666666666667,1.780166666666667,2.2,1.54,2
1.65,1.849833333333333,0.2,0.9548333333333333,3.82,2.37,1
1.7,1.743,0,0.9328333333333334,4.12,2.2,0
0.8666666666666667,1.2175,1.283333333333333,2.601166666666667,6.7,4.39,3
0.75,1.862833333333333,1.816666666666667,2.2685,1.71,2.22,1
2.516666666666667,2.800333333333334,1.083333333333333,1.3675,19.33,4.91,1
2.583333333333333,1.7785,0.2,0.8475,11.2,3.82,0
0,1.098166666666667,1.566666666666667,2.15,0.886,1.78,0
1.366666666666667,1.773333333333333,1.866666666666667,2.304833333333333,4.91,1.31,0
1.166666666666667,2.054333333333334,1.083333333333333,1.315666666666667,2.37,6.7,2
1.75,1.386,2.366666666666667,2.472333333333333,2.28,4.12,0
0.7,1.596833333333333,1.333333333333333,1.6935,4.39,1.71,1
1.733333333333333,1.935166666666667,2.4,2.706666666666667,2.2,23.35,3
1.983333333333333,1.677166666666667,1.816666666666666,1.956833333333333,2.22,1.05,0
2.033333333333333,1.898666666666667,2.5,2.094333333333333,1.87,2.2,3
3.616666666666667,3.9805,2.166666666666667,3.004833333333333,1.54,19.33,5
1.283333333333333,1.901333333333333,1.483333333333333,1.495833333333333,23.35,2.28,1
2.583333333333333,1.730166666666667,0,0.9715,4.12,0.886,1
1.733333333333333,2.284833333333333,3.283333333333333,2.402833333333334,1.78,4.91,1
1.083333333333333,1.178166666666667,2.983333333333333,2.965833333333333,1.71,2.37,3
1.583333333333333,2.349333333333333,1.316666666666667,1.611833333333333,2.2,2.22,0
4.266666666666667,4.352,1.583333333333333,1.802666666666667,1.31,19.33,4
3.4,2.385833333333333,3.183333333333333,2.122833333333333,1.05,4.39,2
1.25,1.4885,1.833333333333333,1.795166666666667,3.82,2.2,1
2.033333333333333,1.532833333333333,1.95,1.960333333333333,6.7,11.2,3
2.066666666666666,1.824333333333333,2.566666666666666,2.181333333333333,1.87,1.54,1
0.7,0.8778333333333332,2.616666666666667,2.782833333333333,2.37,1.05,0
0.5,1.232,0.7833333333333333,1.116333333333333,19.33,1.78,0
0.95,1.849166666666667,3.9,1.804,2.28,3.82,0
1.833333333333333,2.448333333333333,0.5,1.293666666666667,11.2,1.71,0
0.4,0.7223333333333333,3.566666666666667,3.689000000000001,1.54,1.31,1
1.566666666666667,1.759833333333333,2.25,2.512,2.2,6.7,0
0.75,1.242,1.4,1.665333333333333,4.91,4.12,2
2.7,1.865,0.5333333333333333,1.175833333333333,4.39,2.2,1
4.7,2.472,0.4,1.47,0.886,23.35,2
2.2,2.1675,1.4,1.012333333333333,2.22,1.87,1
0.5,0.7175,4.533333333333333,3.359166666666667,1.78,1.31,1
3.45,1.8075,2.466666666666667,1.424666666666667,1.05,11.2,1
2.033333333333333,1.530833333333333,1.783333333333333,1.0265,3.82,0.886,1
1.483333333333333,1.250666666666667,1.166666666666667,0.8264999999999999,2.22,1.54,2
1.083333333333333,1.227,3.7,2.0505,1.71,2.2,1
1.95,0.9115,1.9,1.674,2.2,2.37,1
3.766666666666667,2.557166666666666,1.983333333333333,1.279666666666667,1.87,4.39,1
5.983333333333333,4.7255,2.333333333333333,2.087833333333333,4.12,19.33,2
1.033333333333333,1.2325,2.35,1.6905,6.7,2.28,2
2.783333333333333,2.379166666666667,1.283333333333333,1.57,23.35,4.91,0
0.75,1.111833333333333,2.833333333333333,2.317666666666667,1.54,1.78,0
1.433333333333333,1.785666666666667,1.25,1.538666666666667,11.2,2.2,1
0.65,1.149666666666667,0.6666666666666666,0.9651666666666665,0.886,6.7,1
5.016666666666667,3.332166666666667,1.2,0.9093333333333333,19.33,23.35,2
1.95,2.032666666666667,1.75,1.175166666666667,2.28,1.71,1
1.733333333333333,1.429333333333333,1.533333333333333,1.802666666666667,4.39,2.22,1
1.833333333333333,1.929333333333333,1.15,2.298,2.37,1.87,1
1.666666666666667,1.4135,2.033333333333333,1.972333333333333,1.31,4.12,2
0.25,1.241166666666667,2.916666666666667,3.0025,4.91,3.82,2
1,1.461,1.85,2.107166666666667,2.2,1.05,0
1.683333333333333,1.506333333333333,1.816666666666667,1.559666666666667,2.22,2.37,0
1.083333333333333,1.618666666666666,0.95,1.417666666666667,23.35,1.31,0
4.183333333333334,3.007166666666667,1.283333333333333,1.590833333333333,1.87,11.2,3
3.466666666666666,2.797833333333334,1.283333333333333,1.819333333333333,3.82,19.33,0
0.7833333333333333,1.5685,3.583333333333333,3.327833333333333,2.2,2.2,0
1.616666666666667,1.314333333333333,0.9833333333333334,1.404666666666667,1.05,2.28,1
1.7,2.140666666666667,2.516666666666667,2.473833333333333,6.7,4.91,1
0.5333333333333333,1.102666666666667,2.366666666666667,2.002333333333334,4.12,1.78,0
2.116666666666667,2.114166666666667,1.416666666666667,1.447,4.39,1.54,0
1.783333333333333,2.237333333333333,2.183333333333334,0.9155,1.71,0.886,3
1.533333333333333,1.094166666666667,1,1.1165,2.2,1.87,1
4.066666666666666,3.135333333333333,3.116666666666667,3.492,1.78,23.35,5
0.5,1.282,1.233333333333333,1.7195,0.886,1.05,1
1.166666666666667,0.5395,3.116666666666667,2.675333333333334,1.31,3.82,1
1.033333333333333,1.1725,0.3333333333333333,0.9661666666666667,2.28,2.2,1
1.683333333333333,1.6575,0.3333333333333333,0.9961666666666666,2.37,4.39,1
1.333333333333333,1.937166666666666,3.066666666666666,2.447,4.91,1.71,1
1.033333333333333,1.019666666666667,1.333333333333333,1.083,11.2,2.22,0
2.566666666666666,2.310333333333333,1.2,1.078333333333333,1.54,4.12,1
1.333333333333333,1.5215,1.666666666666667,0.9743333333333334,19.33,6.7,2
1.483333333333333,1.751666666666667,2.45,2.123666666666667,1.87,2.28,1
2.2,1.796833333333333,1.95,2.671833333333333,2.2,0.886,0
1.15,3.134666666666666,1.95,1.759333333333333,1.71,19.33,8
1.45,1.924666666666667,1.733333333333333,3.335833333333333,6.7,1.31,0
3.95,2.701166666666667,0.65,2.241333333333333,4.39,11.2,1
1.083333333333333,1.998833333333333,1.033333333333333,1.141166666666667,1.05,4.91,1
1.9,2.176833333333334,0.75,1.143333333333333,2.37,1.54,1
2.066666666666666,1.717666666666667,0.75,1.484666666666667,23.35,4.12,0
0.7,1.206,1.45,1.980166666666667,3.82,1.78,2
1.2,1.666833333333333,2.15,1.819333333333333,2.22,2.2,1
1.283333333333333,1.010333333333333,1.283333333333333,1.971666666666667,0.886,1.87,0
4.566666666666666,2.927333333333333,1.083333333333333,1.0895,1.54,23.35,3
0.7,1.771666666666667,0.45,0.7046666666666667,11.2,2.37,0
1.333333333333333,1.225166666666667,1.316666666666667,1.862333333333333,19.33,1.05,0
0.7833333333333333,2.080333333333333,3.733333333333333,2.991,1.31,1.71,1
0.7833333333333333,1.046833333333333,3.083333333333333,2.224333333333333,2.2,4.39,2
1.283333333333333,1.766333333333333,2.233333333333333,1.398833333333333,4.91,2.2,0
3.366666666666667,2.575833333333333,3.066666666666667,2.651333333333334,1.78,6.7,2
1.483333333333333,1.058,2.366666666666667,1.583333333333333,4.12,3.82,0
2.7,2.013166666666667,1.033333333333333,1.322833333333333,2.28,2.22,1
1,1.323666666666667,3.783333333333333,3.997166666666667,1.05,1.31,0
4.55,3.242166666666667,1.166666666666667,1.444,3.82,23.35,1
1.833333333333333,1.8185,0.2,0.4971666666666667,11.2,1.54,0
5.916666666666666,6.273999999999999,1.25,1.761833333333333,2.2,19.33,2
2.85,1.376833333333333,2.083333333333333,1.9495,2.22,0.886,2
1.783333333333333,1.797166666666667,1.333333333333333,1.580166666666666,4.39,2.28,1
1.783333333333333,2.301666666666667,3.433333333333334,1.770666666666667,1.87,4.91,0
1.916666666666667,2.349,4.016666666666667,3.221,1.71,1.78,2
0.65,0.9761666666666666,1.45,2.846666666666667,6.7,4.12,2
1.833333333333333,1.306,1.083333333333333,1.3395,2.37,2.2,1
1.866666666666667,1.704666666666667,1.95,2.133666666666667,0.886,4.39,0
1.75,1.988666666666667,1.783333333333333,1.597166666666667,2.28,2.37,0
1.683333333333333,1.483666666666667,3.616666666666667,2.809666666666667,2.2,11.2,1
1.7,0.8586666666666667,1.916666666666667,1.499833333333333,1.78,1.05,1
0.5333333333333333,1.131666666666667,1.15,1.001333333333333,4.12,1.71,2
1.316666666666667,1.3005,1.4,1.6605,3.82,1.54,1
2.066666666666666,1.384833333333333,0.8666666666666667,1.0355,23.35,6.7,2
0.45,0.9580000000000001,2.533333333333333,1.243166666666667,1.31,2.2,1
0.95,1.727166666666667,0.4,1.020666666666667,19.33,1.87,0
3.083333333333333,2.155666666666667,1.2,1.41,4.91,2.22,4
1.2,1.407666666666667,2.666666666666667,2.450833333333334,6.7,3.82,1
3.183333333333334,2.802,2.516666666666667,2.0595,1.71,23.35,2
6.266666666666667,4.672833333333333,1.866666666666667,1.735833333333333,2.22,19.33,3
1.2,1.4195,1.033333333333333,0.5956666666666666,4.39,4.91,1
1.533333333333333,1.379166666666667,1,0.9775,11.2,2.28,0
1.666666666666667,1.112333333333333,1.283333333333333,1.764166666666667,2.37,0.886,1
0.75,2.0375,3.7,1.925,1.87,1.31,2
2.066666666666666,1.9755,1.666666666666667,2.584833333333333,2.2,1.78,1
0.6666666666666666,0.9143333333333333,2.2,2.8445,1.05,4.12,0
1.633333333333333,0.8348333333333333,2.366666666666667,1.962666666666667,0.997,2.42,2
0.8666666666666667,0.6126666666666667,3.05,1.922666666666667,7.16,1.33,1
1.4,0.8046666666666666,1.666666666666667,1.418833333333333,2.48,2.31,0
2.983333333333333,1.983666666666667,1.583333333333333,1.543666666666667,1.37,3.25,0
2.616666666666667,2.448833333333333,2.916666666666667,1.882333333333333,1.53,21.28,5
1.333333333333333,1.698666666666667,1.033333333333333,1.6005,4.33,5.91,1
2.816666666666666,2.437333333333334,2.7,2.597666666666667,1.69,22.52,2
1.833333333333333,2.0845,2.666666666666667,2.358333333333333,1.28,7.16,2
0.5,1.338833333333333,0.5,1.039666666666667,9.720000000000001,2.51,0
1,0.9496666666666667,0.8333333333333333,1.313666666666667,4.07,0.997,1
1.2,1.144666666666667,1.816666666666667,1.111333333333334,2.42,2.98,2
1.616666666666667,1.494333333333333,1.25,1.326833333333333,1.33,1.99,1
1.6,1.404,2.033333333333333,1.552333333333333,3.25,2.48,0
1.616666666666667,1.389333333333333,3.066666666666666,2.105666666666667,1.99,1.28,1
2.233333333333333,1.124666666666667,1.95,1.5455,5.91,1.33,1
1.783333333333333,1.348833333333333,3.166666666666667,2.891666666666667,0.997,1.69,2
0.7333333333333334,1.055333333333333,1.366666666666667,1.581333333333333,2.51,1.53,1
2.883333333333333,2.2815,1.933333333333333,1.460666666666667,7.16,9.720000000000001,2
1.983333333333333,1.849833333333333,1.733333333333333,1.418833333333333,22.52,1.37,1
2.866666666666667,1.984666666666667,1.483333333333333,1.676833333333334,2.31,4.33,1
2.733333333333333,2.689333333333333,2.033333333333333,1.081666666666667,2.42,4.07,0
4.283333333333333,3.2825,1.133333333333333,1.102333333333333,2.98,21.28,3
0.5,0.871,2.666666666666667,2.246666666666667,1.69,2.42,0
1.783333333333333,1.874833333333333,1.916666666666667,1.795,1.28,5.91,3
1.25,1.255666666666667,2.45,1.286,21.28,2.51,0
0.9833333333333334,1.114833333333333,0.25,1.011666666666667,9.720000000000001,1.99,1
1.816666666666667,2.334666666666667,1.15,1.329833333333333,2.48,22.52,6
1.5,1.205833333333333,1.833333333333333,2.002333333333334,1.33,2.31,1
1.7,1.538,1.783333333333333,1.426833333333333,4.33,3.25,2
1.366666666666667,1.626,4.166666666666667,2.711833333333333,1.53,7.16,2
3.166666666666667,1.485166666666667,0.7833333333333333,1.318,4.07,2.98,0
1.583333333333333,1.4145,1.2,1.2265,1.37,0.997,3
0.75,0.96,2.816666666666666,1.884166666666667,0.997,2.48,2
2.033333333333333,1.326,0.7,1.159833333333333,2.42,1.37,3
4.45,4.3715,1.616666666666667,1.716166666666667,7.16,21.28,3
1.783333333333333,1.527833333333333,2.2,1.621,3.25,1.33,0
1.033333333333333,0.6491666666666667,4.983333333333333,2.3535,1.99,1.53,0
0.8666666666666667,0.9488333333333333,3.7,1.965,2.98,2.51,1
4.616666666666667,3.214166666666666,2.083333333333333,1.425833333333333,5.91,9.720000000000001,0
1.983333333333333,1.0395,1.283333333333333,1.411,2.31,1.28,0
1.366666666666667,1.527666666666667,0.45,0.9646666666666667,4.07,1.69,1
2.983333333333333,1.8185,1.533333333333333,1.141,22.52,4.33,1
2.416666666666667,1.447166666666667,3.4,2.516833333333333,1.28,3.25,2
2.2,1.825333333333333,2.166666666666667,1.6465,1.53,5.91,1
3.65,4.0625,2.533333333333333,1.849,1.33,22.52,4
2.833333333333333,2.2055,0.8333333333333333,0.9718333333333333,9.720000000000001,2.31,2
0.5333333333333333,0.7098333333333333,2,1.021833333333333,21.28,1.99,0
3.266666666666667,2.208,2.75,1.327166666666667,1.37,4.07,1
2.2,1.539166666666667,2.366666666666667,2.441166666666667,4.33,0.997,1
1.5,0.7271666666666667,2.75,2.2505,2.48,2.42,1
3.4,1.526166666666667,1.9,1.739166666666667,1.69,2.98,3
2.066666666666666,1.2685,3.783333333333333,3.0185,2.51,7.16,1
0.95,0.4885,2.45,1.836666666666667,2.31,1.53,2
1.233333333333333,1.264,2.45,1.7655,1.99,2.51,1
4.15,2.662166666666667,0.75,0.8721666666666665,3.25,9.720000000000001,0
0.95,1.500666666666667,2.066666666666666,1.607333333333333,0.997,1.33,1
2.7,1.693333333333333,2.566666666666666,1.454666666666667,1.69,1.37,0
0.7,0.7521666666666667,1.283333333333333,1.4625,22.52,1.28,0
1.783333333333333,1.6825,1,1.445833333333333,2.42,4.33,0
1.666666666666667,1.237,3.683333333333334,2.186,2.98,7.16,1
0.9166666666666666,1.143833333333333,1.333333333333333,1.045,4.07,2.48,0
3.1,3.229333333333333,1.2,0.9331666666666667,5.91,21.28,2
1.75,1.837333333333333,2.783333333333333,1.9755,2.48,1.69,0
1.683333333333333,1.798,2.633333333333333,2.822833333333334,2.51,5.91,3
3.366666666666667,1.909,1,1.054333333333333,21.28,2.31,0
3,1.207833333333333,2.183333333333334,1.7875,1.37,2.98,0
4.533333333333333,3.918833333333333,2.116666666666667,1.422,9.720000000000001,22.52,3
1.083333333333333,0.6665,2.283333333333333,1.704833333333333,1.33,2.42,1
0.7,1.262833333333333,2.283333333333333,1.362166666666667,7.16,1.99,1
2.816666666666666,2.074833333333333,2.233333333333333,1.7245,1.53,3.25,3
2.833333333333333,1.9725,1.233333333333333,1.259833333333333,4.33,4.07,0
1.183333333333333,0.8608333333333332,3.766666666666667,2.896333333333334,1.28,0.997,0
1.4,0.8221666666666667,1.183333333333333,1.37,1.37,2.48,1
1.783333333333333,1.254,1.666666666666667,1.878833333333333,2.31,2.51,3
1.416666666666667,0.6913333333333332,0.45,1.2485,22.52,1.53,1
1,1.1955,0.6,0.9215,2.42,1.28,0
1.483333333333333,1.6955,1.916666666666667,1.190666666666667,5.91,7.16,1
0.5833333333333333,1.324833333333333,1.2,1.644666666666667,4.07,1.33,2
1,1.379833333333333,1.983333333333333,1.971333333333333,0.997,9.720000000000001,3
0.8333333333333333,1.13,1.783333333333333,1.599,2.98,1.99,1
1.516666666666667,2.299166666666667,0.5,0.4948333333333333,3.25,21.28,1
0.95,1.761,2.15,1.265666666666666,1.69,4.33,1
2.45,1.518833333333333,2.283333333333333,2.354166666666667,1.99,5.91,1
3.55,3.338166666666667,0.75,1.102166666666667,21.28,22.52,1
0.7,1.669166666666666,2.65,1.616833333333333,1.28,4.07,0
2.033333333333333,1.25,1.9,1.797166666666667,9.720000000000001,2.42,0
2.6,1.637166666666667,2.2,1.8925,2.48,2.98,3
2.233333333333333,2.115333333333333,1.7,0.7246666666666667,4.33,1.37,1
0.2,0.8138333333333333,2.95,2.907166666666667,1.53,0.997,1
2.35,1.4635,1.133333333333333,2.0565,1.33,1.69,1
3.15,1.357166666666667,2.033333333333333,0.7391666666666666,7.16,2.31,2
2.4,2.030166666666667,3.45,2.134333333333334,2.51,3.25,1
1.783333333333333,1.783333333333333,2.4,1.779833333333333,2.31,1.99,1
1.233333333333333,1.885166666666667,3.2,1.794333333333333,0.997,21.28,3
1.783333333333333,1.103,3.083333333333333,1.487666666666667,3.25,7.16,2
0.5,0.8739999999999999,1.333333333333333,1.455166666666667,1.69,1.28,1
4.2,2.445333333333333,0.8333333333333333,1.680666666666667,22.52,2.51,2
1.366666666666667,1.530166666666667,2.033333333333333,1.302166666666667,1.37,1.33,0
2.116666666666667,1.920833333333333,2.283333333333333,1.808833333333333,2.98,5.91,3
2.483333333333333,1.355666666666667,0,0.5325,2.42,1.53,1
2.083333333333333,1.864166666666667,2.9,1.963,2.48,4.33,0
1,1.169333333333333,0.9166666666666666,1.462166666666667,4.07,9.720000000000001,0
2.15,1.238833333333333,0.5333333333333333,1.141166666666666,1.33,2.48,0
1.5,1.2415,2.433333333333334,2.156666666666667,1.53,4.07,3
1.583333333333333,0.9486666666666668,2.1,1.5885,9.720000000000001,1.69,0
2.683333333333334,2.23,1.783333333333333,2.884333333333333,1.99,3.25,2
2.166666666666667,2.115333333333333,1.316666666666667,1.187666666666667,5.91,2.31,1
1.283333333333333,1.3895,1.25,0.8819999999999999,1.28,1.37,1
0.3333333333333333,0.7811666666666666,3.433333333333334,1.553,2.51,0.997,0
1.95,1.442,0.5833333333333333,0.9003333333333333,21.28,2.42,1
1.75,1.494666666666667,1.583333333333333,0.9690000000000001,4.33,2.98,1
3.516666666666667,1.876166666666667,2.333333333333333,1.858666666666667,2.42,2.51,1
1.033333333333333,1.2745,1.583333333333333,1.486,22.52,1.99,0
1.1,1.114333333333333,1.45,0.9616666666666667,1.37,9.720000000000001,2
1.783333333333333,1.366166666666667,1.283333333333333,1.4635,1.69,1.53,0
3.65,2.744833333333333,2.116666666666667,1.534166666666667,3.25,5.91,4
1.15,1.095166666666667,1.683333333333333,1.581166666666667,4.33,1.33,0
0.8333333333333333,1.077,1.85,1.494166666666667,2.48,1.28,0
2.133333333333333,1.711833333333333,2.95,2.410333333333333,2.98,2.31,1
3.45,3.096666666666667,0.9,1.324333333333333,4.07,21.28,1
2.116666666666667,1.399333333333333,3.35,2.200166666666667,0.997,7.16,3
1.266666666666667,1.591333333333333,1.583333333333333,1.265833333333333,1.28,4.33,0
0.95,1.750833333333333,1.033333333333333,0.6461666666666666,21.28,1.69,0
1.85,1.469333333333333,0.75,0.9728333333333334,9.720000000000001,2.48,0
2.25,1.5925,1.45,1.304833333333333,2.51,4.07,0
1.333333333333333,1.381166666666667,3.4,2.0565,7.16,2.42,1
0.5333333333333333,0.9773333333333334,2.516666666666667,2.001833333333333,2.98,1.33,0
0.5333333333333333,0.9163333333333332,2.2,2.8345,1.53,1.37,3
1.7,1.312833333333333,3.616666666666667,3.879333333333333,1.99,0.997,1
4.15,3.399999999999999,0.7333333333333334,0.9861666666666666,5.91,22.52,1
1.616666666666667,1.712333333333333,3.483333333333333,2.157333333333333,2.31,3.25,2
1.233333333333333,0.8458333333333333,2.95,2.682,1.69,2.51,1
0.7,1.3245,2.533333333333333,1.958833333333334,2.42,1.99,1
0.7833333333333333,1.286666666666667,1.7,0.8754999999999999,22.52,2.31,1
0.45,1.396166666666667,0.5,1.322666666666667,1.33,1.28,2
2.9,1.912333333333333,0.5833333333333333,1.060166666666667,4.07,7.16,2
3.933333333333334,2.013833333333333,2.6,2.229833333333333,0.997,5.91,4
1.416666666666667,1.161,0.45,1.665166666666667,4.33,9.720000000000001,2
1.45,0.8804999999999999,0.75,0.8811666666666667,2.48,1.53,0
1.75,1.906166666666667,1.733333333333333,1.406833333333333,3.25,2.98,0
4.433333333333334,3.703166666666667,1.916666666666667,0.8595,1.37,21.28,4
0.95,0.7248333333333334,3.483333333333333,1.726833333333333,0.997,2.31,1
0.8333333333333333,0.9283333333333333,1.45,1.413833333333333,4.07,1.99,0
2.033333333333333,1.025333333333333,1.333333333333333,1.092333333333333,1.33,9.720000000000001,0
1.15,0.6943333333333334,3.366666666666667,1.818,1.37,2.51,1
1.283333333333333,1.616333333333333,1.7,1.130666666666666,1.28,2.98,2
4.716666666666667,3.394166666666667,0.5333333333333333,0.9158333333333333,2.48,21.28,1
4.466666666666667,1.722,2.216666666666667,1.48,2.42,5.91,1
0.8666666666666667,0.9329999999999999,1.2,1.392166666666667,4.33,1.53,1
1.566666666666667,1.527,1.566666666666667,0.585,22.52,3.25,0
2.816666666666666,2.0335,2.366666666666667,1.833666666666667,1.69,7.16,1
2.95,1.868666666666667,2.266666666666667,1.664833333333333,2.31,2.42,1
1.666666666666667,1.543666666666667,0.7,1.077833333333333,21.28,4.33,0
0.6666666666666666,0.9575,0.6666666666666666,1.089166666666667,9.720000000000001,1.28,0
2.25,1.718333333333333,2.35,1.423333333333333,7.16,1.37,4
1.2,1.735333333333333,2.75,1.868833333333333,5.91,4.07,0
0.6666666666666666,1.267666666666667,1.95,2.537,1.53,1.33,4
2.35,1.258333333333333,2.3,1.2785,3.25,0.997,2
2.033333333333333,1.2045,3.25,2.627666666666666,1.99,1.69,0
2.15,1.111833333333333,0.9833333333333334,1.553666666666667,2.42,3.25,2
1.233333333333333,1.501166666666667,0.75,1.098333333333333,2.48,7.16,0
3.833333333333333,2.551666666666667,1.7,1.053166666666667,1.33,21.28,6
1.033333333333333,0.859,2.333333333333333,1.572,4.33,2.51,1
3.416666666666667,2.551833333333334,3.033333333333333,1.747833333333333,0.997,22.52,3
0.5833333333333333,1.592333333333333,0.5,1.413166666666667,4.07,2.31,1
1.733333333333333,1.1525,2.166666666666667,1.528166666666667,1.28,1.53,2
1.733333333333333,1.594166666666667,2.083333333333333,1.474166666666667,1.69,5.91,1
1.85,1.354,0.5,1.037666666666667,9.720000000000001,2.98,2
0.95,0.7836666666666666,1.733333333333333,1.478333333333333,1.37,1.99,0
0.3333333333333333,1.5935,3.1,3.090166666666667,1.99,2.48,1
2.566666666666666,2.059333333333333,1.833333333333333,2.0585,1.53,9.720000000000001,4
2.183333333333334,0.881,1.15,0.7183333333333333,22.52,2.42,0
1.733333333333333,2.0695,2.25,1.503833333333333,2.51,1.33,1
4.083333333333333,2.970166666666667,1.35,1.405333333333333,5.91,1.37,0
1,1.752833333333333,1.916666666666667,0.8745000000000001,3.25,4.07,1
1.9,1.746833333333333,2.083333333333333,1.633666666666667,7.16,4.33,0
2.016666666666667,1.0995,1.75,1.917833333333333,2.98,0.997,0
0.4,0.7108333333333333,0.25,1.174333333333333,21.28,1.28,1
0.95,1.003666666666667,1.483333333333333,1.2055,2.31,1.69,1
3.15,2.087166666666667,1.6,1.606166666666667,7.16,22.52,1
1.416666666666667,1.115,1.783333333333333,2.006833333333333,1.69,3.25,1
1.666666666666667,1.154833333333333,2.5,2.115666666666667,1.33,7.16,1
1.533333333333333,2.026833333333333,2.25,1.305166666666667,2.48,5.91,2
0.7833333333333333,1.306833333333334,2.566666666666666,1.990166666666667,1.28,2.51,0
1.533333333333333,2.088166666666667,1.2,1.556833333333334,1.37,2.31,0
1.033333333333333,0.9461666666666666,1.866666666666667,1.5485,2.42,0.997,0
3.95,2.900166666666666,1.166666666666667,1.7375,9.720000000000001,21.28,2
2.25,1.204833333333333,2.283333333333333,1.518833333333333,4.33,1.99,1
2.666666666666667,1.4845,3.4,2.617,1.53,2.98,1
2.516666666666667,1.722333333333333,0.3333333333333333,1.123166666666667,4.07,22.52,3
3.3,2.279166666666667,0.9833333333333334,1.463833333333333,3.25,1.37,2
2.333333333333333,0.9009999999999999,1.333333333333333,1.6065,7.16,1.28,0
1.033333333333333,1.002333333333334,2.283333333333333,1.3965,2.31,2.48,2
1.583333333333333,1.380833333333333,3.85,2.256666666666667,0.997,4.07,4
1.733333333333333,1.965833333333333,0.8333333333333333,1.0435,21.28,1.53,1
0.3333333333333333,1.42,1.866666666666667,1.037166666666667,22.52,1.69,3
1.95,1.149833333333333,1.25,2.074,2.98,2.42,2
2.133333333333333,1.999166666666667,2.833333333333333,2.125833333333333,1.99,1.33,1
2.983333333333333,2.217333333333333,3.433333333333334,1.539166666666667,2.51,9.720000000000001,1
2,1.8485,0.5,0.7916666666666667,5.91,4.33,0
1.733333333333333,1.7295,2.166666666666667,1.603,2.48,3.25,3
2.333333333333333,1.067333333333333,1.4,2.019,1.28,1.99,0
3.15,3.1665,1.5,1.625666666666667,1.37,22.52,4
2.2,0.9921666666666666,1.7,2.4805,4.07,2.42,0
2.483333333333333,1.379833333333333,1.083333333333333,1.192,21.28,2.98,0
0.7,1.511,4.333333333333333,2.597333333333333,1.53,2.51,1
1.733333333333333,1.6685,1.816666666666667,1.9315,9.720000000000001,7.16,0
0.7,1.366333333333333,2.533333333333333,2.729,1.69,0.997,2
1.2,1.239666666666666,1.533333333333333,1.539333333333333,4.33,2.31,0
1.866666666666667,2.269,2.533333333333333,1.567,1.33,5.91,1
2.116666666666667,1.185833333333334,1.533333333333333,1.036333333333333,2.51,2.48,1
3.7,2.034,2.066666666666666,1.344833333333333,2.42,1.69,3
0.7833333333333333,1.726,2.2,1.423833333333333,7.16,1.53,1
1.7,1.421333333333333,0.75,1.5815,5.91,1.28,1
1.533333333333333,2.173833333333334,2.116666666666667,1.777333333333333,2.31,1.33,2
2.883333333333333,1.698333333333333,1.783333333333333,1.898333333333333,1.99,9.720000000000001,1
1.25,1.606,1.866666666666667,1.401666666666667,3.25,4.33,2
5.4,3.394166666666667,1.55,0.8321666666666667,2.51,21.28,1
3.033333333333333,2.0075,3.416666666666667,2.249333333333333,2.98,4.07,1
1.866666666666667,1.098333333333333,2.4,1.7785,22.52,2.48,1
1.916666666666667,1.340666666666667,5.183333333333334,2.247,0.997,1.37,1
2.566666666666666,1.701833333333333,3.616666666666667,2.219166666666667,1.69,4.07,0
3.1,1.637,2.333333333333333,1.859666666666667,1.37,2.42,1
3.683333333333334,2.636166666666667,0.45,1.132333333333333,4.33,22.52,2
1.7,1.196666666666667,1.533333333333333,1.237666666666667,1.33,3.25,0
1.416666666666667,1.625166666666667,2.283333333333333,1.327833333333333,2.48,0.997,0
0.75,1.293833333333333,0.75,1.397166666666667,1.28,2.31,0
1.483333333333333,1.681666666666667,0.65,1.052666666666667,9.720000000000001,5.91,1
0.7,0.9085,1.033333333333333,1.249,2.51,2.98,1
0.7,0.5756666666666668,2.533333333333333,2.581833333333333,1.53,1.99,1
0.95,1.765166666666667,1.45,1.361,21.28,7.16,2
1.983333333333333,1.472166666666667,2.4,1.416833333333333,2.42,2.48,1
1.483333333333333,1.226,0.7,1.576666666666667,4.07,1.37,3
1.416666666666667,2.095333333333333,3.383333333333333,2.091,0.997,4.33,2
0.5833333333333333,1.2105,2.066666666666666,2.101833333333333,3.25,1.28,1
2.783333333333333,2.302333333333333,1.316666666666667,1.247,2.31,9.720000000000001,2
2.033333333333333,2.246,2.083333333333333,2.242,5.91,1.53,0
1.616666666666667,2.093,1.683333333333333,1.874666666666667,22.52,1.33,0
1.116666666666667,1.549333333333333,3.083333333333333,2.853,7.16,2.51,0
4.783333333333333,3.906333333333333,2.283333333333333,2.778833333333333,1.99,21.28,4
3.35,2.011333333333333,1.983333333333333,1.473666666666667,2.98,1.69,1
2.333333333333333,0.8746666666666666,1.166666666666667,1.287166666666667,4.33,2.42,0
1.65,1.244333333333333,1.7,0.9748333333333333,2.48,4.07,1
1.1,1.1855,0.3333333333333333,0.7856666666666667,9.720000000000001,3.25,0
0.7833333333333333,1.095166666666667,1.666666666666667,1.0865,21.28,5.91,0
1.15,1.080333333333333,1.95,1.391,1.33,0.997,1
0.25,1.079666666666667,0.7833333333333333,1.7285,1.53,2.31,1
0.8333333333333333,0.7899999999999999,2.283333333333333,1.5115,2.51,1.99,0
3.466666666666667,2.131166666666667,0.75,1.239166666666667,1.28,22.52,4
2.583333333333333,1.603166666666667,2.383333333333333,1.418666666666667,1.37,1.69,1
1.833333333333333,1.544,2.183333333333333,2.756166666666667,7.16,2.98,2
2.316666666666666,2.475,1.25,1.533333333333333,4.07,4.33,1
0.65,1.366,2.183333333333334,2.020333333333333,2.42,1.33,0
2.116666666666667,2.721833333333334,1.45,1.809,22.52,9.720000000000001,1
0.4,1.672166666666667,2.45,1.4515,5.91,2.51,2
4.033333333333333,2.981166666666667,1.066666666666667,1.076833333333333,2.31,21.28,0
3.2,2.198666666666667,2.283333333333333,2.812666666666667,1.99,7.16,3
2.95,2.011333333333333,2.033333333333333,1.710833333333333,2.98,1.37,2
1.533333333333333,1.3315,1.366666666666667,1.4455,0.997,1.28,1
1.033333333333333,1.339833333333333,3.3,1.993666666666666,1.69,2.48,1
0.95,1.426,1.483333333333333,2.46,3.25,1.53,1
2.783333333333333,1.951,2.15,1.484666666666667,4.33,1.69,1
1.333333333333333,1.102666666666667,2.95,2.220666666666666,2.51,2.31,0
2.983333333333333,2.288,2.033333333333333,1.658166666666667,1.53,22.52,3
1.583333333333333,1.259,0.7,1.101666666666667,9.720000000000001,0.997,0
1.75,1.578166666666667,1.65,1.198166666666667,21.28,3.25,2
1.2,0.9101666666666667,2.583333333333333,2.0585,1.28,2.42,1
2.2,2.124166666666667,1.966666666666667,2.153833333333333,7.16,5.91,0
2.95,1.554833333333334,2.833333333333333,1.854833333333333,2.48,1.37,0
1.616666666666667,1.544833333333333,3.1,2.971,1.99,2.98,3
2.333333333333333,1.648833333333333,1.583333333333333,1.289,1.33,4.07,1
0.5333333333333333,0.9178333333333333,1.416666666666667,0.8898333333333334,5.91,1.99,0
2.35,1.9395,1.4,1.297833333333333,2.31,7.16,0
1.033333333333333,1.232166666666667,1.933333333333333,1.502166666666667,4.07,1.28,1
1.333333333333333,0.6248333333333334,2.233333333333333,2.326666666666667,0.997,1.53,2
2.483333333333333,2.712,0.7,1.200166666666667,2.42,9.720000000000001,1
1.666666666666667,1.310833333333333,2.283333333333333,2.491333333333333,3.25,2.51,0
1.533333333333333,0.9185000000000001,1.616666666666667,1.348833333333333,2.98,2.48,1
1,1.170666666666667,4.183333333333334,2.829,1.69,1.33,1
3.05,2.885833333333333,1.833333333333333,1.2465,22.52,21.28,3
3.733333333333333,2.739166666666667,1.65,0.8095,1.37,4.33,1
0.5833333333333333,0.9903333333333334,2.95,1.566166666666667,1.53,2.42,1
1.7,1.050333333333334,2.75,3.129166666666666,1.99,2.31,2
2.283333333333333,1.510833333333333,0.25,0.8525,9.720000000000001,4.07,1
1.7,0.9550000000000001,2.166666666666667,2.350333333333333,21.28,0.997,1
1.916666666666667,1.480833333333333,1.65,1.297166666666667,7.16,3.25,3
2.033333333333333,1.435333333333333,2.633333333333333,1.454333333333333,1.28,1.69,0
3.05,2.830166666666667,1.5,1.417833333333333,2.51,22.52,6
1.1,0.7663333333333333,1.283333333333333,1.358333333333333,1.33,1.37,0
1.4,1.432166666666667,1.1,0.9093333333333333,5.91,2.98,1
1.416666666666667,1.213333333333333,1.083333333333333,0.8278333333333334,4.33,2.48,1
1.866666666666667,1.2125,1.033333333333333,1.394,4.07,1.53,1
0.2,0.626,1.95,2.13,3.25,1.99,1
1.6,2.261666666666667,2.7,1.720166666666667,22.52,7.16,1
1.283333333333333,1.881,3.283333333333333,2.469833333333333,1.69,9.720000000000001,5
5.25,3.582666666666666,0.8333333333333333,0.77,2.42,21.28,3
1.9,1.149,5.116666666666667,3.61,0.997,2.51,2
0.8333333333333333,1.373333333333334,1.8,2.071166666666667,2.48,1.33,4
2.033333333333333,1.95,0.8333333333333333,1.1635,1.37,1.28,0
2.783333333333333,2.4065,1.733333333333333,1.964,2.98,4.33,3
2.466666666666667,3.091333333333333,0.5,0.9826666666666667,2.31,5.91,2
2.65,2.114333333333334,2.333333333333333,1.420333333333333,5.91,3.25,1
0.45,0.6815,2.933333333333334,3.059,1.53,1.69,0
1,0.7418333333333333,0.3333333333333333,0.7781666666666667,9.720000000000001,1.37,0
2.533333333333333,2.697666666666667,1.233333333333333,1.289333333333333,21.28,4.07,1
4.1,3.919,2.766666666666667,2.674666666666667,1.99,22.52,4
3.416666666666667,2.688166666666667,0.95,0.8718333333333332,1.33,4.33,0
1.833333333333333,0.9823333333333333,2.5,2.186333333333333,7.16,0.997,1
0.5333333333333333,1.1535,3.25,2.666,2.51,2.42,2
0.9333333333333333,1.036333333333333,1.4,1.3485,2.31,2.98,0
1.483333333333333,1.0745,1.7,0.886,1.28,2.48,0
2.833333333333333,2.684833333333333,1.95,1.708166666666667,2.42,7.16,1
0.3333333333333333,0.7391666666666666,4.816666666666666,3.4065,0.997,1.99,1
0.25,0.7976666666666667,0.5333333333333333,0.9806666666666667,1.33,2.98,1
5.35,3.586166666666666,3.116666666666667,2.4155,1.69,21.28,4
2.066666666666666,2.2975,1.433333333333333,1.485333333333333,22.52,5.91,1
1.666666666666667,1.72,2.533333333333333,2.453333333333333,4.07,2.51,0
1.483333333333333,1.699833333333333,0.7,1.441666666666667,1.37,1.53,1
2.366666666666667,2.054,3.833333333333333,2.445166666666667,2.48,9.720000000000001,1
2.95,1.909166666666667,0.75,0.5541666666666667,4.33,1.28,1
3.733333333333333,2.112833333333334,1.333333333333333,1.359166666666667,3.25,2.31,2
5.033333333333333,3.885,3.65,2.461166666666667,2.98,22.52,4
0.8666666666666667,1.647833333333333,3.233333333333333,3.19,1.99,2.42,2
0.95,0.8099999999999999,0.95,1.6795,1.53,2.48,2
2.833333333333333,1.799,1,1.194,1.28,1.33,1
0.5,0.5615,2.366666666666667,2.525833333333333,2.51,1.69,0
2.033333333333333,1.7375,3.533333333333333,1.851833333333333,5.91,0.997,0
1.283333333333333,2.342833333333333,1.433333333333333,2.023,7.16,4.07,3
1.65,2.1065,0.7,0.6461666666666667,9.720000000000001,4.33,1
2.433333333333334,2.096333333333333,4.35,3.285166666666667,2.98,3.25,2
0.5,0.6586666666666667,1.033333333333333,0.8508333333333333,21.28,1.37,2
1.166666666666667,1.0455,2.1,1.297333333333333,3.58,1.35,1
3.183333333333334,1.957333333333333,1.333333333333333,2.2975,1.62,5.5,0
1.783333333333333,2.102333333333333,0.7,1.459666666666667,16.25,8.17,0
1.65,4.128,2.15,2.878833333333334,1.97,22.38,2
1.2,1.93,3.783333333333333,3.030666666666667,2.21,5.71,3
5.316666666666666,3.4005,0.8333333333333333,1.184333333333333,1.19,23.41,3
1.733333333333333,1.536166666666667,1.783333333333333,2.878166666666667,2.95,2.48,1
1.75,2.094833333333333,1.616666666666667,1.179,1.35,4.92,0
1.283333333333333,1.361166666666667,3.95,2.355,2.17,3.58,4
0.45,0.949,1.75,1.392,3.24,1.58,2
3.233333333333333,2.692,3,2.1565,5.5,7.7,3
2.483333333333333,1.878333333333333,1.283333333333333,2.271166666666667,3.11,1.62,0
0,1.405333333333333,0.8333333333333333,1.057166666666667,3.58,1.19,3
2.983333333333333,1.724666666666667,3.3,2.677333333333333,2.48,1.35,1
1.7,1.743333333333333,1,1.506333333333333,8.17,2.21,0
0.5,0.6438333333333333,2.45,2.4185,1.62,1.97,2
1.916666666666667,2.052166666666666,0.65,1.016333333333333,1.58,16.25,0
3.033333333333333,2.372333333333334,3.65,2.478666666666666,5.5,3.11,4
0.85,1.158333333333333,0.5833333333333333,1.165,23.41,3.24,0
0.5833333333333333,1.088,2.2,1.7765,4.92,2.17,0
2.233333333333333,2.159833333333333,1.25,1.261333333333333,7.7,5.71,2
2.5,2.1725,1.283333333333333,1.000333333333333,22.38,2.95,0
0.95,1.277166666666667,1.533333333333333,2.637,2.95,1.62,0
1.45,1.992833333333333,3.2,2.856666666666666,5.71,8.17,0
2.266666666666667,3.845166666666667,1.65,1.847166666666667,1.35,22.38,2
2.866666666666667,1.635166666666667,1.516666666666667,2.334666666666667,1.97,5.5,2
4.4,3.6055,0.25,0.8513333333333333,16.25,23.41,1
1.783333333333333,2.241,4.333333333333333,2.452166666666667,2.17,2.48,0
2.1,2.634666666666666,2.7,2.0995,1.19,4.92,2
0.6666666666666666,0.9055,3.45,3.055833333333333,2.21,1.58,2
3.95,3.172166666666667,2.2,2.050166666666667,3.11,7.7,6
3.283333333333333,2.011166666666667,2.416666666666667,3.5195,3.24,3.58,5
2.033333333333333,1.671333333333333,1.666666666666667,2.752333333333334,1.62,1.35,1
0.9166666666666666,1.332333333333333,4.333333333333333,2.414666666666667,3.11,1.97,0
0.8666666666666667,2.103833333333333,2.666666666666667,2.4715,7.7,8.17,0
0.75,1.467333333333333,0.7,0.8111666666666667,23.41,2.21,0
1,1.465666666666667,1.5,1.848,4.92,3.24,0
2.116666666666667,2.2565,0,1.216333333333333,1.58,5.71,0
0.2,0.9245000000000001,0.95,0.9403333333333332,22.38,2.17,0
1.4,1.193333333333333,2.2,1.8055,3.58,16.25,1
1,2.283833333333333,2.683333333333334,1.784666666666667,5.5,2.95,1
1.5,1.8055,1.333333333333333,1.599833333333333,2.48,1.19,2
5.35,2.5485,2.066666666666666,1.484833333333333,1.97,7.7,2
3.416666666666667,2.668,0.3333333333333333,1.169,16.25,4.92,1
2.683333333333334,3.103,1.85,2.1295,5.71,23.41,2
1.566666666666667,1.469666666666666,2.733333333333333,1.653833333333333,8.17,1.58,1
2.566666666666666,1.713333333333333,1.666666666666667,1.873,1.35,5.5,1
3.066666666666666,2.8115,2.516666666666667,2.273,1.19,22.38,1
0.5,0.9568333333333334,3.05,1.842666666666667,2.17,1.62,2
3.216666666666667,1.879333333333333,2.766666666666667,2.752666666666666,2.21,3.58,1
3.8,2.103,1.2,2.012833333333333,2.95,3.11,0
1.2,2.008666666666667,4.816666666666666,3.451333333333333,3.24,2.48,3
1.783333333333333,1.771333333333333,2.8,1.459166666666667,3.11,1.35,2
1.333333333333333,1.350666666666667,1.65,1.692833333333333,7.7,1.58,0
1.083333333333333,1.325833333333333,1.366666666666667,1.268833333333333,2.48,16.25,1
0.8333333333333333,1.241833333333334,2.166666666666667,1.221,1.97,2.95,0
1.4,2.108333333333333,0.25,0.8685,23.41,8.17,1
2.516666666666667,2.382333333333333,1.733333333333333,2.106833333333333,1.62,1.19,2
0.65,1.485333333333333,2.433333333333334,2.142333333333333,3.58,5.71,1
1,1.0805,2.133333333333333,1.725333333333333,5.5,2.17,1
1,1.601,0.75,1.576333333333333,4.92,2.21,0
1,1.159333333333333,1.25,1.521,22.38,3.24,0
2.483333333333333,2.099333333333333,1.483333333333333,1.580166666666667,1.19,5.5,1
0.8333333333333333,0.983,1.983333333333333,1.407333333333333,1.35,1.97,1
2.366666666666667,2.6765,2.166666666666667,2.142166666666667,1.58,23.41,3
2.833333333333333,1.529666666666667,2.533333333333333,1.974833333333333,8.17,3.58,1
2.983333333333333,2.620666666666667,0.5333333333333333,0.9856666666666667,16.25,22.38,0
1.25,1.419833333333333,2.233333333333333,1.887166666666667,2.21,2.48,2
4.366666666666667,2.334166666666667,0.75,1.153666666666667,2.95,7.7,2
1.416666666666667,0.9703333333333333,4.5,2.916333333333333,3.24,1.62,2
2.733333333333333,1.747666666666667,2.416666666666667,2,5.71,4.92,1
2.1,1.191666666666667,2.916666666666667,1.987333333333333,2.17,3.11,0
0.45,1.5175,2.033333333333333,1.9,3.58,1.58,0
3.333333333333333,1.830333333333333,2.9,2.685166666666667,1.97,2.17,2
2,1.702666666666667,0.5,1.055333333333333,22.38,2.21,2
2.066666666666666,1.996,3.416666666666667,1.893166666666667,3.11,1.19,2
0.7833333333333333,1.143333333333333,1.366666666666667,1.529,1.62,16.25,5
0.8333333333333333,1.296,2.483333333333333,1.496833333333333,2.48,5.71,2
0.25,0.8148333333333333,1.533333333333333,1.267833333333333,5.5,3.24,2
1.833333333333333,1.465166666666667,0.75,1.245666666666667,4.92,8.17,3
3.066666666666666,3.0055,0.25,1.3485,7.7,23.41,1
3.366666666666667,2.963166666666667,1.533333333333333,1.338,2.95,1.35,0
1.316666666666667,1.256166666666667,2.866666666666667,2.4515,2.21,1.62,0
1.783333333333333,1.972333333333333,0.75,1.3585,23.41,3.58,2
2.283333333333333,2.2975,0.2,1.286,16.25,5.5,1
2.266666666666667,1.895,2.033333333333333,2.511833333333334,8.17,2.48,0
2.45,2.9285,2.483333333333333,2.253,5.71,22.38,0
2.033333333333333,1.9385,2.65,2.456833333333333,1.58,4.92,1
2.316666666666666,1.869833333333333,1.533333333333333,1.278333333333333,1.35,7.7,0
0.7,1.334333333333333,1.65,1.2145,2.17,2.95,1
1.5,1.121,3.016666666666667,2.364166666666667,3.24,3.11,0
1.283333333333333,0.7843333333333333,1.783333333333333,1.5335,1.19,1.97,3
1.166666666666667,2.184333333333333,2.666666666666667,1.726833333333333,1.97,3.24,0
3.616666666666667,1.924333333333333,0.9833333333333334,1.053833333333333,1.35,2.17,0
2.7,1.811666666666667,0.6666666666666666,1.0635,22.38,8.17,0
1.5,1.512333333333333,2.616666666666667,1.828,2.48,1.58,0
2.183333333333334,2.053166666666667,0.8333333333333333,1.3065,7.7,3.58,1
1.416666666666667,1.163,2.116666666666667,2.551833333333333,5.5,2.21,2
2.866666666666667,2.7755,2.816666666666666,2.541,3.11,16.25,1
1.116666666666667,1.707,2.066666666666667,1.949,1.62,5.71,2
2.483333333333333,3.2375,2.75,1.594666666666667,4.92,23.41,2
2.316666666666666,1.2965,2.2,1.6515,2.95,1.19,1
0.9,1.191166666666667,3.2,2.9775,8.17,1.62,0
1.033333333333333,2.244166666666667,1.2,1.953666666666667,5.71,5.5,0
1.65,1.473166666666667,0.5833333333333333,0.463,2.17,7.7,1
2.45,2.657,0.3333333333333333,1.316166666666667,16.25,1.97,0
1.133333333333333,1.462333333333333,1.7,1.3175,1.19,1.35,0
1.033333333333333,1.456166666666667,2.066666666666666,2.475166666666667,3.58,4.92,1
0.5833333333333333,0.8125,1.9,2.691166666666667,3.24,2.95,2
1.4,1.428,0.9166666666666666,1.448166666666667,23.41,2.48,0
0.5,0.6971666666666667,1.15,2.019666666666667,2.21,3.11,2
1,0.9615,1.666666666666667,2.671,1.62,1.58,0
1.65,1.858333333333333,0.7,0.8973333333333333,1.35,3.24,0
1.1,2.093166666666667,1.566666666666667,2.235,5.5,8.17,1
1.733333333333333,1.078,0.95,0.7875000000000001,2.17,1.19,1
1.066666666666667,1.478,1.4,0.9363333333333334,1.97,2.21,0
1.066666666666667,1.753,0.9833333333333334,1.706333333333333,3.11,5.71,2
2.333333333333333,2.124333333333333,2.083333333333333,1.828,2.95,16.25,0
3.366666666666667,5.591666666666667,0.5,0.9216666666666666,22.38,23.41,3
1.15,1.223166666666667,1.783333333333333,1.189166666666667,7.7,4.92,1
1.033333333333333,1.472166666666667,2.9,3.9755,2.48,3.58,3
1.2,1.801166666666667,0.7,1.089,16.25,1.35,0
1.483333333333333,0.7523333333333333,1.616666666666667,1.2895,7.7,1.19,1
3.266666666666667,2.0775,2.166666666666667,3.1775,3.24,2.17,2
0.6666666666666666,1.431666666666667,2.75,2.320333333333333,8.17,3.11,5
1.7,1.880666666666667,0.7833333333333333,1.232166666666667,1.58,5.5,0
0.25,1.158833333333333,0.4,1.223333333333333,23.41,1.62,0
1.6,2.5295,0.25,1.445166666666667,5.71,1.97,0
0.75,1.350333333333333,1.1,2.499333333333333,4.92,2.48,1
2.266666666666667,2.903999999999999,1.733333333333333,2.2275,3.58,22.38,2
1.366666666666667,1.3165,1.166666666666667,2.239666666666666,2.21,2.95,1
0.4,1.2895,1.25,1.6345,1.35,2.21,0
1,1.5085,2.333333333333333,1.756666666666667,1.19,3.24,0
1.083333333333333,1.3485,2,2.609666666666667,22.38,4.92,1
1.45,1.414666666666667,1.083333333333333,0.8973333333333333,2.17,16.25,1
1.65,2.037333333333333,2.5,2.8315,2.48,7.7,2
2.2,1.976,1.9,2.159333333333334,1.62,3.58,1
1.833333333333333,1.431,1.25,1.691,1.97,8.17,0
2.066666666666666,2.897666666666666,0.7,1.484166666666667,2.95,5.71,1
3.9,4.650166666666667,1.233333333333333,1.182,5.5,23.41,4
1.1,0.8593333333333333,2.366666666666667,2.077166666666667,3.11,1.58,2
1.666666666666667,2.391,0.8666666666666667,1.223166666666667,1.35,5.71,2
1.25,1.393,0.9,1.470666666666667,2.95,8.17,3
3.783333333333333,2.650666666666667,0.25,1.133166666666667,16.25,1.19,1
0,1.595666666666667,0.3333333333333333,2.477666666666667,4.92,1.62,1
1.866666666666667,1.575,4.566666666666666,3.656833333333334,3.24,7.7,1
1.333333333333333,1.305666666666667,0.8666666666666667,1.533,1.97,1.58,2
1.083333333333333,2.005166666666667,1.916666666666667,2.106833333333333,22.38,2.48,1
1.916666666666667,1.384333333333333,2.583333333333333,1.202666666666667,5.5,3.58,2
4.55,3.553166666666666,2.5,2.284,3.11,23.41,5
0,0.8456666666666668,1.283333333333333,1.448333333333333,2.17,2.21,1
1.8,1.945166666666667,1.333333333333333,2.3765,5.71,2.17,1
0.5,1.551333333333333,5.016666666666667,2.440333333333333,2.48,1.62,2
4,3.123333333333333,1.783333333333333,2.881166666666667,7.7,22.38,4
2.95,2.1655,1.283333333333333,1.677666666666667,2.21,1.19,0
1.766666666666667,1.8445,0.75,2.244333333333333,4.92,5.5,2
0.7833333333333333,0.9860000000000001,2,1.8905,1.58,2.95,2
1.25,2.297166666666667,0.7,1.127666666666667,16.25,3.24,0
1.733333333333333,3.172666666666667,2.183333333333334,1.530333333333334,8.17,1.35,1
1.533333333333333,1.561833333333333,0.6666666666666666,0.8450000000000001,23.41,1.97,1
2.25,1.489,1.2,2.506333333333333,3.58,3.11,2
1.783333333333333,2.029833333333333,3.866666666666667,2.1435,5.5,2.48,0
2.1,1.859666666666667,1.283333333333333,1.913666666666667,2.17,8.17,1
3.116666666666667,2.674666666666667,4.266666666666667,2.907166666666667,3.11,4.92,1
2.816666666666666,2.3365,2.066666666666666,2.228333333333333,1.97,3.58,1
4.733333333333333,3.3945,2.516666666666667,2.148166666666667,1.62,22.38,2
2.866666666666667,1.501833333333333,1.566666666666667,1.735333333333333,1.35,1.58,0
4.266666666666667,2.618166666666666,2.75,1.431666666666667,2.95,23.41,1
1.816666666666667,2.133333333333333,0.7333333333333334,1.169666666666667,1.19,5.71,0
1.733333333333333,1.8255,0.3333333333333333,0.911,16.25,7.7,0
0.3333333333333333,1.131666666666667,3.733333333333333,3.7105,3.24,2.21,0
1,1.1555,2.033333333333333,2.753833333333334,5.71,3.24,0
2.033333333333333,1.502833333333333,1.916666666666667,1.33,4.92,1.97,2
1.95,2.1485,0.95,1.019,2.21,16.25,1
3.083333333333333,1.567333333333333,1.766666666666667,1.851166666666666,1.58,2.17,1
3.816666666666666,2.4335,1.783333333333333,1.762,22.38,5.5,2
2.45,2.739,3.033333333333333,1.5145,8.17,1.19,0
1.033333333333333,2.0215,1.233333333333333,1.041833333333333,23.41,1.35,0
1.366666666666667,1.312166666666667,1.916666666666667,1.924833333333333,3.58,2.95,2
1.916666666666667,1.682333333333333,2.533333333333333,2.383833333333333,7.7,1.62,1
2.266666666666667,1.177833333333334,5.316666666666666,2.730333333333333,2.48,3.11,1
1.15,0.5673333333333334,0.7,1.710666666666667,1.19,1.58,0
1.683333333333333,2.469166666666666,0.95,1.8725,3.24,8.17,2
1.833333333333333,1.756166666666667,0.7833333333333333,1.333166666666667,2.17,23.41,2
0.7,1.388833333333333,1.733333333333333,2.234833333333333,1.97,2.48,0
1.95,2.774166666666667,1.033333333333333,0.8188333333333333,2.21,7.7,2
1.866666666666667,1.036,3.9,3.594833333333333,5.5,1.62,0
0.65,1.147166666666667,0.2,0.5801666666666667,16.25,5.71,0
2.233333333333333,2.662166666666666,2.683333333333334,1.906666666666667,2.95,4.92,1
5.566666666666666,4.4085,2.083333333333333,2.298666666666667,3.11,22.38,5
2.483333333333333,2.577333333333334,0.65,1.248833333333333,1.35,3.58,0
5.466666666666667,3.562,2.233333333333333,1.7175,1.58,22.38,3
1.816666666666667,1.2325,2.483333333333333,1.527,2.48,2.95,0
1.783333333333333,1.273,3.066666666666666,1.425,3.58,2.17,0
1.866666666666667,1.064333333333333,2.4,1.927333333333333,22.38,1.97,0
0.75,0.8241666666666667,2.75,2.0105,1.58,3.24,0
2,2.109666666666667,0.45,0.8035,23.41,1.19,1
1.7,1.3235,2.066666666666666,1.215833333333333,4.92,1.35,0
0.5,1.065666666666667,1.7,1.444666666666667,5.71,2.21,1
3.816666666666666,2.331666666666667,1.883333333333333,1.330333333333333,7.7,5.5,1
2.183333333333334,1.482,1.95,1.652666666666667,8.17,16.25,5
2.733333333333333,1.9175,3.4,2.950333333333333,1.62,3.11,2
5.25,3.927,1.033333333333333,1.991166666666667,2.95,22.38,0
1.7,1.609166666666667,3.25,2.36,1.19,3.58,0
0,1.309833333333333,0.5,0.8091666666666667,1.35,2.48,0
2.416666666666667,2.308166666666667,1.566666666666667,1.705166666666666,5.71,7.7,1
2.116666666666667,2.392666666666667,2.116666666666667,0.8961666666666668,2.21,8.17,1
1.283333333333333,1.679166666666667,1.866666666666667,1.966833333333333,2.17,4.92,0
0.3333333333333333,1.328666666666667,1,0.7598333333333334,16.25,1.58,0
3,1.854,1.866666666666667,1.630833333333333,3.11,5.5,0
3.866666666666667,2.762833333333333,0.6666666666666666,2.037166666666667,3.24,23.41,1
0.65,0.9398333333333333,2.45,2.575833333333333,1.97,1.62,0
1.583333333333333,1.531833333333333,1.15,1.498,4.92,1.19,2
1.166666666666667,1.339166666666667,1.916666666666667,1.752666666666667,8.17,5.71,0
0.7,1.508166666666667,1.95,1.419833333333333,2.48,2.17,1
0.5833333333333333,0.9828333333333333,3.35,2.150833333333333,1.58,2.21,0
2.25,1.9535,1.35,1.393166666666667,22.38,1.35,1
1.15,0.8863333333333334,2.516666666666667,3.134166666666666,1.62,2.95,1
4.366666666666667,2.698666666666667,0.8333333333333333,1.166833333333333,23.41,16.25,0
1.15,1.652166666666667,1.666666666666667,1.987,5.5,1.97,1
1.616666666666667,1.643166666666667,1.283333333333333,1.477166666666667,7.7,3.11,0
0.75,1.103333333333333,1.65,1.652166666666667,3.58,3.24,1
0.5,1.213,1.5,1.295,1.19,2.48,0
3.1,2.6475,1.4,1.677,2.17,22.38,2
2.233333333333333,1.312166666666667,1.45,1.3335,8.17,7.7,2
0.5,1.452166666666667,1.75,1.3935,1.35,1.62,1
2.733333333333333,2.040333333333333,2.233333333333333,1.213,2.21,23.41,2
1.85,1.683833333333333,0.7,2.062,2.95,5.5,1
1.5,1.276,1,0.958,16.25,3.58,0
0.45,0.9345,1.733333333333333,2.061333333333333,3.24,4.92,2
1.2,1.388,1.983333333333333,1.828166666666667,5.71,1.58,0
1.1,1.303166666666667,2,1.977166666666667,1.97,3.11,3
1.083333333333333,1.497,0.9833333333333334,2.134333333333333,1.62,2.17,1
0.5833333333333333,1.144333333333333,2.083333333333333,1.2815,2.48,3.24,1
1.083333333333333,1.207333333333333,0.45,1.268833333333333,7.7,1.97,1
1.083333333333333,1.8845,1.733333333333333,1.809833333333333,5.5,1.35,2
1.583333333333333,1.869833333333333,1.166666666666667,1.032666666666667,3.11,2.95,0
1.316666666666667,1.807,2,1.504333333333333,1.58,8.17,1
1.65,1.4015,0.45,0.8353333333333334,23.41,5.71,0
3.5,2.148333333333333,0.9166666666666666,1.177,4.92,16.25,1
0.2,0.7963333333333333,2.083333333333333,1.717833333333333,3.58,2.21,0
2.116666666666667,1.0845,1.083333333333333,1.2965,22.38,1.19,3
1.583333333333333,1.689666666666667,3,2.209833333333333,1.19,1.62,1
4.416666666666666,3.082,1.866666666666667,2.101333333333334,3.24,22.38,3
0.5,1.442333333333333,1.7,2.575,5.71,3.58,1
2.116666666666667,2.697166666666667,1.666666666666667,1.434166666666667,8.17,23.41,2
1.283333333333333,1.4335,2.083333333333333,1.428666666666667,2.95,1.97,0
2.866666666666667,2.044166666666666,1.966666666666667,1.315,1.58,7.7,1
1.333333333333333,1.089166666666667,1.916666666666667,1.8695,2.17,5.5,0
1.666666666666667,1.807833333333333,1.366666666666667,1.936666666666667,2.21,4.92,0
0.75,1.246833333333333,1.25,1.340833333333333,16.25,2.48,0
2.5,1.115833333333333,1.583333333333333,1.047666666666667,1.35,3.11,1
0.5,1.169,1.533333333333333,1.193333333333333,2.48,2.21,2
0.8666666666666667,1.757166666666667,2.15,2.032666666666667,1.97,1.35,0
1.733333333333333,2.762,1.45,1.641,3.58,8.17,0
0.7833333333333333,1.374166666666667,0.65,1.401,3.11,2.17,0
1.066666666666667,1.5355,1,2.312,23.41,1.58,1
0.5333333333333333,0.9618333333333333,1.033333333333333,1.711166666666667,1.62,3.24,1
1.583333333333333,1.533666666666667,1.45,1.537166666666667,22.38,16.25,1
2.4,1.346666666666667,1.366666666666667,1.233166666666667,5.5,1.19,0
0.7,1.2145,0.3333333333333333,1.175666666666667,7.7,2.95,0
1,1.647,1.233333333333333,1.474166666666667,4.92,5.71,3
2.683333333333334,1.932333333333333,4.333333333333333,3.422499999999999,1.19,3.11,1
1.4,1.274833333333333,3.566666666666666,2.317666666666667,8.17,4.92,2
1.983333333333333,1.920166666666667,1.166666666666667,1.888,23.41,7.7,1
2.95,2.296666666666666,2.65,3.049833333333333,3.24,5.5,1
2.333333333333333,1.844333333333333,2.483333333333333,1.741166666666667,1.58,3.58,0
1.75,2.000833333333333,1.333333333333333,1.448333333333333,5.71,2.48,3
1.45,1.3935,1.9,2.159166666666667,2.17,1.97,1
2.033333333333333,2.1425,1,2.051833333333334,16.25,1.62,0
0.4,1.331333333333333,1.783333333333333,1.273333333333333,1.35,2.95,0
3.4,3.705833333333333,1.9,2.142333333333333,2.21,22.38,2
1.7,2.5175,2.116666666666667,1.022,2.48,8.17,0
2.9,2.8355,0.75,2.016,3.58,23.41,2
1.233333333333333,1.644666666666667,2.45,2.782,4.92,1.58,1
0.2,1.313666666666667,1.433333333333333,1.300333333333333,2.95,2.17,1
0.9,1.263333333333333,1.2,1.813333333333333,7.7,1.35,2
2.25,2.27,1.433333333333333,1.590833333333333,22.38,5.71,1
2.283333333333333,1.580333333333333,0.4,0.8466666666666667,5.5,16.25,0
0.85,0.9966666666666666,0.6,1.621333333333333,1.97,1.19,2
1.416666666666667,1.291,2.283333333333333,1.692,1.62,2.21,0
0.5333333333333333,1.1645,0,0.8926666666666666,3.11,3.24,0
1.75,2.190333333333333,1.95,1.644333333333333,1.58,2.48,0
1.333333333333333,1.091333333333333,0.8333333333333333,0.9845,2.17,1.35,1
1.283333333333333,1.680166666666667,1.533333333333333,2.525333333333333,3.58,7.7,1
0,0.8238333333333333,2.283333333333333,2.178166666666667,1.19,2.95,2
3.083333333333333,2.4895,1.916666666666667,2.080666666666667,2.21,5.5,0
1.333333333333333,0.9755,1.933333333333333,2.9835,3.24,1.97,4
1.533333333333333,1.872166666666667,1.75,1.431166666666667,16.25,3.11,0
1.2,1.713166666666667,1.95,1.386333333333333,5.71,1.62,3
1.066666666666667,2.684666666666667,1.45,1.665333333333333,1.62,8.17,1
0.2,0.6711666666666667,0.7833333333333333,1.644666666666667,2.95,3.24,1
1.933333333333333,2.1365,1,0.9538333333333333,5.5,5.71,1
1.966666666666667,2.194833333333333,2.116666666666667,1.959666666666667,4.92,3.58,1
0.7833333333333333,0.9974999999999999,1.083333333333333,1.365333333333333,22.38,1.58,1
0.3333333333333333,0.7116666666666667,1.666666666666667,1.2975,7.7,2.17,0
0.6666666666666666,1.804666666666667,0.7333333333333334,0.9079999999999999,1.35,1.19,1
0.95,1.313333333333333,0.6666666666666666,1.262666666666667,1.97,16.25,1
2.816666666666666,2.758,0.9,1.281166666666667,2.48,23.41,4
1.65,1.115333333333334,0,0.8416666666666667,3.11,2.21,1
2.45,2.135166666666667,2.3,2.294833333333333,8.17,5.5,0
0.25,1.102833333333333,1.616666666666667,2.078166666666667,1.19,2.17,4
1.45,1.797333333333333,3.35,1.9975,5.71,3.11,0
1.6,2.291666666666667,3.033333333333333,3.889166666666667,3.58,2.48,1
0.7833333333333333,1.819666666666667,1.933333333333333,2.0315,4.92,7.7,0
1.783333333333333,1.0465,1.65,2.154166666666667,2.21,1.97,3
1.166666666666667,1.713166666666667,0.75,0.8268333333333334,16.25,2.95,2
1.533333333333333,1.741666666666667,2.283333333333333,2.686,3.24,1.35,1
2.033333333333333,2.406666666666666,2.116666666666667,3.053333333333333,23.41,22.38,2
2.25,1.8735,1.5,1.714666666666667,1.58,1.62,3
2.733333333333333,2.687666666666667,2.366666666666667,2.963,23.41,4.92,1
2.316666666666666,2.2525,1.066666666666667,1.631,8.17,22.38,2
0.45,1.273,3.033333333333333,2.1695,1.19,7.7,1
0.3333333333333333,1.659833333333333,0.75,1.284,2.17,3.24,0
0.3333333333333333,1.450333333333333,0.5333333333333333,1.943,1.35,16.25,1
1.783333333333333,1.537666666666667,0.7333333333333334,2.133833333333333,1.97,5.71,1
2.083333333333333,2.366333333333333,1.333333333333333,1.050666666666667,3.11,8.17,2
0.5333333333333333,1.555333333333333,1.333333333333333,1.541166666666667,5.5,1.58,2
1.483333333333333,1.883333333333333,2.616666666666667,2.337666666666667,22.38,3.58,0
2.233333333333333,2.3635,1.833333333333333,2.254666666666667,2.48,4.92,4
0.8333333333333333,1.394166666666667,0.5333333333333333,1.323833333333333,2.95,2.21,1
4.566666666666666,3.338166666666667,0.5833333333333333,1.541666666666667,1.62,23.41,4
0.5833333333333333,1.730833333333333,1.883333333333333,1.8205,3.24,1.19,2
0.7833333333333333,1.714,3.5,3.295833333333333,2.21,1.35,1
3.3,1.203833333333333,2.066666666666666,1.886,8.17,1.97,0
1.5,1.2715,3,2.4985,1.58,3.11,2
4.566666666666666,2.5165,2.866666666666667,2.562833333333333,4.92,22.38,2
4.6,2.9825,4.533333333333333,2.811166666666667,3.58,1.62,2
1.833333333333333,1.504166666666667,0.6666666666666666,1.1465,16.25,2.17,2
3.316666666666666,3.1025,2.85,0.9700000000000001,5.71,2.95,1
1.833333333333333,2.182666666666667,0.5333333333333333,1.2225,7.7,2.48,1