2.616666666666667,1.995333333333333,2.316666666666666,1.328333333333333,5.93,8.91,2
0.4,0.8908333333333334,0.2,0.6061666666666667,1.6,17.1,0
1.266666666666667,1.439833333333333,0.25,1.178333333333333,0.802,3.98,1
1.983333333333333,1.56,3.783333333333333,2.41,5.87,1.63,2
1.983333333333333,1.705,2.216666666666667,1.8185,1.21,2.55,1
0,0.8196666666666667,2.316666666666666,1.593333333333333,3.03,2.47,1
1.033333333333333,0.6998333333333333,1.566666666666667,1.671833333333334,2.55,3.26,3
1.6,1.346,2.1,1.613166666666666,1.63,1.9,1
2.733333333333333,3.401,1,1.356833333333333,17.1,2.23,4
1.766666666666667,1.912333333333333,1.733333333333333,1.617666666666667,8.91,3.03,0
1.183333333333333,1.691,2.333333333333333,2.0955,6.41,0.802,2
1.7,1.671166666666667,1.8,1.546,3.33,5.93,2
2.166666666666667,0.9783333333333333,1.333333333333333,2.130166666666667,2.47,1.6,3
2.2,1.624666666666667,0.8333333333333333,1.365,5.87,1.21,1
2.133333333333333,2.385166666666667,0.8666666666666667,1.897333333333334,3.98,2.14,1
3.666666666666667,3.584666666666667,2.716666666666667,1.857833333333333,17.1,1.63,6
1.4,1.222333333333333,1.15,1.249833333333333,2.14,1.21,2
0.25,0.7158333333333333,0.8333333333333333,1.323333333333333,2.23,3.98,0
1.65,1.5465,0.7833333333333333,0.6765,1.9,5.87,1
1.833333333333333,1.627666666666667,1.8,1.2595,3.26,6.41,3
1,1.118333333333333,2.066666666666666,1.639,1.6,8.91,2
2.316666666666666,1.4835,1.733333333333333,1.524,5.93,2.55,2
0.8333333333333333,1.258333333333333,1.25,1.506833333333333,3.03,3.33,1
1.733333333333333,1.598333333333333,2.233333333333333,1.554333333333333,0.802,2.47,3
0.5833333333333333,0.6871666666666667,2.2,2.197833333333334,1.63,1.6,0
2.4,1.460833333333333,2.9,2.3655,2.47,3.26,4
0.75,1.172333333333333,1.933333333333333,1.795666666666667,1.21,1.9,2
1.766666666666667,2.493166666666667,2.466666666666667,1.869333333333333,3.33,0.802,1
1.2,1.371,1.2,1.7155,2.55,3.03,3
1.15,1.408,3.083333333333333,2.0575,8.91,2.23,0
2.366666666666667,2.093333333333333,0.9166666666666666,1.864666666666667,6.41,5.93,1
1.833333333333333,1.438666666666667,1.233333333333333,1.635833333333333,5.87,2.14,3
2.533333333333333,2.201333333333333,0,0.4316666666666666,3.98,17.1,0
1.316666666666667,0.7701666666666667,0.9166666666666666,1.034333333333333,5.93,1.21,1
0.9166666666666666,1.560333333333333,3.15,1.601333333333333,2.14,1.63,1
0.5,0.8166666666666667,4.2,2.856333333333334,2.23,2.47,1
4.2,2.521833333333333,0.5333333333333333,1.380166666666667,3.26,5.87,0
0.7833333333333333,1.572166666666667,1.5,0.9348333333333333,3.03,6.41,1
3.4,2.802333333333334,1.816666666666667,1.2235,17.1,8.91,2
1.65,1.568,0.5833333333333333,1.276166666666667,3.98,3.33,3
1.666666666666667,1.004,1.916666666666667,2.147666666666667,1.6,1.9,0
1.7,1.724833333333333,1.366666666666667,1.266166666666666,0.802,2.55,3
2.1,1.988166666666667,1.55,1.66,2.55,2.23,0
0.9166666666666666,1.485666666666667,1.483333333333333,1.425,1.21,0.802,3
1.483333333333333,1.861,1.35,1.6075,3.33,1.6,3
1.483333333333333,1.2825,2.45,2.775333333333333,6.41,2.14,0
2.183333333333333,1.808333333333333,0.5,0.7746666666666666,2.47,17.1,0
0.95,1.493833333333333,0.7333333333333334,1.4835,1.9,5.93,2
1.2,1.244,4.683333333333334,3.284833333333333,1.63,3.26,2
3.7,3.204333333333333,1.25,1.681666666666667,5.87,3.03,2
0.75,1.4575,0.7,1.085,8.91,3.98,1
3.866666666666667,3.195,3.2,2.0065,17.1,3.33,4
0.7333333333333334,1.0325,0.2,1.158666666666667,5.93,5.87,3
1.6,1.3215,4.183333333333334,3.146833333333333,3.98,2.47,1
0.7333333333333334,1.158666666666667,0.9,1.243666666666667,2.14,1.9,2
1.583333333333333,1.205333333333333,0.9333333333333333,0.8891666666666667,2.23,6.41,1
1.6,1.785166666666667,1.316666666666667,1.25,0.802,8.91,2
2.65,1.091666666666667,2.4,1.556666666666667,1.6,2.55,1
0.5333333333333333,1.250666666666667,1.783333333333333,1.411666666666667,3.03,1.63,2
1.85,1.734166666666667,0.7333333333333334,1.4945,3.26,1.21,0
1.916666666666667,1.432,2.966666666666667,2.517666666666667,1.9,3.26,1
1.9,2.203833333333334,1.266666666666667,1.8345,1.21,3.03,3
1.75,1.194166666666667,2.1,2.262,5.93,2.14,4
1.7,2.1505,2.25,1.102,6.41,1.6,5
1.85,1.0895,0.25,1.128333333333333,2.55,17.1,0
1.166666666666667,1.308666666666667,2.45,2.045833333333333,1.63,0.802,4
1.45,1.5525,1.5,1.7165,3.33,2.23,4
3.266666666666667,2.752,2.083333333333333,2.0325,5.87,3.98,1
2.3,1.626833333333333,1.7,1.13,2.47,8.91,2
1.116666666666667,1.783,4.433333333333334,2.421166666666667,8.91,3.33,1
0.9333333333333333,1.0045,1.933333333333333,2.013166666666667,3.98,2.55,3
2.533333333333333,1.6615,1,0.9848333333333332,2.23,5.87,1
2,2.183166666666667,1.666666666666667,1.978,3.26,5.93,0
1.266666666666667,1.269833333333333,2.666666666666667,2.485166666666667,0.802,1.9,1
1.833333333333333,1.255166666666667,0.7,1.271166666666667,1.6,1.21,1
3.233333333333333,2.952166666666667,1.033333333333333,1.0755,17.1,6.41,1
1.366666666666667,1.8205,3.066666666666666,1.8595,3.03,2.14,2
2,1.815,0.8666666666666667,1.7205,2.47,1.63,5
1.933333333333333,1.351666666666667,2.05,1.732666666666667,3.33,2.47,3
1.5,0.9861666666666666,1.166666666666667,1.006,2.55,8.91,1
2.733333333333333,2.630833333333333,3.583333333333333,2.261166666666667,1.63,2.23,3
2.85,2.452,0,0.6706666666666666,1.21,17.1,0
4.083333333333333,1.756,3.766666666666667,1.825833333333333,5.93,1.6,1
1.733333333333333,1.4365,1.9,2.1175,1.9,3.03,0
1.333333333333333,1.698833333333333,2.983333333333333,1.995,2.14,3.26,1
2.416666666666667,1.994833333333333,2.283333333333333,2.164333333333333,6.41,3.98,1
2.733333333333333,2.190833333333333,2.933333333333334,2.745333333333333,5.87,0.802,1
2.783333333333333,1.9385,2.583333333333333,1.862666666666667,2.23,1.21,2
1.316666666666667,1.738666666666667,2.283333333333333,2.028666666666667,3.03,3.26,0
1.783333333333333,1.430166666666667,2.566666666666666,1.479666666666667,1.6,2.14,0
3.383333333333333,2.329666666666667,1.733333333333333,1.918,17.1,1.9,2
3.766666666666667,3.394666666666667,1.45,1.741,2.47,2.55,4
0.7333333333333334,1.523166666666667,1.433333333333333,1.4365,8.91,5.87,2
1.7,1.4625,3.566666666666667,2.778666666666667,3.98,1.63,4
2.5,2.507666666666667,1.283333333333333,1.290166666666666,3.33,6.41,0
1.233333333333333,1.298,1.65,1.555166666666667,0.802,5.93,1
0.7833333333333333,1.355,0,0.2711666666666667,2.14,17.1,1
1.1,1.337166666666667,1.533333333333333,1.184666666666667,1.21,3.98,2
2.8,2.027666666666667,1.733333333333333,1.442333333333333,1.63,8.91,2
3.133333333333333,1.715333333333333,1.35,1.979666666666667,5.93,3.03,0
1.833333333333333,2.000166666666667,3.5,2.649,6.41,2.47,1
1.633333333333333,1.705333333333333,2.383333333333333,2.764333333333334,3.26,0.802,0
2.283333333333333,2.571333333333333,1.833333333333333,1.456833333333333,5.87,1.6,2
2.833333333333333,1.685333333333333,2.016666666666667,2.657,2.55,3.33,0
0.45,1.031666666666667,2.55,1.826666666666667,1.9,2.23,2
2.516666666666667,1.905333333333334,0.5,0.4121666666666667,5.87,17.1,4
0.95,0.9465000000000001,1.116666666666667,1.749333333333333,2.14,0.802,5
1.2,1.202666666666667,2.983333333333333,2.233833333333334,1.9,2.47,4
0.5833333333333333,1.111833333333333,1.983333333333333,1.469833333333333,3.26,3.98,0
0.4,1.367666666666667,1.65,0.9975000000000001,3.03,1.6,0
1.716666666666667,1.790833333333333,2.35,1.7095,5.93,2.23,1
1.083333333333333,1.487166666666667,1.916666666666667,1.878333333333333,6.41,8.91,0
2.483333333333333,2.038833333333333,4.433333333333334,3.304333333333333,1.63,2.55,2
1.4,1.4025,1.033333333333333,2.005166666666667,1.21,3.33,3
1.766666666666667,1.609666666666667,0.8666666666666667,0.8816666666666667,2.23,2.14,1
2.233333333333333,2.217666666666667,1.533333333333333,1.618333333333333,2.47,5.87,1
2.466666666666667,2.425666666666666,0.65,1.497166666666667,17.1,5.93,1
2.033333333333333,2.111166666666667,1.666666666666667,1.915666666666667,3.98,1.9,1
0.8333333333333333,0.9179999999999999,2.133333333333333,1.810666666666667,8.91,1.21,0
1.733333333333333,1.076333333333333,0.7,1.325,1.6,3.26,0
0.45,1.2225,1.25,1.722,0.802,3.03,0
1.2,0.9511666666666667,0.5333333333333333,1.053666666666667,2.55,6.41,0
2.766666666666667,2.291,1.933333333333333,1.0755,3.33,1.63,1
1.233333333333333,1.774166666666667,0.7,1.453666666666667,5.93,3.98,1
0.9166666666666666,0.7496666666666667,3.566666666666667,2.4875,1.6,0.802,0
1.833333333333333,1.835833333333333,1.4,1.508833333333333,1.9,8.91,0
0.2,1.311166666666667,2.083333333333333,1.354166666666667,3.26,17.1,0
2.416666666666667,1.7735,3.216666666666666,2.2705,2.14,2.55,0
2.733333333333333,2.067166666666667,2.2,1.700166666666667,5.87,3.33,3
1.5,1.7355,1.333333333333333,1.722166666666667,3.03,2.23,2
2.366666666666667,1.2245,0.25,0.868,1.63,6.41,2
2,1.874666666666667,2.883333333333333,2.618333333333333,1.21,2.47,2
1.7,1.620833333333333,1.733333333333333,1.801,8.91,2.14,4
0.7833333333333333,1.3485,0.4,0.7526666666666666,3.98,1.6,1
1.033333333333333,1.488666666666667,0.7833333333333333,1.576666666666667,6.41,5.87,4
1.583333333333333,2.021833333333333,1.25,0.6568333333333334,3.33,3.26,2
2.566666666666666,1.322333333333333,1.45,1.906833333333333,1.63,1.21,3
1.983333333333333,0.8226666666666667,1,1.991,17.1,3.03,8
1.783333333333333,1.893666666666667,0.3333333333333333,0.7956666666666667,2.47,5.93,1
1,1.228666666666667,2.483333333333333,2.089,2.55,1.9,0
1.233333333333333,2.229,2.25,2.130666666666666,2.23,0.802,1
0.5,0.6153333333333333,1.25,0.7288333333333333,3.26,8.91,2
1.8,1.376333333333333,2.6,1.174666666666667,1.9,3.33,1
2.516666666666667,1.622166666666667,3.166666666666667,1.564166666666666,1.21,6.41,2
2.25,1.725166666666667,1.716666666666667,2.239666666666666,2.14,2.47,3
0.7833333333333333,1.540833333333333,1.583333333333333,1.230833333333333,5.93,1.63,1
1,1.029833333333333,1.05,0.8418333333333333,0.802,17.1,0
0.4,0.8511666666666666,2.116666666666667,1.410833333333333,1.6,2.23,1
1.416666666666667,1.010833333333333,0.3333333333333333,1.080333333333333,3.03,3.98,1
4.55,2.402666666666667,1.65,1.407166666666667,5.87,2.55,2
6.366666666666666,3.059333333333333,0.8333333333333333,1.025666666666667,17.1,1.6,4
3.583333333333333,2.422166666666667,1.033333333333333,1.221833333333333,8.91,5.93,3
2.783333333333333,2.279833333333333,1.45,1.243833333333333,6.41,1.9,1
1.366666666666667,1.301,2.533333333333333,2.126166666666666,3.33,2.14,2
1.283333333333333,1.681166666666667,2.666666666666667,1.267,2.23,3.26,1
1,0.9918333333333333,2.5,2.532166666666666,2.55,1.21,1
1.533333333333333,1.490833333333333,3.416666666666667,2.447833333333334,2.47,3.03,2
1.033333333333333,0.9371666666666667,3.933333333333334,2.553666666666667,3.98,0.802,2
2.4,1.905166666666667,2.033333333333333,1.483333333333333,1.63,5.87,3
1.416666666666667,0.9635,1.166666666666667,1.459833333333334,3.26,2.55,0
1.233333333333333,1.253166666666667,1.166666666666667,0.7445000000000001,3.03,8.91,0
1.566666666666667,1.472833333333333,2.833333333333333,1.684166666666667,1.21,5.87,1
1.283333333333333,1.761666666666667,0.5,0.4551666666666667,2.23,17.1,1
0.8333333333333333,0.5995,3.533333333333333,2.169166666666666,1.9,1.63,0
0.5333333333333333,0.8976666666666667,1.183333333333333,1.6065,5.93,3.33,3
1.5,1.994833333333333,0.5333333333333333,1.025166666666667,2.14,3.98,2
0.8333333333333333,1.063833333333333,1.9,1.775333333333333,1.6,2.47,4
0.5,0.8626666666666667,2.316666666666666,1.478833333333333,0.802,6.41,0
3.133333333333333,1.6605,1.483333333333333,1.483333333333333,6.41,3.26,4
1.4,1.5405,2.716666666666667,2.2375,1.21,2.14,0
1.816666666666667,2.1075,2.516666666666667,1.992666666666667,3.33,3.03,3
0.5833333333333333,1.001333333333333,1.95,3.147333333333334,2.55,5.93,2
2.35,1.676,0.8333333333333333,0.4093333333333333,1.63,17.1,0
2.116666666666667,2.118166666666667,3.866666666666667,2.0245,2.47,0.802,4
2.55,2.798333333333333,2.783333333333333,2.656666666666667,8.91,1.6,0
3.166666666666667,1.908,1.083333333333333,0.7555000000000001,5.87,1.9,3
2.116666666666667,1.53,2.483333333333333,1.497666666666667,3.98,2.23,2
0.45,1.032166666666667,1.4,1.876,3.03,2.55,0
1.783333333333333,1.483833333333333,3.45,2.108833333333333,1.6,1.63,1
0,0.8318333333333334,1.2,1.589166666666667,0.802,3.33,0
0.7833333333333333,0.851,0.4,1.038666666666667,2.23,8.91,2
0.2,0.9358333333333333,1.65,1.6485,1.9,1.21,2
0.65,1.377,2.183333333333333,1.515833333333333,3.26,2.47,3
2.2,1.949666666666667,0.4,1.226833333333333,5.93,6.41,0
2.266666666666667,2.020833333333333,1.283333333333333,1.557,2.14,5.87,1
5.2,3.142666666666667,0.8666666666666667,0.9988333333333332,17.1,3.98,0
1.35,0.8321666666666667,1.4,1.534166666666667,1.63,2.14,0
2.733333333333333,2.166166666666666,3.116666666666667,2.741333333333333,2.47,2.23,2
1,1.614833333333333,1.8,1.7215,1.9,1.6,1
1.65,1.9625,0.5,0.9408333333333333,3.33,3.98,1
2.783333333333333,1.602333333333333,1.9,1.8145,6.41,3.03,4
2.5,1.909166666666667,2.033333333333333,1.686333333333333,5.87,3.26,3
2.1,2.4245,1.45,0.5471666666666666,8.91,17.1,0
0.25,1.363666666666667,2.016666666666667,2.656166666666667,1.21,5.93,0
1.366666666666667,1.325666666666667,2.483333333333333,1.294666666666667,2.55,0.802,2
1.866666666666667,1.117,0.5,1.1535,2.23,2.55,1
2.1,1.429666666666667,2.8,1.9125,17.1,2.47,3
1.1,1.9865,0.95,1.5925,5.93,1.9,0
3.566666666666666,2.9175,1.166666666666667,1.073,3.98,8.91,3
1.233333333333333,1.452833333333333,0,1.187,2.14,6.41,2
0,0.9461666666666667,1.166666666666667,1.6505,0.802,1.21,2
0,0.593,1.033333333333333,1.893833333333333,3.03,5.87,0
1.133333333333333,1.595,2.6,2.490666666666667,1.6,3.33,3
1.5,2.176,1.333333333333333,1.681,3.26,1.63,3
1.716666666666667,1.150166666666667,0.8333333333333333,1.380833333333333,2.47,3.98,0
0.8333333333333333,1.568666666666667,1.75,1.1175,1.9,2.14,2
1.933333333333333,2.534833333333333,0.5,0.5013333333333333,3.33,17.1,0
1.816666666666667,1.298833333333333,1.583333333333333,1.577166666666667,2.55,1.6,0
1.25,1.208833333333333,1.966666666666667,1.346833333333333,8.91,0.802,3
3.883333333333333,2.408333333333333,2.316666666666666,1.766166666666667,6.41,2.23,4
0.5,1.0975,3.05,2.129166666666667,1.21,3.26,2
1.25,0.6655,3.183333333333333,3.064833333333334,1.63,3.03,1
2.85,3.067166666666667,0.65,1.603,5.87,5.93,1
2.366666666666667,2.322666666666667,0.7,1.459833333333334,2.14,5.93,2
1.233333333333333,1.2435,3,2.627333333333334,2.23,3.33,1
2.35,2.912333333333334,1.5,1.938666666666667,3.26,1.9,2
0,0.4451666666666667,1.566666666666667,2.644166666666667,3.03,1.21,3
1.2,1.687333333333333,0.6666666666666666,1.349166666666667,1.6,6.41,1
2.433333333333334,2.430333333333333,2.1,2.028166666666667,8.91,2.47,2
2.25,1.808666666666667,0.3333333333333333,1.066,17.1,2.55,1
0.6666666666666666,1.200666666666667,1.2,1.582333333333333,0.802,1.63,2
2.4,2.151666666666667,0.95,0.8776666666666666,3.98,5.87,1
0.3333333333333333,1.175166666666667,2.766666666666667,2.2655,5.93,3.26,3
1.433333333333333,1.858,2.983333333333333,1.798,5.87,2.23,2
1.916666666666667,1.446,1.2,1.631666666666667,1.21,1.6,0
1.7,1.897333333333334,0.95,0.8995,3.33,8.91,1
1.833333333333333,1.1865,2.15,2.395166666666666,1.63,2.47,1
1.866666666666667,1.869166666666667,2.65,2.078,1.9,0.802,1
3.383333333333333,2.4715,0,0.8623333333333334,6.41,17.1,2
2.5,2.273166666666667,2.633333333333333,2.474,2.14,3.03,1
0.65,1.289666666666667,0.45,1.335666666666667,2.55,3.98,1
2,1.0255,2.416666666666667,1.852333333333333,3.03,1.9,1
1.433333333333333,1.715,1.65,1.8095,17.1,1.21,0
2.116666666666667,2.355833333333333,1.533333333333333,1.866,8.91,2.55,2
1.933333333333333,2.3305,0.7333333333333334,1.562833333333333,3.98,6.41,3
1.533333333333333,1.561833333333333,1.266666666666667,1.844166666666667,2.23,1.63,1
0,1.146333333333333,1.933333333333333,1.915333333333333,2.47,3.33,3
2.516666666666667,2.045833333333333,2.1,1.230666666666667,3.26,2.14,2
2.066666666666666,1.818666666666667,1.583333333333333,1.3605,0.802,5.87,1
0.9333333333333333,1.225333333333333,1.916666666666667,1.607333333333333,1.6,5.93,2
1.2,1.313833333333333,2.933333333333334,2.292,5.93,0.802,1
1.716666666666667,1.487833333333333,2.483333333333333,1.477333333333333,6.41,3.33,2
2.366666666666667,1.671,0.3333333333333333,0.7265000000000001,5.87,8.91,2
1.4,2.354666666666667,2.466666666666667,1.592,1.21,2.23,1
1.433333333333333,1.208333333333333,0.25,1.108166666666667,2.14,1.6,2
1.533333333333333,1.711666666666667,0.3333333333333333,1.058666666666667,1.63,3.98,0
0.3333333333333333,0.8881666666666668,1.333333333333333,2.183166666666667,2.55,2.47,0
2.366666666666667,2.5145,1.533333333333333,1.798333333333333,3.26,3.03,2
1.733333333333333,2.2835,1.166666666666667,2.034833333333333,1.9,17.1,2
0.8666666666666667,1.3475,1.533333333333333,1.993333333333333,1.6,5.87,2
1.933333333333333,1.127333333333334,1.566666666666667,1.538,3.03,5.93,2
1,0.7023333333333334,1.2,1.594166666666667,2.47,6.41,2
2.033333333333333,1.24,1.733333333333333,2.055333333333333,2.23,1.9,2
0.9833333333333334,1.265333333333333,1.366666666666667,1.344166666666667,3.33,2.55,2
2.7,2.289166666666667,1.6,1.054833333333333,3.98,1.21,1
0.7,1.835833333333333,1.166666666666667,1.805,17.1,2.14,2
1.816666666666667,2.270666666666667,1.733333333333333,1.814,8.91,1.63,3
0.5333333333333333,0.4238333333333333,1.283333333333333,1.253,0.66,1.53,2
1.033333333333333,1.3425,0.9166666666666666,0.8258333333333334,3.59,10.39,1
1.366666666666667,1.991166666666667,1.116666666666667,1.637,6.54,2.5,2
0.2,1.297333333333333,1.366666666666667,1.890166666666667,6.08,1.73,1
0.45,0.7826666666666666,1.116666666666667,2.069166666666667,4.81,1.6,4
0.6666666666666666,0.5858333333333334,2.766666666666667,1.792333333333334,1.89,2.43,1
1.233333333333333,1.164,0.5,1.3385,2.08,0.841,1
1.85,2.086166666666667,0.75,0.2681666666666667,1.73,17.9,0
1.95,2.774833333333333,2.483333333333333,2.0435,2.43,4.81,1
1.916666666666667,1.9135,2.25,1.857166666666667,1.6,3.59,1
1.65,2.2085,1.85,2.374000000000001,1.53,6.08,0
1.766666666666667,1.3785,3.766666666666667,2.8845,7.58,1.89,1
1.45,1.428833333333333,0.85,2.621833333333333,2.12,6.54,0
2.3,1.672833333333333,1.516666666666667,2.2385,2.5,2.14,1
3.1,3.4685,1.5,1.791333333333333,10.39,0.66,2
1.866666666666667,1.001,2.483333333333333,2.8455,0.66,1.73,2
2.833333333333333,1.733,2.166666666666667,1.8785,4.81,7.58,2
1.233333333333333,1.071,2.616666666666667,1.7955,1.89,1.53,1
1.566666666666667,1.9285,0.5,1.023,2.14,2.12,3
2.283333333333333,1.582166666666667,2.483333333333333,1.4335,3.59,2.43,2
0.75,0.9635,1.566666666666667,2.2725,0.841,2.5,2
1.816666666666667,2.2905,2.366666666666667,1.456,6.54,2.08,0
1.833333333333333,1.7345,3.233333333333333,2.657,6.08,1.6,1
4.316666666666666,3.817,1.733333333333333,1.000166666666667,17.9,10.39,5
2.1,1.351,3.416666666666667,2.5135,1.73,10.39,0
1.733333333333333,1.636666666666667,3.016666666666667,2.025666666666667,1.6,0.66,0
0.25,1.406,0.75,0.8800000000000001,1.53,17.9,0
1.033333333333333,1.767166666666667,0.7333333333333334,1.3285,6.54,2.14,2
0.9833333333333334,1.404333333333333,2.183333333333334,2.497666666666666,7.58,3.59,4
0.25,0.8253333333333334,1.1,1.106,2.12,6.08,0
0.3333333333333333,1.1215,1.033333333333333,1.813,2.5,4.81,1
2.033333333333333,1.427166666666667,1.483333333333333,2.128333333333333,2.08,1.89,0
2.083333333333333,3.122,0.5833333333333333,1.352666666666667,2.43,0.841,1
2.616666666666667,1.812166666666667,1.25,1.584,3.59,2.12,0
1,1.541833333333333,1.983333333333333,2.007333333333333,1.73,1.53,1
2.566666666666666,2.4015,2.916666666666667,2.037166666666667,0.66,7.58,0
1.283333333333333,1.297833333333333,3.816666666666666,3.159166666666667,1.89,2.5,1
1.283333333333333,1.773,1.616666666666667,1.911166666666666,6.08,2.43,4
3.916666666666667,3.7355,1.15,1.433333333333334,17.9,2.08,4
0.9166666666666666,1.515666666666667,1.25,1.884166666666667,0.841,2.14,0
2.033333333333333,3.007166666666667,2.883333333333333,2.8975,10.39,1.6,5
4.716666666666667,3.109166666666667,1.5,1.24,4.81,6.54,3
1.533333333333333,1.172,0.25,0.77,2.5,17.9,0
0.95,1.219666666666667,2.533333333333333,3.477166666666667,2.08,3.59,0
1.783333333333333,1.616,1.033333333333333,1.4095,2.14,4.81,1
0.95,1.039666666666667,3.266666666666667,3.377333333333334,1.6,1.73,3
1.5,1.816,2.15,1.693666666666667,1.53,10.39,1
1.366666666666667,1.757666666666666,1.033333333333333,1.246333333333333,6.54,0.841,1
2.033333333333333,1.913166666666667,1.75,1.452666666666667,7.58,6.08,2
2.533333333333333,2.727833333333333,1.65,1.723166666666667,2.43,0.66,2
0.5,1.912666666666667,1.2,1.540666666666667,2.12,1.89,1
1.783333333333333,1.025,2.5,1.5565,1.89,2.14,1
0.9,1.303666666666667,1.983333333333333,1.9605,3.59,2.5,0
2.433333333333334,2.0525,1.4,1.418666666666667,1.73,7.58,2
2.033333333333333,2.232666666666667,1.583333333333333,2.224,6.08,2.08,1
4.65,2.567833333333333,1.083333333333333,1.253833333333333,4.81,0.841,0
2.583333333333333,3.2015,1.733333333333333,2.291166666666667,17.9,2.43,4
0.9,1.748666666666667,1.6,1.244666666666667,0.66,2.12,1
3.866666666666667,4.213333333333333,2.35,1.379833333333333,10.39,6.54,3
2.033333333333333,1.968166666666667,2.283333333333333,2.8625,1.6,1.53,1
1.083333333333333,2.270666666666667,1.583333333333333,1.394166666666667,2.12,10.39,3
1.616666666666667,1.716,3.65,2.792166666666667,2.43,1.6,0
0.7,1.268833333333333,2.416666666666667,2.417333333333333,2.5,6.08,1
1,1.828166666666667,2.15,2.368833333333333,2.08,1.73,0
3.083333333333333,2.337,2.333333333333333,2.258166666666667,4.81,1.89,2
1.716666666666667,1.585333333333333,1.95,2.7835,7.58,1.53,6
1.983333333333333,1.7395,0,0.4188333333333333,6.54,17.9,1
2.283333333333333,2.084333333333333,1.05,2.588666666666667,2.14,3.59,1
0.3333333333333333,1.047666666666667,1.416666666666667,1.821,0.841,0.66,3
0.8333333333333333,1.247166666666667,1.133333333333333,1.278833333333333,0.66,2.08,0
1.516666666666667,1.499666666666667,1.333333333333333,2.049666666666667,1.53,2.12,1
1.533333333333333,1.783333333333333,0.95,1.126666666666667,1.89,0.841,4
0,0.7371666666666667,0.95,2.147333333333333,3.59,4.81,3
3.633333333333333,3.7955,1.333333333333333,1.002833333333333,17.9,2.14,2
1.616666666666667,1.351833333333333,1.7,1.499166666666667,1.73,2.5,2
3.25,3.553666666666667,4.133333333333333,3.5315,10.39,2.43,4
2.883333333333333,1.892333333333333,3.35,2.373666666666667,6.08,6.54,1
3.283333333333333,2.488,0.9166666666666666,1.261333333333333,1.6,7.58,0
1.533333333333333,1.106833333333333,1.616666666666667,2.023333333333333,6.54,1.89,3
2.966666666666667,2.281333333333333,0.3333333333333333,0.3033333333333333,4.81,17.9,3
2.95,1.835,1.1,1.2385,2.12,1.73,1
0.5,1.533,1.1,1.260166666666667,2.08,1.6,0
1.283333333333333,1.082333333333333,1.733333333333333,1.613666666666667,2.14,6.08,2
1.2,1.385333333333334,1.833333333333333,1.531333333333333,0.841,3.59,1
2.4,2.126166666666667,2.2,1.3785,7.58,10.39,1
0.9,1.152666666666667,4.35,3.051166666666667,2.43,1.53,1
0.8333333333333333,0.9716666666666667,1.65,2.094333333333333,2.5,0.66,0
2.566666666666666,1.760333333333333,3.633333333333333,2.651166666666666,1.73,2.43,0
0.95,1.43,1.366666666666667,2.250833333333333,0.66,2.14,0
2,2.151666666666667,2.283333333333333,1.839166666666667,7.58,2.12,1
1.233333333333333,1.213666666666667,0.7,1.392,1.53,2.08,1
1.5,1.476833333333333,2.6,2.938333333333333,3.59,1.89,1
2.716666666666667,3.970333333333333,2.083333333333333,1.466,17.9,0.841,2
1.783333333333333,1.847833333333333,1.75,2.576333333333333,6.08,4.81,5
1.7,2.372833333333333,2.183333333333334,1.828333333333333,1.6,6.54,2
3.183333333333333,3.009166666666667,1.916666666666667,2.141833333333333,10.39,2.5,4
1.95,2.193166666666667,1.283333333333333,1.298333333333333,6.54,3.59,1
0.9333333333333333,1.308833333333333,1.116666666666667,0.8948333333333334,0.841,6.08,0
2.183333333333334,1.118166666666667,0.5,1.839,2.12,1.6,0
0.95,0.6998333333333333,2.783333333333333,2.2245,2.5,1.53,2
0.5,1.8065,1.683333333333333,1.130666666666666,2.08,10.39,2
1.533333333333333,1.591666666666667,1.2,1.324,1.89,17.9,0
0.5833333333333333,1.159,1.166666666666667,1.429833333333333,2.43,7.58,3
2.866666666666667,1.413333333333333,0.5833333333333333,1.068166666666667,2.14,1.73,2
2.15,1.849,2.6,2.128833333333334,4.81,0.66,3
1.183333333333333,1.2435,0.75,1.030666666666667,2.12,17.9,1
1.333333333333333,1.570166666666667,1.55,1.5615,2.08,2.43,1
1.05,0.9341666666666666,2.833333333333333,1.634333333333333,1.89,0.66,1
2.833333333333333,1.729833333333333,0.3333333333333333,1.807833333333333,2.14,1.6,0
1.183333333333333,1.650166666666667,0.7,0.8041666666666667,3.59,6.08,1
0.25,0.7631666666666667,1.45,1.4185,0.841,1.73,1
2.85,1.518666666666667,1.783333333333333,1.015833333333333,4.81,10.39,1
1.533333333333333,1.359333333333333,2.333333333333333,1.8615,2.5,7.58,3
1.783333333333333,1.923333333333333,2.183333333333334,1.932666666666667,6.54,1.53,1
0.6,0.8371666666666666,3.616666666666667,3.188833333333333,1.73,4.81,1
1.866666666666667,2.503333333333333,2.2,1.561,0.66,6.54,0
3.233333333333333,3.5755,1.033333333333333,1.416,10.39,0.841,2
2.283333333333333,2.0875,2.183333333333334,3.327833333333333,6.08,1.89,3
1.033333333333333,1.913333333333334,2.533333333333333,3.4875,1.6,2.5,0
2.283333333333333,1.7205,0.2,0.7516666666666667,1.53,2.14,3
2.7,2.363333333333333,2.183333333333334,2.546333333333334,2.43,2.12,2
1.783333333333333,2.681333333333333,2.283333333333333,2.3275,7.58,2.08,1
2.033333333333333,2.901333333333333,1.033333333333333,1.598,17.9,3.59,2
1.083333333333333,1.619333333333333,2.533333333333333,2.044833333333334,4.81,1.53,5
1.783333333333333,1.923333333333333,2.45,1.233666666666667,6.54,7.58,3
1.7,1.515166666666667,1.083333333333333,2.144166666666667,2.5,2.43,2
0.3333333333333333,0.8549999999999999,0.8333333333333333,2.0625,1.89,1.73,0
2.8,1.658833333333333,1.033333333333333,0.6168333333333332,2.14,10.39,0
0.3333333333333333,0.992,0.2,1.443333333333333,0.841,1.6,2
3.083333333333333,2.321666666666667,0.3333333333333333,0.6136666666666667,6.08,17.9,0
1.033333333333333,1.363666666666667,1.95,2.3625,2.12,2.08,1
0.5333333333333333,1.010833333333333,2.883333333333333,1.868,3.59,0.66,0
0.8333333333333333,0.9278333333333333,0.75,0.9415,1.73,6.54,2
1.9,2.2035,0.25,0.9319999999999999,0.66,6.08,1
1.616666666666667,1.725,2.2,2.285166666666667,10.39,1.89,1
1.033333333333333,1.919333333333333,1.366666666666667,1.1515,7.58,0.841,2
4.016666666666667,3.596,1,1.222,2.43,2.14,2
2.45,2.2715,2.116666666666667,2.664,1.53,3.59,1
1.483333333333333,1.654833333333333,2.7,2.747333333333333,2.08,2.5,3
1.083333333333333,1.033,1.983333333333333,2.219333333333333,2.12,4.81,3
0.7,0.9933333333333334,0.25,0.4373333333333334,1.6,17.9,1
1.766666666666667,1.648,2.233333333333333,2.556666666666667,2.5,2.12,0
2.4,2.660833333333334,1.7,1.626333333333333,17.9,0.66,3
0.75,1.318833333333333,1.85,0.9513333333333334,2.14,7.58,1
0.7,0.7453333333333334,0.7,1.543333333333333,3.59,1.73,3
0.8666666666666667,1.625833333333333,3.116666666666667,2.074833333333334,0.841,1.53,2
2.866666666666667,2.762333333333333,1.683333333333333,1.412166666666667,4.81,2.08,1
1.95,1.738166666666667,0.2,0.6298333333333334,6.08,10.39,0
0.2,0.6213333333333333,2.166666666666667,2.501333333333333,1.89,1.6,0
2.2,1.547333333333333,1.116666666666667,2.2635,6.54,2.43,1
1.45,1.524166666666667,1.766666666666667,1.370833333333334,2.08,2.14,0
1.183333333333333,1.795,2.566666666666666,2.520333333333333,1.53,0.66,2
1.366666666666667,1.376666666666667,0.8333333333333333,0.5728333333333333,7.58,17.9,0
1.45,1.302333333333333,1.316666666666667,1.237166666666667,2.12,0.841,1
2.566666666666666,2.643333333333333,1.683333333333333,1.607333333333333,2.43,1.89,1
1.083333333333333,0.8678333333333332,1.45,1.368333333333333,1.6,4.81,2
1.233333333333333,1.578833333333333,2.233333333333333,2.3305,10.39,3.59,3
2.116666666666667,1.303333333333333,0.8333333333333333,1.321,1.73,6.08,3
0.8333333333333333,1.272833333333333,1.166666666666667,1.331333333333333,2.5,6.54,0
1,1.123833333333333,1.933333333333333,1.1355,1.89,7.58,0
1.566666666666667,1.831166666666667,1.283333333333333,0.9158333333333333,0.841,2.08,1
1.983333333333333,1.467333333333333,0.5,0.9318333333333333,0.66,10.39,0
0.8333333333333333,1.1085,1.55,1.6195,2.14,2.5,2
1.75,1.311833333333333,2.15,2.172833333333333,3.59,1.6,2
2.75,2.425166666666667,1.75,1.391333333333333,17.9,1.73,1
1.183333333333333,0.8430000000000001,1.2,1.4465,6.54,2.12,3
1,1.118833333333333,2.916666666666667,1.971166666666667,6.08,1.53,1
2.833333333333333,2.357833333333334,1.733333333333333,1.8865,4.81,2.43,4
0.9833333333333334,1.857333333333333,2.2,2.386833333333334,2.43,3.59,5
1.616666666666667,1.862833333333333,3.45,2.344333333333333,1.6,6.08,3
2.866666666666667,2.185166666666666,2.783333333333333,3.163833333333333,1.53,1.89,4
0.2,0.6645,1.233333333333333,1.2865,2.5,0.841,1
1.1,1.429833333333333,1.65,1.295,2.08,6.54,1
2.65,2.269,1.266666666666667,1.181833333333334,7.58,4.81,2
2.45,3.066333333333334,1.45,0.8045,10.39,17.9,0
2.9,1.725833333333334,2.816666666666666,3.500666666666667,1.73,0.66,0
1.933333333333333,1.2135,0.65,0.8723333333333334,2.12,2.14,2
1.116666666666667,0.8663333333333333,1.366666666666667,2.027666666666667,2.14,6.54,2
2.016666666666667,1.581333333333333,1.2,1.111333333333333,3.59,7.58,1
1.483333333333333,1.864166666666667,2.533333333333333,2.138,0.841,2.43,3
0.7,1.062,2.666666666666667,1.801833333333333,0.66,1.6,2
2.533333333333333,2.2495,1.166666666666667,1.395333333333333,4.81,2.5,3
1,1.189333333333333,2.283333333333333,1.978666666666667,1.89,2.08,0
1.433333333333333,1.712666666666667,1.733333333333333,1.566666666666666,17.9,1.53,5
2.083333333333333,1.427166666666667,1.25,1.3275,6.08,2.12,1
1.616666666666667,2.3645,1.183333333333333,1.297166666666667,10.39,1.73,2
1.75,1.983166666666667,1.066666666666667,0.7586666666666667,6.54,4.81,2
1.666666666666667,1.554666666666667,1.9,2.315333333333333,7.58,0.66,1
1.366666666666667,1.274166666666667,2.516666666666667,2.563166666666667,2.12,3.59,1
2.733333333333333,1.670333333333333,1.45,2.6395,1.53,1.73,1
1.583333333333333,1.821333333333333,0.5,0.613,2.08,17.9,0
1.7,1.252166666666667,2.283333333333333,2.9,2.14,0.841,2
0.3333333333333333,1.161,3.533333333333333,2.694333333333333,2.5,1.89,1
3.366666666666667,3.527666666666667,2.6,2.060666666666667,2.43,6.08,0
2.65,2.001166666666667,0.2,0.7343333333333333,1.6,10.39,1
2.283333333333333,2.198666666666667,1.083333333333333,1.504166666666667,6.08,7.58,3
2.366666666666667,1.634166666666667,1.65,1.442833333333333,17.9,2.5,1
0.9,0.8306666666666667,3.316666666666666,1.903333333333333,1.73,1.6,4
1.95,1.625833333333333,1.816666666666667,2.321,0.841,6.54,3
1.166666666666667,1.482333333333333,3.05,2.646333333333334,0.66,2.43,2
0.25,0.885,2.433333333333334,2.176166666666667,1.89,2.12,0
2.566666666666666,2.941166666666667,2.616666666666667,1.878666666666666,10.39,1.53,3
2.55,2.613833333333333,1,1.038,4.81,2.14,5
2.483333333333333,2.126666666666667,1.45,1.34,3.59,2.08,1
1.166666666666667,0.9118333333333334,3.133333333333333,2.258833333333333,2.14,1.89,2
2.783333333333333,1.935833333333334,1.066666666666667,0.3686666666666666,0.841,4.81,1
2.233333333333333,2.325,1.833333333333333,1.232666666666667,2.12,0.66,1
2.75,1.996833333333333,0,0.5691666666666666,2.43,17.9,1
2.133333333333333,1.053833333333333,4.1,2.947,1.53,1.6,1
0.5333333333333333,1.071333333333333,1.833333333333333,2.241,2.5,3.59,0
0.7333333333333334,1.063666666666667,1.833333333333333,1.964833333333333,7.58,1.73,1
1.266666666666667,1.184666666666667,1.333333333333333,0.825,6.54,10.39,2
1.2,1.652166666666667,0.6,1.086333333333333,2.08,6.08,0
1,1.304666666666667,1,1.161833333333333,1.89,4.81,2
2.283333333333333,1.856666666666667,2.916666666666667,1.811833333333333,3.59,2.14,2
2.316666666666666,1.877,1.1,1.343666666666667,0.66,0.841,2
2.7,1.786166666666667,1.933333333333333,1.504,6.08,2.5,3
2.316666666666666,1.231,3.266666666666667,2.0515,1.6,2.43,1
1.416666666666667,0.8121666666666667,1.95,1.746666666666667,1.53,7.58,3
3.083333333333333,1.438,2.65,2.292833333333333,17.9,6.54,3
3.15,2.969166666666667,1.95,1.753666666666667,10.39,2.12,3
2.083333333333333,2.288833333333333,1.583333333333333,1.314666666666667,1.73,2.08,2
1.283333333333333,1.545166666666667,2.616666666666667,1.699666666666667,2.12,1.53,2
0.8333333333333333,0.783,1.366666666666667,1.034,2.43,10.39,0
1.533333333333333,1.286166666666667,1.933333333333333,1.6635,7.58,1.6,0
1.75,1.287833333333333,1.033333333333333,0.7936666666666667,2.08,0.66,4
1.566666666666667,1.395666666666667,0.3333333333333333,0.767,2.14,17.9,0
1.283333333333333,1.459833333333333,1.616666666666667,1.742166666666667,0.841,1.89,2
1.066666666666667,0.862,0,0.9538333333333333,6.54,6.08,2
1.45,1.500833333333333,0.95,1.466833333333333,4.81,3.59,3
0.2,0.9413333333333334,2.533333333333333,1.331666666666667,2.5,1.73,2
2.233333333333333,1.297666666666667,1.866666666666667,1.668833333333334,1.6,2.08,0
2.166666666666667,1.706166666666667,3.6,1.987333333333333,1.89,6.54,1
1.866666666666667,1.5755,1.666666666666667,1.281166666666667,3.59,0.841,2
2.216666666666667,2.012833333333333,2,2.393666666666666,1.73,2.12,0
2.066666666666666,1.635666666666667,2.2,1.171833333333333,0.66,2.5,1
2.95,0.9168333333333334,1.416666666666667,1.705166666666666,17.9,4.81,1
3.6,3.399666666666667,2.85,2.262833333333333,10.39,7.58,5
3.6,1.622833333333333,3.166666666666667,1.3295,6.08,2.14,2
2.15,2.726333333333333,2.983333333333333,2.823166666666667,1.53,2.43,6
2.566666666666666,2.0585,0.2,0.8415,6.54,1.6,1
1.5,1.381166666666667,1.166666666666667,1.346,4.81,6.08,2
0.8666666666666667,1.215333333333333,4.116666666666667,3.142333333333333,2.12,7.58,0
1.2,0.8645,1.616666666666667,0.9553333333333334,2.43,1.73,1
1.666666666666667,0.9443333333333332,0.9,0.881,2.5,10.39,1
2.083333333333333,1.417666666666666,2.566666666666666,1.494833333333333,2.08,1.53,0
2.066666666666666,2.105,1.75,2.545166666666667,1.89,3.59,1
1.15,0.8931666666666668,2.533333333333333,1.511166666666667,2.14,0.66,1
1.366666666666667,2.0775,0.7,0.5861666666666666,0.841,17.9,1
1.2,1.071833333333333,1.35,2.317833333333333,1.6,2.12,1
2.433333333333334,1.534833333333333,1.5,1.735166666666667,17.9,1.89,3
2.85,2.600166666666667,1.183333333333333,1.478166666666667,1.53,2.5,1
3.016666666666667,3.048666666666666,0.65,1.207833333333333,10.39,2.08,2
1.316666666666667,1.865666666666667,2.183333333333334,1.6065,3.59,6.54,1
2.516666666666667,2.583166666666667,2.566666666666666,2.304166666666666,6.08,0.841,3
2.15,2.757833333333333,2.566666666666666,1.938166666666667,1.73,2.14,0
1.233333333333333,1.756333333333333,4.45,4.047666666666666,7.58,2.43,3
0.25,1.1155,1.633333333333333,1.813833333333333,1.15,2.32,1
0.5333333333333333,0.7093333333333334,2.566666666666666,1.942833333333333,0.842,1.83,2
1.433333333333333,1.785833333333333,1.95,1.431,1.12,1.89,1
2.35,2.504666666666667,1.033333333333333,1.663333333333333,6.27,10.36,2
0.8333333333333333,1.912833333333333,2.883333333333333,1.838166666666667,5.24,2.2,0
0.8333333333333333,1.284,1.183333333333333,1.41,6.12,4.72,4
3.45,2.891666666666667,1.75,1.822333333333333,10.36,2.3,1
1.716666666666667,1.574333333333333,2.383333333333333,3.031666666666666,4.72,2.5,0
2.183333333333334,1.150833333333333,2.766666666666667,2.225833333333333,2.58,1.15,2
1.033333333333333,1.0285,1.816666666666666,1.4615,1.86,6.12,1
1.916666666666667,3.023,1.6,1.879166666666666,2.32,1.12,2
1.9,1.380833333333333,0.7,0.8975,1.89,18.04,2
2.116666666666667,1.615,1.066666666666667,1.4875,1.83,6.27,2
1.766666666666667,1.3655,2.783333333333333,2.595,2.2,0.842,2
0.5833333333333333,1.9675,1.083333333333333,0.5493333333333333,5.24,2.1,0
0,0.68,2.083333333333333,1.341833333333333,2.5,1.89,0
0.8333333333333333,1.566,1.616666666666667,1.8095,1.15,10.36,3
1.366666666666667,1.750166666666666,2,1.742166666666667,0.842,5.24,3
1.283333333333333,1.201833333333333,1.166666666666667,1.150166666666667,1.12,1.86,2
1.916666666666667,1.630833333333333,1.283333333333333,1.752666666666667,2.3,2.58,2
1.916666666666667,1.626,1.283333333333333,1.7585,6.27,2.32,0
2.183333333333334,2.550666666666666,1.533333333333333,1.574666666666667,18.04,4.72,2
1.616666666666667,1.779666666666667,1.816666666666667,1.099666666666667,2.1,1.83,3
2.283333333333333,1.920166666666667,1.45,2.024,6.12,2.2,3
0.4,1.839333333333333,1.516666666666667,0.9223333333333333,4.72,1.89,0
1.066666666666667,1.864666666666666,3.066666666666666,3.650166666666666,2.2,1.15,2
0.7,0.9426666666666668,2.566666666666666,2.219666666666667,5.24,6.27,1
1.283333333333333,1.219166666666667,0.9166666666666666,1.208333333333333,1.86,18.04,1
2.066666666666666,1.571166666666667,1.766666666666667,2.251,1.83,1.12,1
2.333333333333333,1.679333333333333,0.95,0.8331666666666666,0.842,2.1,0
2.433333333333334,2.982666666666667,0.7333333333333334,1.203666666666667,10.36,6.12,0
3.066666666666666,3.1645,1.433333333333333,2.126166666666667,2.32,2.3,1
1.616666666666667,2.305666666666667,2.2,2.842333333333333,2.58,2.5,3
1.316666666666667,1.3405,1.466666666666667,1.434166666666667,2.3,4.72,3
0,0.4828333333333333,1.65,1.351833333333333,2.5,10.36,2
1.45,1.384833333333334,2.816666666666666,2.6355,1.15,1.86,0
2.866666666666667,3.123666666666667,0.45,0.984,18.04,2.32,1
1.65,1.7035,2.233333333333333,2.040833333333333,6.27,0.842,3
2.616666666666667,1.672,2.25,2.027,1.12,5.24,0
1.5,1.280666666666667,1.116666666666667,1.3445,1.89,2.58,1
2.65,2.596333333333333,1.25,1.259833333333333,2.1,2.2,3
2.05,1.430833333333333,3.15,2.361833333333333,6.12,1.83,3
2.366666666666667,1.301666666666667,0.75,0.6851666666666667,6.27,2.1,2
0,1.340333333333333,1.2,1.107333333333333,4.72,2.58,1
1.566666666666667,1.813166666666667,2.483333333333333,2.2885,2.2,1.12,4
2.083333333333333,1.716,0.7,1.107833333333333,5.24,6.12,0
1.783333333333333,1.2095,0.7833333333333333,2.106666666666666,1.86,2.3,0
1.95,1.227666666666667,2.816666666666666,2.742666666666667,0.842,1.15,0
3.45,2.868333333333333,1.233333333333333,0.894,10.36,18.04,1
1.983333333333333,2.115166666666667,4.25,3.441166666666667,2.32,2.5,2
1.483333333333333,1.4665,0.4,0.8593333333333333,1.83,1.89,1
2.15,2.270166666666666,1.533333333333333,1.327,1.12,2.1,1
1.95,1.422833333333334,1.15,2.080166666666666,2.58,1.86,0
0.5,1.490833333333333,1.333333333333333,1.5825,4.72,2.32,1
1.666666666666667,1.2495,3.35,2.8555,2.5,1.83,2
1.1,1.179666666666666,1.6,1.672666666666667,1.15,5.24,1
1.933333333333333,1.456166666666667,1.266666666666667,1.1605,1.89,10.36,2
1.483333333333333,2.1785,3.016666666666667,1.591166666666667,18.04,6.27,2
2.1,1.8695,2.2,1.339333333333333,6.12,0.842,3
1.4,1.617166666666667,2.6,2.520333333333333,2.3,2.2,2
2.483333333333333,2.166166666666666,1.283333333333333,1.358166666666667,2.2,18.04,1
1.45,1.0945,0.7,1.842666666666667,5.24,2.3,2
2.083333333333333,2.238166666666667,1.916666666666667,1.047166666666667,10.36,4.72,4
2.316666666666666,1.843166666666667,4.283333333333333,2.582166666666667,6.27,1.12,1
1.616666666666667,1.806833333333333,0.5833333333333333,1.215333333333333,2.32,2.58,4
1.783333333333333,1.458833333333333,1.4,1.625333333333333,1.83,1.15,2
4.15,2.404666666666667,0.75,1.1415,2.1,6.12,2
1,1.533333333333333,3.516666666666667,2.686833333333333,0.842,2.5,0
0.7,1.055666666666667,0.8333333333333333,1.460333333333333,1.86,1.89,1
1.866666666666667,1.002,1.033333333333333,2.286666666666667,1.89,2.32,0
1.333333333333333,1.325666666666667,2.85,2.399,1.12,0.842,1
0.5,1.613833333333333,1.566666666666667,0.9715,2.58,10.36,1
2.566666666666666,2.377333333333334,0.5,1.131333333333333,2.5,1.86,1
1.083333333333333,2.193,1.533333333333333,1.356166666666667,1.15,2.1,1
2.366666666666667,1.935833333333333,2.083333333333333,2.469,18.04,5.24,5
2.766666666666667,2.007333333333333,2.266666666666667,2.248333333333333,2.3,1.83,0
1.083333333333333,1.622166666666667,3.266666666666667,2.594333333333333,4.72,2.2,1
2.35,2.325,2.316666666666666,1.317833333333333,6.12,6.27,0
1.983333333333333,1.499833333333333,1.333333333333333,1.056833333333333,2.32,10.36,2
0.3333333333333333,1.045833333333333,1.983333333333333,1.351166666666667,1.86,4.72,1
1.866666666666667,1.940166666666667,2.033333333333333,1.630833333333333,1.83,2.58,1
2.266666666666667,2.085166666666666,1.416666666666667,1.665,2.1,2.3,2
1.283333333333333,1.633166666666667,2.133333333333333,2.382833333333333,6.12,1.12,1
1.383333333333333,1.307,0.9,1.4315,2.2,2.5,3
0.9166666666666666,0.7689999999999999,0.7833333333333333,0.9518333333333333,5.24,1.89,1
0.25,1.1935,0.7833333333333333,0.9974999999999999,0.842,18.04,0
1.483333333333333,2.405833333333333,0.9166666666666666,2.012666666666667,6.27,1.15,1
0.65,1.123833333333333,1.983333333333333,1.316,1.89,2.2,3
0.7833333333333333,0.8125,2.616666666666667,2.547166666666667,4.72,5.24,1
1.733333333333333,1.710666666666667,1.533333333333333,1.764,2.5,6.12,2
2.533333333333333,1.923166666666666,0.5833333333333333,0.8121666666666666,10.36,1.86,1
1.783333333333333,2.351333333333333,1.55,1.8895,1.15,1.12,1
2.2,1.5485,1.15,1.807333333333333,2.32,1.83,1
1.15,0.9868333333333333,1.933333333333333,2.222666666666667,2.3,0.842,2
0.8333333333333333,1.966333333333333,1.65,1.866333333333333,2.58,6.27,1
3.316666666666666,2.094666666666666,0.7833333333333333,0.7118333333333333,18.04,2.1,3
1.783333333333333,1.7175,0.2,0.5609999999999999,1.12,18.04,1
1.483333333333333,1.192166666666667,1.616666666666667,1.476833333333333,1.83,10.36,1
1.033333333333333,0.9409999999999999,1.733333333333333,1.7905,6.12,1.15,1
1.733333333333333,2.046333333333333,1.5,1.028166666666667,5.24,2.5,1
1.033333333333333,1.078166666666667,1.166666666666667,1.284666666666667,1.86,2.32,0
0,1.094,2.133333333333333,1.857166666666667,0.842,4.72,0
1.066666666666667,1.370166666666667,0.5333333333333333,1.294833333333334,2.1,1.89,3
1.283333333333333,1.8845,1.316666666666667,1.657166666666667,6.27,2.3,3
1.2,1.210166666666667,1.883333333333333,1.470666666666667,2.2,2.58,0
1.083333333333333,1.536666666666667,1.75,2.3595,6.12,1.89,0
2,2.288666666666667,0.8333333333333333,0.8968333333333333,2.1,2.32,2
1.416666666666667,1.844833333333333,1.533333333333333,1.853,5.24,1.86,1
1.033333333333333,1.375166666666667,1.583333333333333,1.249166666666667,1.15,2.5,3
1.283333333333333,0.8923333333333334,0.5,0.6981666666666666,1.83,18.04,1
0,1.0975,0.7833333333333333,0.9713333333333333,0.842,2.58,1
2.283333333333333,1.976833333333333,0.9166666666666666,1.346833333333333,6.27,4.72,2
1.616666666666667,1.503666666666667,2.2,2.149,1.12,2.3,2
0.75,1.0435,1.533333333333333,1.300333333333333,2.2,10.36,1
1.2,1.268333333333334,2.483333333333333,1.984666666666667,2.5,6.27,1
3.45,2.321666666666667,1.25,1.901333333333333,2.58,5.24,1
1.816666666666667,1.7105,1.45,1.341666666666667,2.32,2.2,4
2.616666666666667,2.004,1.2,1.255333333333333,18.04,6.12,1
1.75,1.814333333333333,1.616666666666667,0.977,4.72,1.12,3
1.333333333333333,1.214166666666667,1.533333333333333,1.419833333333334,2.3,1.15,1
1.816666666666667,2.331333333333333,1.25,1.871666666666667,10.36,2.1,1
1.45,1.53,2.116666666666667,2.030833333333333,1.86,1.83,3
1.25,1.134666666666667,3.7,2.814833333333334,1.89,0.842,2
0.3333333333333333,1.009166666666667,2.033333333333333,2.540166666666667,2.2,1.86,2
1.616666666666667,1.485833333333333,0.75,1.306666666666667,6.27,1.89,3
0.3333333333333333,1.061,0.7833333333333333,0.6676666666666667,0.842,10.36,2
1.416666666666667,1.321333333333333,1.45,0.9763333333333334,2.1,2.5,0
1.2,1.119333333333333,1.083333333333333,0.9146666666666667,1.15,18.04,0
1.783333333333333,1.691666666666667,1.066666666666667,1.440333333333333,1.83,4.72,0
0.95,1.264666666666667,1.416666666666667,1.235166666666667,6.12,2.3,2
0.9833333333333334,1.553666666666667,0.8666666666666667,1.165833333333333,5.24,2.32,2
1.316666666666667,0.9666666666666667,0.5333333333333333,1.2425,1.12,2.58,2
1.5,1.345833333333333,1.283333333333333,1.394666666666667,1.86,6.27,1
0.9166666666666666,1.344,1.783333333333333,1.7415,1.89,1.15,0
2.483333333333333,1.8205,2.666666666666667,2.2465,2.32,0.842,2
1.25,1.388,2.4,1.930333333333333,2.2,1.83,0
0.7833333333333333,0.9305000000000001,0.7833333333333333,0.855,2.3,18.04,1
1.483333333333333,2.2795,1.333333333333333,1.473166666666667,10.36,5.24,3
2.083333333333333,1.363166666666667,2.15,1.7425,2.5,1.12,2
2.25,2.009,2.083333333333333,2.1015,4.72,2.1,1
2.333333333333333,2.166166666666667,0.5833333333333333,0.9023333333333334,2.58,6.12,1
0.8666666666666667,1.340666666666667,1.483333333333333,1.402,5.24,1.83,1
0.8666666666666667,1.177833333333333,2.866666666666667,3.073166666666666,0.842,1.86,1
1.4,1.160166666666667,1.366666666666667,1.667,2.1,2.58,3
2.066666666666666,1.0415,0.8666666666666667,0.9018333333333333,1.12,10.36,0
2.9,2.859666666666667,2.2,1.264833333333333,6.27,2.2,0
1.816666666666667,1.7045,1.6,1.285666666666667,18.04,2.5,8
0.95,0.9668333333333334,2,1.718166666666667,2.3,1.89,2
1.6,1.245666666666667,1.4,1.178833333333333,1.15,4.72,0
1.416666666666667,1.649833333333333,1.066666666666667,1.457666666666667,6.12,2.32,1
1.933333333333333,1.820833333333333,1.783333333333333,1.807333333333333,1.86,2.1,2
1.5,1.561666666666667,2.45,1.8205,2.2,5.24,1
1.283333333333333,1.123,0.5333333333333333,0.721,2.58,18.04,0
2.066666666666666,1.442666666666667,2.316666666666666,2.154166666666667,1.83,0.842,2
2.216666666666667,1.735166666666667,1.7,1.921166666666667,2.32,1.15,5
2.95,4.1915,1.533333333333333,1.545833333333333,10.36,6.27,6
2.183333333333334,1.745333333333333,1.033333333333333,0.9419999999999999,4.72,6.12,4
0.4,1.619166666666667,3.016666666666667,3.893666666666666,1.89,1.12,1
1.616666666666667,1.251666666666667,0.8333333333333333,1.108166666666667,2.5,2.3,1
2.35,1.979666666666666,0.5333333333333333,2.025666666666667,6.27,1.83,1
4.816666666666666,2.709666666666667,2.766666666666667,1.917166666666667,18.04,1.89,3
0.7333333333333334,1.532666666666667,1,0.9376666666666666,0.842,2.2,2
1.9,1.347666666666667,1.733333333333333,1.019333333333333,1.12,2.32,1
2.5,1.473333333333333,2.116666666666667,1.624,2.1,5.24,0
0.9166666666666666,0.7901666666666667,1.4,0.8601666666666667,2.3,10.36,2
1.5,1.103833333333333,3.15,1.749333333333333,1.15,2.58,2
1.983333333333333,1.430333333333333,2.483333333333333,2.064666666666667,6.12,1.86,3
1.6,1.132666666666667,1.5,1.345333333333333,2.5,4.72,2
3.85,3.937333333333333,3.166666666666667,2.024,10.36,1.15,1
1.083333333333333,1.672,2.066666666666666,2.117666666666667,5.24,0.842,1
1.45,0.9350000000000001,1.033333333333333,1.166833333333333,2.58,2.3,4
1.366666666666667,1.546666666666667,1.983333333333333,2.974666666666667,1.86,1.12,1
2.066666666666666,1.531166666666667,1.616666666666667,1.579666666666667,1.83,2.1,3
2.816666666666667,2.0435,3.2,2.745833333333334,2.32,6.27,1
0.3333333333333333,1.513166666666667,2.9,1.878,1.89,2.5,0
1.333333333333333,1.477833333333333,1.783333333333333,1.819166666666666,2.2,6.12,0
2.533333333333333,2.229666666666667,0.2,0.6785,4.72,18.04,0
2.066666666666666,1.6755,1.033333333333333,1.124333333333333,2.3,2.32,1
0.9166666666666666,0.7726666666666666,3.016666666666667,1.917166666666667,2.5,2.58,2
3.85,3.213166666666667,2.2,2.257666666666667,18.04,1.86,6
2.2,2.162666666666667,1.166666666666667,1.4915,6.12,10.36,1
1.333333333333333,1.377333333333333,0.5333333333333333,1.735666666666667,1.12,1.83,2
1.1,1.074666666666666,1.733333333333333,2.437333333333333,2.1,0.842,4
0.25,1.3125,1.666666666666667,2.097666666666667,1.89,4.72,0
1.166666666666667,1.532666666666667,1.416666666666667,1.467833333333334,1.15,2.2,2
0.8333333333333333,1.401166666666667,0.65,1.016666666666667,6.27,5.24,3
2.283333333333333,1.894,0.75,1.317166666666667,10.36,2.5,3
2.333333333333333,1.274333333333333,1.15,1.208833333333333,2.58,1.89,1
4.15,1.623333333333334,1.3,1.543166666666667,1.83,6.12,3
3.083333333333333,2.973666666666666,0,0.5718333333333333,2.32,18.04,1
0.5,1.526,3.283333333333333,2.705666666666667,0.842,6.27,0
0.7333333333333334,0.9035,2.333333333333333,1.297,1.86,1.15,2
0.95,1.114666666666667,1.65,1.579333333333333,2.2,2.1,2
2.283333333333333,2.235,3.283333333333333,1.641,5.24,1.12,0
1.05,1.289833333333333,3.283333333333333,2.348333333333334,4.72,2.3,1
0,1.638333333333333,0.8666666666666667,1.4555,1.89,1.83,2
1.616666666666667,1.51,2.816666666666666,1.912833333333333,1.12,2.2,1
2.833333333333333,2.438833333333333,1.45,1.511,2.1,6.27,1
1.183333333333333,1.574833333333333,1.5,0.9955000000000001,6.12,5.24,4
2.233333333333333,1.262666666666667,0.65,2.180333333333333,2.58,4.72,2
1.066666666666667,1.282833333333333,0.5333333333333333,1.5125,2.5,2.32,2
2.85,3.312666666666666,0.7333333333333334,1.391333333333333,18.04,10.36,4
1.233333333333333,1.293,4.35,3.125666666666667,2.3,1.86,2
2.566666666666666,2.019333333333333,2.783333333333333,3.188333333333333,1.15,0.842,3
1.95,2.017333333333334,1.333333333333333,0.5968333333333333,10.36,1.89,3
0.8666666666666667,1.063833333333333,2.4,1.206666666666667,1.86,2.58,2
0.9166666666666666,1.714166666666667,1.883333333333333,1.946166666666667,2.2,2.3,1
1.45,2.357666666666666,2.116666666666667,1.249833333333333,5.24,1.15,3
2.5,2.436333333333333,1.45,1.567166666666667,2.1,1.12,4
1.783333333333333,2.172833333333333,1.2,1.893166666666667,2.32,4.72,5
1.416666666666667,1.391333333333333,0.8333333333333333,0.8728333333333332,6.27,18.04,0
3.85,1.483833333333333,1.75,2.518833333333333,1.83,2.5,2
1,1.085833333333333,1.75,1.828333333333333,0.842,6.12,2
1.616666666666667,1.431833333333333,2.366666666666667,1.953166666666667,2.58,2.32,1
2.533333333333333,2.931833333333334,1.483333333333333,1.152833333333333,18.04,2.2,2
1.566666666666667,1.181166666666666,2.8,3.9325,2.5,0.842,1
0.8666666666666667,1.025666666666667,2.183333333333333,0.9976666666666666,2.3,5.24,1
1.166666666666667,2.0345,3.116666666666667,2.505166666666667,1.89,1.86,3
2.15,2.0445,1.566666666666667,1.7265,1.15,1.83,2
2.75,1.823666666666667,2.033333333333333,1.511833333333333,4.72,10.36,2
0.9833333333333334,1.227333333333333,0.9333333333333333,2.070833333333333,1.12,6.27,2
2.033333333333333,2.245166666666667,0.5,1.49,6.12,2.1,1
0.9,1.269166666666667,2.016666666666667,1.659833333333333,6.27,6.12,1
3.35,2.795666666666667,1.916666666666667,1.233333333333333,10.36,2.58,0
2.166666666666667,1.508333333333333,1.833333333333333,1.578166666666667,0.842,1.12,3
3.766666666666667,2.2265,0.5333333333333333,1.659833333333333,1.83,2.3,2
2.683333333333333,1.465166666666667,3.9,2.158666666666667,2.1,1.15,0
1.733333333333333,2.010833333333333,3.666666666666667,2.0545,2.2,4.72,1
1.25,2.113166666666667,1.45,1.370666666666667,5.24,18.04,0
1.566666666666667,1.197833333333333,2.516666666666667,2.3865,1.86,2.5,4
2.616666666666667,1.8015,2.2,1.535166666666667,2.32,1.89,1
0.9833333333333334,1.080666666666667,1.316666666666667,1.802333333333333,2.58,1.83,4
1.65,1.507333333333333,4.133333333333333,2.158,1.89,5.24,0
4.466666666666667,2.363666666666667,1.183333333333333,2.375333333333333,18.04,0.842,1
1.95,2.769166666666667,1.483333333333333,1.225666666666667,10.36,2.32,2
3.016666666666667,1.585666666666667,1.65,1.544333333333333,4.72,1.86,1
1.266666666666667,1.810333333333333,2.866666666666667,2.417,1.15,6.27,1
0.7333333333333334,1.481,0.3333333333333333,0.8501666666666665,2.3,2.1,1
0.9833333333333334,0.8873333333333333,1.866666666666667,1.174666666666667,2.5,2.2,0
0.8666666666666667,1.2705,1.533333333333333,1.561333333333333,1.12,6.12,2
1.083333333333333,1.4735,2.15,2.203833333333334,6.27,2.58,2
1.783333333333333,1.7825,2.233333333333333,2.081333333333333,6.12,2.5,1
1.033333333333333,2.046833333333333,2.183333333333334,1.6165,2.2,1.89,4
1.6,1.5395,2.583333333333333,2.395333333333333,5.24,4.72,1
2.483333333333333,1.923833333333334,1.2,1.019333333333333,1.86,10.36,1
3.566666666666666,2.3105,1.85,2.097166666666666,1.83,2.32,3
1.9,1.757666666666667,2.866666666666667,2.4885,0.842,2.3,0
1.5,2.013833333333333,2.1,2.0645,1.12,1.15,1
3.05,2.2005,0.5,1.2285,2.1,18.04,4
1.766666666666667,2.796333333333333,4.233333333333333,2.094333333333333,10.36,1.83,4
1.733333333333333,1.761166666666667,1.533333333333333,2.115,4.72,0.842,2
1.533333333333333,1.457666666666667,2.733333333333333,1.453333333333333,2.3,6.27,2
2.533333333333333,1.746333333333333,1.9,1.4215,2.58,2.2,2
0.7,1.3275,2.2,2.166,2.5,5.24,2
1.233333333333333,1.681833333333333,1.616666666666667,2.202666666666667,1.15,6.12,1
3.283333333333333,1.232333333333334,1.433333333333333,1.808166666666667,2.32,1.86,0
1.6,1.6465,3.033333333333333,2.188166666666667,1.89,2.1,2
1.083333333333333,1.080166666666666,2.633333333333333,2.2275,2.38,2.02,0
1.966666666666667,1.661666666666667,0.8666666666666667,1.536833333333333,7.18,2.29,2
2.733333333333333,0.9618333333333333,2.283333333333333,2.043666666666667,3.43,7.08,2
3.566666666666667,3.679833333333334,1.316666666666667,1.141166666666667,12.84,4.29,6
1.616666666666667,1.563666666666667,3.516666666666667,2.848333333333334,1.63,3.18,0
2.483333333333333,1.693,2.866666666666667,3.079666666666666,8.35,2.06,3
1.1,1.537166666666667,1.266666666666667,0.7621666666666667,7.08,8.35,1
1.666666666666667,1.431833333333333,0.5333333333333333,1.856833333333333,4.29,1.63,2
1.533333333333333,0.9135,2.2,1.887,4.57,2.32,1
1.283333333333333,1.165333333333333,1.266666666666667,1.078833333333333,2.29,2.17,2
1.433333333333333,1.256833333333333,0.5,0.8363333333333334,1.65,12.84,1
0,0.6298333333333334,1.033333333333333,1.0525,2.06,2.38,0
0.3333333333333333,1.598833333333333,0.9166666666666666,1.310333333333333,2.02,3.43,3
1.116666666666667,0.6016666666666667,1.4,0.9211666666666666,2.81,16.06,2
0,1.375333333333333,1.333333333333333,1.299833333333333,3.18,7.18,1
0.7,0.9376666666666666,2.25,3.105833333333333,2.17,3.18,2
3.216666666666667,3.034,2.05,1.495833333333333,16.06,2.02,5
2.616666666666667,1.111,1.2,1.630666666666667,3.43,1.65,2
1.7,1.227,2.116666666666667,1.821,2.81,7.08,0
1.333333333333333,1.265333333333333,2.15,2.266666666666667,2.32,2.06,3
1.15,1.855833333333333,1.566666666666667,1.562666666666667,1.63,2.29,1
4.75,4.148333333333333,1.483333333333333,1.465,12.84,7.18,2
2.55,1.924166666666667,1.616666666666667,1.7385,8.35,4.57,2
0.45,1.166833333333333,2.9,2.571333333333333,2.38,4.29,0
1.333333333333333,1.623666666666667,1.933333333333333,1.568666666666667,7.08,2.32,2
2.666666666666667,2.815833333333334,1.566666666666667,1.489166666666667,7.18,2.17,1
2.316666666666666,2.001666666666666,1.733333333333333,0.8766666666666667,4.29,8.35,1
2.116666666666667,1.217666666666667,2.083333333333333,1.859666666666667,2.29,12.84,2
1.533333333333333,1.159166666666667,1.866666666666667,2.062166666666667,1.65,1.63,1
1,1.463,1.166666666666667,1.077833333333333,2.06,16.06,0
0.8333333333333333,1.882166666666667,1.2,1.464,3.18,2.38,0
1.2,1.384666666666667,2.116666666666667,1.809333333333333,2.02,2.81,1
2.033333333333333,1.028166666666667,2.4,1.360666666666667,4.57,3.43,1
1.45,1.177666666666667,1.983333333333333,1.791666666666667,2.32,2.29,1
2.066666666666666,2.0215,3.95,2.937166666666667,3.43,4.29,1
1,1.448,2.1,2.152166666666667,2.81,2.06,2
1.916666666666667,1.874666666666667,1.816666666666667,2.136333333333333,7.08,4.57,1
4.016666666666667,2.366333333333333,1.166666666666667,2.252,8.35,3.18,2
1.583333333333333,1.231166666666667,2.45,2.650666666666667,1.63,12.84,4
3.066666666666667,2.5255,1.116666666666667,1.451333333333333,16.06,7.18,2
0,1.373166666666667,2.166666666666667,1.613,2.38,1.65,0
0.9166666666666666,1.343,2.666666666666667,1.8865,2.17,2.02,3
2.066666666666666,1.584333333333333,2,2.5595,2.29,2.38,2
1.483333333333333,1.6625,2.233333333333333,1.391666666666667,7.18,1.63,2
0.9333333333333333,1.389166666666667,0.7,0.9255,2.02,7.08,0
2.733333333333333,2.560833333333333,1.866666666666667,1.467166666666667,4.29,2.32,1
2.533333333333333,2.129666666666667,1.533333333333333,1.612333333333333,1.65,8.35,1
1,1.227833333333333,0.9833333333333334,1.016,2.06,2.17,3
2.566666666666666,2.037166666666666,0.4,0.6278333333333334,12.84,16.06,1
0.95,1.688,2.933333333333334,1.818333333333333,3.18,3.43,0
1.533333333333333,1.301333333333333,1.733333333333333,2.196166666666667,4.57,2.81,3
1.9,1.653833333333333,3.933333333333334,2.583,2.17,12.84,2
3.416666666666667,2.213,1.4,1.519,16.06,1.65,3
2.483333333333333,2.737333333333333,1.533333333333333,1.285833333333333,3.43,2.29,1
2.816666666666666,1.915,1.566666666666667,1.6395,8.35,7.18,2
1.433333333333333,0.9083333333333333,2.566666666666666,2.6655,2.32,3.18,1
2.483333333333333,2.035666666666667,2.75,1.603833333333333,4.57,2.02,3
2.416666666666667,1.485166666666667,2.083333333333333,1.642333333333333,2.81,4.29,2
1.733333333333333,1.6725,2.016666666666667,1.711666666666666,7.08,2.06,2
0.5,1.4315,2.316666666666666,1.599333333333333,2.38,1.63,4
1.733333333333333,1.566666666666667,1.7,1.794833333333333,1.63,2.17,1
1.733333333333333,2.1555,0.25,1.055,12.84,7.08,4
1.866666666666667,1.883166666666667,1.416666666666667,2.2675,7.18,2.38,2
0.7,1.3205,0.9833333333333334,1.023833333333333,2.02,2.32,2
1.816666666666667,1.5205,1.783333333333333,2.1975,2.29,8.35,0
1.283333333333333,1.4845,1.95,1.640666666666667,1.65,4.57,2
3.283333333333333,2.255833333333333,0.3333333333333333,0.8795000000000001,4.29,16.06,2
1.25,1.337833333333333,1.45,1.219166666666667,2.06,3.43,3
0.25,1.149166666666667,3.45,2.6505,3.18,2.81,0
1.333333333333333,1.448666666666667,1.316666666666667,1.469333333333333,2.02,2.06,0
2.65,1.818,2.733333333333333,2.300833333333333,16.06,1.63,3
1.283333333333333,1.714666666666667,1.316666666666667,1.6755,3.43,7.18,4
1.583333333333333,1.888333333333334,1.583333333333333,2.083666666666667,2.38,2.17,1
1.816666666666667,1.5905,4.216666666666667,1.793,8.35,12.84,1
1.283333333333333,1.101833333333333,1.75,1.2475,2.32,1.65,1
3.116666666666667,1.793833333333333,2.483333333333333,2.626333333333333,7.08,3.18,2
2.816666666666666,2.3285,1.283333333333333,1.232666666666667,2.81,2.29,1
2.45,1.534333333333333,1.616666666666667,1.5655,4.57,4.29,3
1.033333333333333,1.619,1.2,1.611166666666666,2.17,8.35,0
2.283333333333333,2.197166666666667,1.066666666666667,1.5665,12.84,2.38,1
1.566666666666667,1.3575,2.366666666666667,2.008,7.18,2.32,2
1.6,1.432333333333333,1.516666666666667,1.903,2.06,4.57,0
1.65,0.9506666666666667,1.366666666666667,1.698,2.29,16.06,0
1.866666666666667,2.093,2.333333333333333,2.121666666666667,4.29,7.08,1
1,1.513666666666666,1.283333333333333,1.091666666666667,3.18,2.02,3
1.033333333333333,1.603166666666667,1.25,1.025333333333333,1.63,3.43,2
2.366666666666667,2.147,2.6,1.456666666666667,1.65,2.81,1
1.85,1.004166666666667,2.733333333333333,1.798166666666667,4.57,7.18,1
2.7,2.649166666666667,2.15,1.550666666666667,2.02,4.29,1
0.75,1.226833333333333,1.283333333333333,1.060333333333333,2.06,2.29,1
1.783333333333333,1.300833333333333,2.733333333333333,1.743833333333333,2.32,12.84,0
1.533333333333333,1.356166666666667,1.783333333333333,2.019666666666667,3.43,2.17,1
2.35,2.079,3.366666666666667,3.328333333333334,16.06,3.18,1
1.733333333333333,1.672333333333333,2.05,2.5865,2.81,1.63,3
2.566666666666666,1.896833333333333,1.683333333333333,0.9548333333333334,7.08,1.65,3
1.983333333333333,2.247333333333333,1,1.789333333333333,8.35,2.38,1
0.7333333333333334,1.4385,1,0.907,4.29,2.06,3
1.5,1.259666666666666,0.9,1.3725,3.18,4.57,1
2.483333333333333,2.215833333333333,1.2,0.8536666666666667,1.65,2.02,3
1.5,0.9263333333333333,2.633333333333333,2.208,2.29,7.08,2
0.9166666666666666,0.8298333333333333,2.816666666666666,2.340166666666667,2.38,2.32,2
0.2,1.044666666666667,0.65,1.009333333333333,2.17,16.06,0
2.383333333333333,2.398833333333333,1.266666666666667,1.238666666666667,12.84,3.43,2
1.616666666666667,2.087666666666667,0.25,0.6971666666666667,1.63,8.35,4
1.566666666666667,0.9806666666666668,1.333333333333333,1.741333333333333,7.18,2.81,2
3.033333333333333,2.709166666666667,0.2,0.9885,8.35,16.06,1
1.7,1.060333333333333,1.5,2.325166666666667,2.38,3.43,1
2.066666666666666,1.3115,2.25,2.005333333333334,2.29,2.02,1
3.016666666666667,2.7905,2.166666666666667,1.8835,1.65,2.06,1
3.033333333333333,2.3085,2.766666666666667,2.023833333333333,1.63,2.32,3
0,1.083166666666667,1.983333333333333,2.4565,2.17,2.81,1
1.833333333333333,1.896833333333333,2.316666666666666,2.0275,7.18,7.08,3
1.65,2.005,1.683333333333333,1.336833333333333,3.18,4.29,2
2.116666666666667,3.060833333333333,0.8333333333333333,1.867833333333333,12.84,4.57,0
1.95,1.9,0.7333333333333334,1.103,2.81,12.84,1
1.083333333333333,1.77,2.833333333333333,1.616166666666667,3.43,8.35,1
2.55,1.8345,2.15,1.7385,2.02,7.18,2
1.7,2.328333333333333,1.95,1.5525,4.29,1.65,2
2.066666666666666,0.9460000000000001,0.9833333333333334,1.897,2.32,2.17,3
0.25,1.348833333333333,1.616666666666667,1.2845,4.57,2.29,1
0.5833333333333333,1.0035,1.55,2.960333333333333,2.06,3.18,0
2.283333333333333,2.132,1.616666666666667,1.9465,16.06,2.38,4
2.116666666666667,1.6815,3.083333333333333,1.695,7.08,1.63,1
2.733333333333333,2.079833333333334,1.116666666666667,1.7035,2.29,4.29,2
1.4,2.927333333333333,1.583333333333333,1.759833333333333,12.84,2.02,2
3.45,2.469666666666666,2.833333333333333,2.892333333333333,16.06,3.43,5
1.916666666666667,1.91,2.35,1.8795,3.18,1.65,1
2.2,2.0685,2.483333333333333,1.9965,7.18,2.06,1
1.333333333333333,0.8523333333333334,2.4,2.0245,2.17,7.08,0
1.833333333333333,1.603333333333333,1.533333333333333,1.963833333333333,2.38,2.81,0
3.533333333333333,2.278166666666667,2.9,1.664,8.35,2.32,2
2.7,1.973,1.95,2.439333333333333,1.63,4.57,0
1.866666666666667,1.819,1.533333333333333,1.085666666666667,3.18,12.84,2
0.9333333333333333,1.288666666666667,4.483333333333333,3.446833333333333,2.81,3.43,1
2.516666666666667,0.9915,1.883333333333333,1.091833333333333,2.02,8.35,0
1.983333333333333,2.031833333333333,1.983333333333333,1.5625,7.08,2.38,1
1.9,1.1775,1.916666666666667,1.171666666666667,2.32,16.06,0
0.8333333333333333,0.77,2.2,2.653,4.57,2.17,1
1.516666666666667,2.3,2.016666666666667,1.1795,4.29,7.18,0
1.35,1.701666666666667,0.9833333333333334,1.3935,1.65,2.29,3
0.7,0.999,2.133333333333333,0.8598333333333333,2.06,1.63,1
1.683333333333333,1.840166666666667,0.8333333333333333,0.9511666666666667,7.18,1.65,2
1.866666666666667,1.554,0.95,2.0185,8.35,2.81,0
1.35,1.41,1.116666666666667,1.156166666666667,1.63,2.02,2
2.416666666666667,2.356166666666667,1.533333333333333,1.540666666666667,12.84,2.06,2
1.616666666666667,1.792,2.766666666666667,1.85,3.43,2.32,4
1.616666666666667,1.428666666666667,2.033333333333333,2.084,2.29,3.18,4
4.266666666666667,2.527166666666667,1.85,1.892666666666666,16.06,7.08,2
1.2,1.332666666666667,1.566666666666667,1.862166666666667,2.17,4.29,1
1.7,2.184,1.25,2.147,2.38,4.57,3
1.533333333333333,1.244166666666667,3.566666666666666,2.549,2.81,2.32,0
2.316666666666666,1.831,1.283333333333333,1.303833333333333,3.18,1.63,1
1.4,1.144666666666667,1.633333333333333,1.612166666666667,2.02,2.38,1
0.5833333333333333,1.165833333333333,1.2,0.8596666666666667,2.06,8.35,1
1.283333333333333,1.2665,1.4,1.250333333333333,4.57,16.06,1
1.533333333333333,1.484666666666667,3.383333333333333,2.291666666666667,7.08,3.43,2
1.25,1.962833333333333,1.433333333333333,1.639,1.65,2.17,0
0.4,1.398,1.366666666666667,1.265,4.29,12.84,0
3.1,2.032666666666667,0.65,1.2505,2.29,7.18,2
1.666666666666667,1.401333333333334,2.25,2.616,2.32,4.57,1
3.166666666666667,2.988,1.25,1.957,16.06,2.81,0
2.483333333333333,1.957333333333334,1.066666666666667,0.8243333333333334,3.43,2.02,1
1.083333333333333,1.481666666666667,1.916666666666667,1.888166666666667,2.17,2.29,1
1.416666666666667,1.366833333333333,1.483333333333333,1.034666666666667,1.63,4.29,0
1.5,1.3445,2.116666666666667,2.4275,2.38,2.06,1
1.4,2.075,1.666666666666667,1.2225,8.35,7.08,0
1.616666666666667,1.565,2.783333333333333,2.162166666666667,7.18,3.18,1
2.316666666666666,1.7785,1.366666666666667,1.6215,12.84,1.65,1
0.5,1.783166666666667,0.7833333333333333,1.258,4.29,2.38,2
2.116666666666667,1.711333333333333,0.8666666666666667,2.038666666666667,7.08,2.81,1
1.666666666666667,1.3625,1.283333333333333,1.441,2.29,1.63,1
1.1,1.488166666666667,1.866666666666667,1.460833333333333,1.65,3.43,0
0.5333333333333333,0.7901666666666667,1.9,1.710666666666667,2.06,2.32,0
1.283333333333333,1.218666666666667,1.833333333333333,1.622666666666666,4.57,8.35,1
1.533333333333333,2.055166666666667,0.9,1.646166666666667,7.18,12.84,1
2.233333333333333,1.4645,0.2,0.5161666666666667,3.18,2.17,2
1.083333333333333,1.551,0.5833333333333333,0.6556666666666667,2.02,16.06,0
1.233333333333333,1.056666666666667,0.65,0.9874999999999999,2.32,7.08,0
2.9,2.595833333333333,1.233333333333333,1.550166666666667,16.06,2.06,6
2.383333333333333,1.825166666666667,2.433333333333334,2.317166666666666,3.43,4.57,3
0.65,1.603166666666667,1.983333333333333,2.06,1.63,1.65,1
0.4,0.8088333333333333,2.733333333333333,1.463166666666667,2.81,2.02,0
1.5,2.0095,1.45,1.936666666666667,8.35,4.29,2
2.283333333333333,1.385,1.666666666666667,1.841166666666667,2.17,7.18,0
1.483333333333333,1.836,0.9833333333333334,1.4645,12.84,2.29,3
1.933333333333333,1.612166666666667,2.883333333333333,1.750833333333333,2.38,3.18,3
0.45,0.9191666666666667,0.6666666666666666,0.859,2.02,2.17,1
1.733333333333333,1.733333333333333,0.75,1.022833333333333,2.29,2.32,3
0.9166666666666666,1.719166666666667,0.65,0.7501666666666666,4.29,3.43,3
0.2,0.7998333333333334,0.7333333333333334,0.919,2.06,2.81,1
1.75,1.538166666666667,1.366666666666667,1.234166666666667,1.65,2.38,1
0.7833333333333333,0.5281666666666667,0.2,0.7713333333333333,4.57,7.08,0
2.283333333333333,1.565333333333333,2.283333333333333,2.193833333333333,12.84,1.63,1
1.866666666666667,0.9755,1.033333333333333,1.073166666666667,3.18,8.35,2
0.7833333333333333,1.334166666666667,0.2,0.2806666666666666,7.18,16.06,2
3.5,3.1695,1.116666666666667,1.202,16.06,12.84,6
1.483333333333333,1.2005,2.2,1.7795,7.08,2.02,2
1,1.8325,2.2,1.7865,2.81,4.57,0
3.2,2.157,1.95,1.2045,3.43,3.18,6
1.166666666666667,1.7115,2.533333333333333,2.081666666666667,8.35,1.65,0
0.3333333333333333,1.201666666666667,1.15,1.753666666666667,1.63,7.18,2
1.95,1.704166666666667,3.2,3.1305,2.17,2.06,1
3.2,2.263,1.2,1.276666666666667,2.38,2.29,2
0.2,0.6848333333333334,2.666666666666667,2.955,2.32,4.29,0
1.25,1.231,1.483333333333333,1.063333333333333,1.63,2.38,2
1.316666666666667,1.235,1.25,1.439166666666667,3.18,2.32,1
0.3333333333333333,0.3789999999999999,1.483333333333333,1.380833333333333,2.02,4.57,0
1.4,1.644166666666667,0.5333333333333333,0.986,4.29,2.81,2
1.083333333333333,0.9618333333333333,0.6666666666666666,1.268166666666667,1.65,16.06,1
0.8333333333333333,1.0625,0,0.9531666666666667,2.06,7.08,3
1.283333333333333,1.710333333333333,1.233333333333333,0.9550000000000001,12.84,2.17,3
2.2,1.858166666666667,1,1.325166666666667,2.29,3.43,1
2.366666666666667,2.844666666666666,0.8666666666666667,0.8675,7.18,8.35,1
1,1.171,2.95,2.168833333333334,4.57,1.65,0
3.85,2.156166666666667,3.033333333333333,2.632333333333333,3.43,2.06,2
1,2.099333333333333,3.1,1.924166666666667,2.81,3.18,2
2.4,2.046833333333333,1.766666666666667,1.055166666666667,8.35,2.29,4
0.8333333333333333,1.299333333333333,2.35,2.963,2.17,1.63,1
5.45,4.027333333333333,1.65,2.4685,16.06,4.29,5
2.116666666666667,1.730333333333333,2.4,2.249333333333333,7.08,12.84,2
2.516666666666667,2.099166666666667,2.916666666666667,2.127666666666666,2.38,7.18,1
0.5,0.9855,2.166666666666667,1.644333333333333,2.32,2.02,2
1.766666666666667,1.201666666666667,0.2,0.8608333333333333,4.29,4.57,3
1.983333333333333,2.400166666666667,0.9333333333333333,1.4375,7.18,3.43,2
1.683333333333333,1.669,1.366666666666667,1.635166666666667,2.29,2.81,0
1.45,1.314333333333333,2.566666666666666,2.093166666666667,2.06,2.02,1
1.666666666666667,1.190333333333333,1.233333333333333,1.075166666666667,1.63,16.06,0
1.15,1.224833333333333,1.616666666666667,1.393333333333334,2.17,2.38,2
1.2,1.608833333333333,1.233333333333333,1.331666666666667,12.84,8.35,4
0.5333333333333333,0.5866666666666667,0.9333333333333333,1.210666666666667,1.65,2.32,2
1.233333333333333,1.644166666666667,1,1.599333333333333,3.18,7.08,2
4.616666666666667,3.639,2.683333333333334,2.358833333333333,3.43,1.63,3
5.366666666666667,3.625,3.483333333333333,1.975666666666667,16.06,2.29,4
2.416666666666667,1.9715,1,1.164333333333333,2.81,1.65,2
0,0.9198333333333333,3.116666666666667,2.7115,2.02,3.18,3
2.566666666666666,2.321666666666666,1.916666666666667,1.9135,7.08,4.29,1
0.5,0.7573333333333333,1.366666666666667,2.168,4.57,2.06,1
2.333333333333333,1.770166666666666,1.283333333333333,0.9016666666666668,8.35,2.17,0
0.9166666666666666,1.230166666666667,4.233333333333333,2.8705,2.32,7.18,3
0.9833333333333334,1.1915,1.866666666666667,1.564166666666667,2.38,12.84,1
1.866666666666667,1.118833333333333,1.766666666666667,1.8555,1.65,7.08,1
1.15,1.13,1.65,1.362666666666667,1.63,2.81,3
1.416666666666667,1.346166666666667,1.366666666666667,1.616,2.17,3.43,2
2.433333333333333,2.9725,0.8666666666666667,1.432833333333333,12.84,2.32,1
1.116666666666667,1.6435,2.5,2.382833333333333,7.18,4.57,4
2.116666666666667,1.542,0.95,0.9330000000000001,3.18,16.06,1
0.95,1.3545,2.283333333333333,2.026,2.38,8.35,0
2.15,1.884333333333333,2.233333333333333,1.902666666666667,4.29,2.02,3
0.95,1.592666666666667,1.4,1.897,2.29,2.06,3
4.583333333333333,3.187833333333333,0.2,1.5935,16.06,2.17,1
2.65,2.776,1.733333333333333,1.2895,3.43,12.84,3
2.316666666666666,1.74,2.95,2.121333333333333,2.81,7.18,2
1.5,2.155666666666667,1.666666666666667,1.7255,2.02,1.65,2
2.233333333333333,2.222833333333333,2.883333333333333,1.945333333333333,7.08,2.29,1
0.8,1.8795,2.45,1.8375,8.35,1.63,3
1.25,1.8955,1.833333333333333,1.850333333333333,2.06,4.29,2
2.4,1.812833333333333,1.033333333333333,2.012166666666666,2.32,2.38,1
0.8333333333333333,0.8463333333333334,3.4,3.479166666666667,4.57,3.18,4