1.233333333333333,1.148,3.116666666666667,2.028,2.01,1.72,4
2.283333333333333,1.279833333333333,1.433333333333333,1.366166666666667,1.35,4.13,0
1.316666666666667,1.51,2.066666666666666,1.587333333333333,1.2,1.81,1
2.166666666666667,1.459333333333333,1.916666666666667,2.102833333333333,6.49,1.7,2
1.666666666666667,2.274666666666667,3.65,2.27,0.891,1.35,3
2.883333333333333,1.5585,1.166666666666667,1.6475,1.72,2.36,1
1.566666666666667,0.9648333333333334,2.616666666666667,2.807833333333333,2.81,1.89,1
2.583333333333333,1.095833333333333,2.6,2.138333333333333,2.01,0.962,1
2.6,2.335833333333333,1.9,2.0065,4.13,2.18,3
3.15,2.670333333333334,0.3333333333333333,0.5255,10.22,6.06,3
0.75,1.7125,2.25,2.041,4.97,7.08,3
1.5,1.762,1.483333333333333,1.334,8.32,1.88,2
2.566666666666666,2.293166666666667,2.433333333333334,1.987666666666667,6.06,1.7,3
1,1.260333333333333,1,1.280166666666667,2.18,10.22,1
2.033333333333333,1.985166666666667,1.45,1.864666666666667,4.97,4.13,0
0.95,1.080166666666667,1.983333333333333,1.786833333333333,1.35,0.962,2
1.2,1.298166666666667,1.033333333333333,1.447166666666666,1.2,6.49,1
0,0.9666666666666666,3.233333333333333,1.715833333333333,1.89,1.72,1
1.583333333333333,2.404666666666667,0.25,0.5611666666666666,1.81,2.81,2
1.333333333333333,1.400666666666667,1.166666666666667,1.988,1.88,2.01,1
1.033333333333333,1.291833333333333,1.45,0.8738333333333334,7.08,8.32,2
1.7,1.594666666666667,1.233333333333333,0.993,2.36,0.891,1
2.15,2.271833333333333,1.983333333333333,2.265,0.891,1.81,0
1.033333333333333,1.086,1.75,2.063333333333333,1.72,2.18,1
1.983333333333333,2.215166666666667,1.2,1.330166666666666,2.81,6.06,0
1.533333333333333,1.217,1.483333333333333,1.626166666666667,2.01,1.89,2
2.85,3.105166666666666,3.1,2.144333333333333,10.22,1.35,2
0.45,0.6073333333333334,1.483333333333333,1.6135,1.7,2.36,1
2.516666666666667,2.299333333333333,2.4,2.7565,8.32,1.2,6
3,2.261333333333333,1.116666666666667,2.051833333333333,4.13,1.88,2
1.083333333333333,1.546166666666667,3,2.170666666666667,0.962,7.08,0
2.816666666666666,1.959333333333333,1.25,1.428666666666667,6.49,4.97,1
2.333333333333333,1.642833333333333,2.533333333333333,1.211333333333333,2.18,0.891,3
1.283333333333333,1.023833333333333,3.133333333333333,1.931166666666667,1.88,1.72,1
1.366666666666667,1.966666666666667,0.6666666666666666,1.309166666666667,7.08,2.81,1
0.6666666666666666,0.8143333333333334,2.7,2.387333333333333,1.35,1.7,1
1.9,2.058833333333333,1.616666666666667,1.754333333333333,6.06,0.962,2
0.3333333333333333,1.061166666666667,1.916666666666667,1.171166666666667,1.89,8.32,1
3.466666666666667,2.423166666666666,1.033333333333333,1.0535,1.81,6.49,1
1.45,1.174,0.9833333333333334,1.612833333333333,4.97,2.01,3
1.833333333333333,1.885833333333333,0.8333333333333333,0.9828333333333334,2.36,10.22,1
1.583333333333333,1.22,1,1.1735,1.2,4.13,1
3.4,3.742666666666667,0.6,1.181666666666667,8.32,6.06,2
1.35,1.863833333333333,1.15,1.130666666666667,0.891,10.22,0
0.5333333333333333,0.9158333333333333,1.1,1.180666666666667,1.72,7.08,2
0.7,1.613666666666667,0.8333333333333333,1.010666666666667,2.81,4.97,3
1.283333333333333,1.261166666666667,1.366666666666667,1.911166666666667,1.88,1.89,0
0.8666666666666667,0.8296666666666668,0.7833333333333333,1.6075,2.01,2.36,2
0.3333333333333333,0.8099999999999999,1.683333333333333,1.978333333333333,1.7,2.18,0
1.983333333333333,1.401666666666667,1.516666666666667,1.4305,6.49,1.35,0
0.45,1.002166666666667,3.25,2.928666666666667,0.962,1.2,1
2.266666666666667,1.62,1.2,1.275333333333333,4.13,1.81,4
1.95,1.890333333333333,0.8333333333333333,1.8345,2.18,1.89,0
1.9,1.960666666666667,1.783333333333333,1.864333333333333,2.81,6.49,2
2.733333333333333,2.012333333333333,1.45,1.562333333333333,1.81,2.36,1
0.25,0.7206666666666666,1.816666666666667,2.0225,1.7,0.962,2
0.5333333333333333,1.427333333333333,1.583333333333333,1.512333333333333,0.891,4.13,2
1.7,1.923833333333334,1.283333333333333,1.392333333333333,10.22,1.72,7
1.733333333333333,1.544166666666666,3.2,2.303833333333333,1.35,2.01,1
1.75,1.872333333333333,1.233333333333333,1.098333333333333,4.97,8.32,0
0.9833333333333334,1.865833333333333,2.933333333333334,2.335166666666667,7.08,1.2,2
1.266666666666667,1.9005,0.5,0.7765,6.06,1.88,3
0.25,0.5336666666666667,0.6666666666666666,1.419833333333333,1.89,6.06,1
2.483333333333333,1.378166666666667,0.25,0.6256666666666668,4.13,10.22,0
0.45,1.149166666666667,0.45,0.9470000000000001,1.88,2.18,0
1.566666666666667,1.317166666666667,1.15,1.3985,2.01,1.7,1
2.616666666666667,3.612833333333333,2.083333333333333,1.128666666666667,8.32,1.81,3
0.8666666666666667,0.9544999999999999,2.716666666666667,1.815833333333333,1.72,0.891,0
0.8333333333333333,0.8875,1.583333333333333,1.854333333333333,0.962,2.81,1
1.983333333333333,1.889166666666667,1.7,2.032833333333333,1.2,4.97,1
1.45,1.215333333333333,1.666666666666667,1.8975,6.49,7.08,1
2.483333333333333,1.552666666666667,0.9,1.496333333333333,2.36,1.35,1
1.1,1.6695,2.116666666666667,2.514666666666667,2.18,1.2,2
1.166666666666667,1.306333333333333,2.866666666666667,1.5,1.7,4.13,0
1.866666666666667,1.1455,1.2,1.23,0.891,1.89,0
1.366666666666667,1.158333333333333,2.433333333333334,2.7035,6.49,2.01,2
1.533333333333333,2.4585,3.533333333333334,1.530166666666667,1.35,1.72,2
2.533333333333333,2.946,1.583333333333333,1.8765,1.81,4.97,0
1.083333333333333,1.040666666666667,1.333333333333333,2.1625,0.962,2.36,0
4.333333333333334,1.959166666666667,1.5,1.148,10.22,1.88,2
2.4,1.2055,1.666666666666667,1.657666666666667,6.06,7.08,4
1.916666666666667,2.015166666666667,1.7,1.887833333333333,2.81,8.32,1
2.866666666666667,2.805,0.5,0.9156666666666666,4.97,10.22,0
3.416666666666667,1.448166666666667,0.5,1.064833333333333,6.06,2.18,2
0.5,1.488333333333333,1.083333333333333,1.783166666666667,1.88,1.35,2
2.15,2.048333333333333,0.65,1.0045,8.32,0.891,2
0.9,1.346,1.9,0.996,1.72,4.13,1
2.883333333333333,2.331166666666667,1.233333333333333,1.260833333333333,2.36,6.49,1
0.3333333333333333,0.7555000000000001,2.533333333333333,2.2725,1.89,0.962,3
1.833333333333333,1.234333333333333,2.383333333333333,2.7895,7.08,2.01,1
1.65,2.959333333333333,0.5833333333333333,0.7108333333333333,1.81,1.7,0
1.533333333333333,1.380833333333333,1.533333333333333,1.349166666666667,1.2,2.81,1
2.116666666666667,1.592,1.333333333333333,1.788,1.35,2.18,2
1.2,1.298166666666667,1.5,0.8476666666666667,4.13,1.89,3
2.816666666666666,1.5365,1.483333333333333,1.5555,10.22,2.81,1
1.95,1.803333333333333,1.916666666666667,0.8975,2.36,6.06,0
0.8333333333333333,1.3705,3.283333333333333,1.859166666666667,1.72,1.81,0
1.45,1.206333333333333,3.066666666666666,3.1045,2.01,1.2,1
1.45,0.9868333333333333,0.45,1.702166666666667,0.962,4.97,1
1.316666666666667,2.113833333333333,2.083333333333333,2.072166666666667,6.49,8.32,2
1.9,1.715166666666667,2.516666666666667,1.2515,0.891,1.88,0
1.65,1.202333333333333,2.983333333333333,2.0425,1.7,7.08,0
0.6,1.637833333333333,0.75,0.608,1.81,10.22,1
1.516666666666667,1.523333333333333,1.566666666666667,1.458333333333333,8.32,1.72,2
1.866666666666667,1.273166666666667,3.95,3.177833333333333,2.18,0.962,1
2.566666666666666,3.025666666666667,0.5333333333333333,1.0695,6.06,6.49,0
1.783333333333333,1.333333333333333,1.2,1.073333333333333,1.2,1.7,0
1.95,1.615333333333333,2.033333333333333,1.757666666666667,2.81,2.01,2
3.4,2.3875,0.6666666666666666,1.010333333333334,4.97,0.891,1
1.2,1.657333333333334,1.616666666666667,1.394833333333333,1.89,1.35,3
0.9166666666666666,1.155333333333333,0.7,2.914333333333333,1.88,2.36,2
2.033333333333333,1.448666666666667,0.9333333333333333,0.8996666666666667,7.08,4.13,2
2.5,1.463666666666667,1.783333333333333,1.864166666666667,4.13,2.81,3
1.833333333333333,1.4375,0.9,0.5256666666666667,2.01,6.06,0
1.066666666666667,1.523833333333333,1.866666666666667,1.761166666666667,6.49,2.18,1
3.066666666666666,1.492166666666667,2.8,1.538666666666667,1.35,1.81,5
0.45,0.7436666666666667,0.8333333333333333,1.239,1.72,4.97,1
1,1.736,1.983333333333333,1.679,0.891,1.2,0
1.35,1.153666666666667,3,1.660166666666667,2.36,1.89,2
1,0.9596666666666667,1.4,1.0675,1.7,1.88,0
1.333333333333333,0.8445,1.366666666666667,1.195333333333333,0.962,8.32,1
2.233333333333333,1.656666666666667,2.3,1.175166666666667,10.22,7.08,1
1.983333333333333,1.240166666666667,1.866666666666667,1.324833333333333,2.18,2.01,1
1.066666666666667,1.039166666666667,1.2,1.125833333333333,1.88,6.49,1
1.866666666666667,1.495666666666667,1.916666666666667,2.306666666666667,7.08,2.36,3
2.6,1.908666666666667,0.5,0.886,1.89,1.7,1
0.3333333333333333,1.006833333333333,3.933333333333334,2.706166666666666,1.81,0.962,2
1.333333333333333,2.530833333333333,1.65,1.549166666666667,4.97,1.35,4
0.7,1.3115,1.066666666666667,2.8035,1.2,1.72,3
1.15,2.108333333333333,0.8666666666666667,0.7046666666666667,6.06,4.13,2
1.516666666666667,1.076833333333333,0.7333333333333334,1.407833333333333,2.81,0.891,1
3.066666666666666,2.3095,1.083333333333333,0.8908333333333334,8.32,10.22,1
0.25,1.161666666666667,1.333333333333333,1.597666666666667,0.891,7.08,0
4.316666666666666,2.513333333333333,1,1.142166666666667,1.35,6.06,1
3.1,1.947666666666667,2.233333333333333,0.8966666666666667,4.13,8.32,0
1.233333333333333,1.160833333333333,2.516666666666667,2.117666666666667,6.49,1.89,0
1.416666666666667,1.899666666666667,1.483333333333333,1.265833333333333,2.36,2.18,3
0.75,1.129333333333333,2.283333333333333,1.506666666666667,1.7,4.97,1
1.283333333333333,1.329166666666667,0.75,1.138333333333333,0.962,1.88,2
0.8333333333333333,0.6426666666666667,1.7,1.542166666666667,1.72,2.81,0
1.2,1.186166666666667,2.916666666666667,2.341833333333333,2.01,1.81,2
2.783333333333333,1.627166666666667,0.95,1.048666666666667,10.22,1.2,4
1.866666666666667,1.551666666666667,2.283333333333333,2.223333333333334,1.81,2.18,2
1.816666666666666,1.567833333333333,1.333333333333333,1.787833333333333,4.13,6.49,3
1.733333333333333,1.8785,2.433333333333333,2.030666666666667,2.81,1.35,1
1,1.305333333333333,1.433333333333333,1.538833333333333,1.2,1.89,1
0.5833333333333333,0.8941666666666668,3.366666666666667,2.193666666666667,1.72,0.962,1
3.85,1.685333333333333,1.333333333333333,1.540333333333333,10.22,1.7,2
1.65,1.7715,1.533333333333333,2.000166666666667,7.08,1.88,0
2.533333333333333,2.948666666666667,1.166666666666667,1.259333333333333,4.97,6.06,1
0.2,1.091,1.983333333333333,1.424333333333333,0.891,2.01,1
2.233333333333333,1.828666666666667,3.4,2.8065,8.32,2.36,2
2.15,2.267666666666666,1.783333333333333,1.747,2.36,4.97,1
1.533333333333333,1.265833333333333,1.25,1.1105,6.06,0.891,1
2.15,1.6535,0.95,1.523,2.18,7.08,3
1.916666666666667,1.0095,0.45,0.8406666666666667,2.01,10.22,0
2.116666666666667,1.819833333333333,1.333333333333333,0.5475000000000001,0.962,4.13,2
0.5833333333333333,1.2405,1.45,0.9348333333333332,1.7,8.32,1
0.9833333333333334,1.095,2.416666666666667,1.6705,1.89,1.81,2
2.583333333333333,1.879666666666667,1.583333333333333,1.244166666666667,1.35,1.2,2
1.75,1.811333333333333,1.1,1.2935,1.88,2.81,5
0.95,0.7060000000000001,2.416666666666667,2.428166666666667,6.49,1.72,3
1.433333333333333,1.4965,1.2,1.269666666666667,1.2,1.88,1
2.266666666666667,1.765,1.95,2.367833333333333,10.22,6.49,3
2.133333333333333,1.807833333333333,1.033333333333333,2.031,4.97,1.89,3
0.8333333333333333,1.381833333333333,1.983333333333333,1.234333333333333,0.891,0.962,2
2.066666666666666,2.126,1.483333333333333,1.456833333333333,1.81,6.06,1
1.533333333333333,1.469666666666667,2.116666666666667,2.141,2.81,2.18,1
2.116666666666667,2.2325,1.033333333333333,1.567333333333333,8.32,2.01,3
1.1,1.532666666666667,1.883333333333333,1.411166666666667,7.08,1.35,3
1.9,1.566833333333333,2.516666666666667,2.5485,4.13,2.36,0
1.033333333333333,1.349833333333333,2.366666666666667,2.2405,1.72,1.7,0
2.35,2.026333333333334,1.783333333333333,2.146833333333333,2.18,4.97,1
1.116666666666667,1.417833333333333,1.083333333333333,0.7151666666666667,1.35,8.32,3
1.75,1.000333333333333,0.8333333333333333,0.9211666666666667,6.49,0.891,1
4.016666666666667,2.542166666666667,2.316666666666666,1.54,1.88,1.81,1
1.683333333333333,2.313833333333333,2.966666666666667,1.725333333333333,2.36,1.2,5
1.866666666666667,1.751,1.25,1.375833333333333,1.89,7.08,1
1.783333333333333,1.331166666666667,2.4,2.253333333333333,6.06,1.72,0
1.4,0.6908333333333333,1.616666666666667,1.326333333333333,2.01,4.13,0
1.033333333333333,1.520166666666667,2.416666666666667,2.485166666666667,1.7,2.81,2
1.566666666666667,1.364333333333333,0.5,0.5028333333333334,0.962,10.22,2
2.4,2.479666666666667,3.45,2.577333333333334,10.22,1.89,2
1.783333333333333,1.094166666666667,2.116666666666667,1.876666666666667,6.49,0.962,2
1.616666666666667,1.645166666666666,1.4,1.527166666666667,0.891,1.7,3
1.35,1.809,1.95,0.8161666666666667,4.13,1.35,2
1.783333333333333,1.323166666666667,0.7833333333333333,1.1865,1.2,6.06,1
2.95,1.999833333333334,1.083333333333333,0.6131666666666666,4.97,1.88,1
2.4,1.457166666666666,2.483333333333333,1.951,8.32,2.18,2
1.483333333333333,1.611,1.45,1.254833333333333,1.81,7.08,1
1.283333333333333,1.1695,1.65,1.5555,2.81,2.36,1
1.116666666666667,0.9430000000000001,1.283333333333333,1.377666666666667,1.7,6.49,0
1.283333333333333,1.639666666666667,3.316666666666666,1.507,1.81,1.2,1
1.9,1.327833333333333,0.5333333333333333,0.7478333333333333,1.35,0.891,0
1.733333333333333,1.427833333333333,2.416666666666667,2.6125,1.89,2.81,1
1.066666666666667,0.9498333333333334,1.7,1.852666666666666,0.962,2.01,1
1.183333333333333,1.1085,1.15,1.302333333333333,2.18,4.13,0
3.283333333333333,2.338333333333333,1.533333333333333,1.8005,7.08,4.97,0
2.583333333333333,2.283333333333333,1.45,0.6563333333333333,1.88,8.32,1
1.2,1.267,1.416666666666667,0.9613333333333334,6.06,10.22,1
1.783333333333333,2.021666666666667,2.316666666666666,2.161666666666667,2.81,1.81,2
1.116666666666667,1.188166666666667,2.683333333333334,1.566666666666667,6.49,1.2,2
1,1.184333333333333,1.516666666666667,1.247,0.962,1.35,0
0.7,0.8831666666666667,1.033333333333333,0.9531666666666667,1.7,6.06,0
1.65,1.877833333333333,1.366666666666667,1.450666666666667,0.891,2.36,1
0.45,0.8466666666666667,3.266666666666667,2.784333333333334,1.72,1.89,0
0.25,0.5963333333333334,0.7833333333333333,1.235166666666667,2.01,1.88,3
1.516666666666667,0.9996666666666667,1.083333333333333,1.1835,8.32,7.08,2
2.416666666666667,2.9965,0.9833333333333334,1.271833333333333,4.13,4.97,4
2.266666666666667,2.088333333333333,3.116666666666667,3.026666666666667,10.22,2.18,1
0.85,0.9561666666666667,0.9833333333333334,0.5920000000000001,1.35,10.22,0
0.7833333333333333,1.110833333333333,0.7,1.101166666666667,1.81,0.891,1
2.283333333333333,1.945333333333333,0.95,1.3905,2.36,1.7,0
0.2,0.54,0.85,1.42,2.18,1.72,4
0.7833333333333333,1.084333333333333,2.183333333333334,1.6455,1.89,2.01,0
2.316666666666666,1.665666666666667,1.933333333333333,1.317,1.2,8.32,2
2.3,1.940333333333333,0.9,1.027166666666667,7.08,0.962,1
1.783333333333333,1.519,0.25,0.7514999999999999,1.88,4.13,0
1.183333333333333,1.171,1.2,1.2815,4.97,6.49,2
0.5833333333333333,0.9394999999999999,0.9833333333333334,1.643333333333334,6.06,2.81,0
1,1.058833333333333,0.9,0.8031666666666667,1.7,1.35,1
1.566666666666667,1.608333333333333,2.066666666666666,1.635666666666667,6.49,1.81,3
1.433333333333333,1.459833333333333,1.983333333333333,1.6375,0.891,2.18,3
1.483333333333333,1.1605,1.983333333333333,1.627333333333334,10.22,2.36,1
3.483333333333333,3.179833333333333,1.116666666666667,1.490333333333333,4.13,1.2,2
2.366666666666667,1.843166666666667,1.616666666666667,1.084166666666667,2.81,7.08,1
0.75,0.5846666666666667,1.45,1.096833333333333,0.962,6.06,0
1,0.764,2.033333333333333,2.064833333333334,2.01,4.97,2
1.066666666666667,1.189166666666667,0.9,1.342166666666667,8.32,1.89,1
0.5,0.5321666666666667,2.2,1.6955,1.72,1.88,0
0.7,1.370333333333333,1.866666666666667,1.508666666666667,6.06,8.32,1
0.8333333333333333,1.105333333333333,2.333333333333333,1.998666666666667,7.08,1.72,1
1.033333333333333,1.266666666666667,0,0.4153333333333334,1.81,4.13,1
0,1.015333333333333,1.666666666666667,1.6245,1.35,6.49,1
0.7,1.039666666666667,1.416666666666667,1.299333333333333,1.89,1.88,1
0.45,1.214666666666667,1.7,1.398666666666667,2.36,2.01,1
1.566666666666667,1.338166666666667,0.8333333333333333,1.074333333333333,1.2,0.962,3
1.833333333333333,1.301166666666667,0,1.368666666666667,2.18,1.7,1
1.866666666666667,1.398,0.2,1.306333333333333,4.97,2.81,2
1.283333333333333,1.311,1.083333333333333,1.098666666666667,10.22,0.891,2
0.75,0.7136666666666667,1.566666666666667,1.457333333333333,1.72,2.01,1
0.7,1.180666666666667,3.15,3.427833333333334,2.36,1.81,2
1.033333333333333,1.043,0,0.3921666666666667,1.72,10.22,1
2.4,1.499166666666667,1.483333333333333,1.112833333333333,1.2,7.08,0
1.75,0.6941666666666667,0.5,1.574,0.962,1.7,0
3.466666666666667,3.900833333333333,1.783333333333333,1.670666666666667,4.13,0.891,4
0.7333333333333334,1.472,1.716666666666667,1.875833333333333,8.32,4.97,3
0.8333333333333333,1.383166666666667,1.583333333333333,1.594166666666667,2.01,1.35,1
2.066666666666666,1.234,0.5,0.9916666666666666,1.88,6.06,1
0.8333333333333333,0.7956666666666667,1.45,1.257666666666667,1.89,2.18,2
2.65,2.264833333333333,1,1.823833333333333,6.49,2.81,1
1.333333333333333,1.988333333333333,0.65,1.242,2.36,1.72,2
1.15,1.033,1.95,1.883833333333333,2.81,0.962,0
1.116666666666667,1.657,0.3333333333333333,0.6883333333333334,10.22,4.13,2
1.883333333333333,1.279,1.233333333333333,1.638333333333333,2.18,1.88,1
1.15,1.821833333333333,2.483333333333333,1.902166666666667,1.7,2.01,1
0.95,1.2565,1.2,2.040333333333333,0.891,1.72,2
1.833333333333333,1.905,0.45,1.574666666666667,1.35,2.36,2
1.083333333333333,1.9795,1.416666666666667,0.8356666666666667,6.06,1.89,1
0.7833333333333333,1.396833333333333,0.9833333333333334,1.066,1.81,8.32,0
2.033333333333333,1.891333333333333,1.483333333333333,1.5165,7.08,6.49,0
1.566666666666667,1.542333333333333,3,2.093333333333333,4.97,1.2,0
1.033333333333333,0.723,0.7833333333333333,1.612166666666667,2.01,6.49,2
1.25,1.888333333333333,0.8333333333333333,1.131,7.08,6.06,2
1.616666666666667,1.188,3.033333333333333,1.7065,1.89,0.891,2
1.45,1.039,1.533333333333333,1.393,1.72,1.35,1
1.733333333333333,1.882,0.3333333333333333,0.5161666666666667,1.88,10.22,2
1.866666666666667,2.275666666666667,1.283333333333333,1.764333333333334,2.36,0.962,3
2.483333333333333,2.2515,0.75,0.8895,4.13,1.7,1
1.25,1.658,1.766666666666667,1.988,1.2,2.18,3
0.9,1.726333333333333,3.516666666666667,2.954833333333333,4.97,1.81,1
2.7,1.490666666666667,0.8333333333333333,1.14,8.32,2.81,4
1.583333333333333,1.008833333333333,0.7,0.7671666666666667,2.01,7.08,1
1.783333333333333,1.772333333333333,1.583333333333333,1.442666666666667,2.18,6.06,0
2.1,2.405833333333333,1.166666666666667,2.133666666666667,4.13,1.72,4
1.616666666666667,2.351,1.283333333333333,1.781333333333333,1.35,1.88,2
1.1,1.013666666666667,1.983333333333333,1.959333333333333,0.962,1.89,2
1.083333333333333,1.013833333333333,2.6,2.945,1.7,1.81,1
1.566666666666667,1.669833333333333,2.583333333333333,2.002833333333333,10.22,4.97,3
1.15,0.9681666666666666,1.166666666666667,1.717,6.49,2.36,1
1.25,0.777,2.35,2.400333333333333,2.81,1.2,1
1.666666666666667,1.896666666666667,1.2,0.6168333333333333,0.891,8.32,4
1.366666666666667,1.262,1.866666666666667,1.778166666666666,2.81,10.22,0
1.116666666666667,1.250833333333333,1.783333333333333,1.220833333333333,2.18,1.35,0
2.283333333333333,1.329166666666667,1.333333333333333,1.486666666666667,6.06,2.36,2
2.266666666666667,2.422666666666667,0.5833333333333333,0.9776666666666667,7.08,1.7,0
1.75,1.783166666666667,2.183333333333334,1.930333333333333,1.2,2.01,0
2.316666666666666,1.813666666666667,0.8333333333333333,0.6116666666666666,1.89,4.13,1
1.333333333333333,2.2,2.2,2.503666666666667,4.97,0.962,3
3.683333333333334,1.793833333333333,2.366666666666667,2.468666666666667,8.32,6.49,3
1,1.372,2.9,2.3585,1.81,1.72,4
2.116666666666667,1.819666666666667,2.966666666666667,1.724166666666666,1.88,0.891,0
2.15,1.673833333333333,1.183333333333333,1.5575,10.22,1.81,1
0.5833333333333333,0.5423333333333333,0.7,0.8815000000000001,6.49,6.06,2
0.7833333333333333,1,1.333333333333333,2.733666666666667,1.7,1.2,2
1.533333333333333,1.973166666666667,1.833333333333333,1.5365,2.01,2.81,1
1.066666666666667,2.478666666666667,1.866666666666667,2.588166666666667,1.35,1.89,2
1.416666666666667,1.678166666666667,1.95,1.932666666666667,0.962,2.18,2
0.65,1.117666666666667,1.833333333333333,0.6265000000000001,1.72,8.32,2
2.733333333333333,1.8565,2.45,1.872333333333334,0.891,4.97,2
2.083333333333333,1.976333333333333,0.5833333333333333,0.7781666666666667,4.13,7.08,1
1.95,2.257833333333334,1.616666666666667,2.082166666666667,2.36,1.88,5
1.9,2.2445,1.4,2.065833333333333,7.08,10.22,1
2.65,2.892333333333333,1.533333333333333,1.790833333333333,2.81,4.13,0
1.9,1.281833333333333,2.65,2.821833333333333,2.18,6.49,3
2.433333333333333,2.138666666666667,2.2,1.322333333333333,1.81,1.35,0
2.733333333333333,1.961833333333333,1.616666666666667,1.0525,1.89,2.36,1
1.85,1.920333333333333,2.4,1.516,1.2,0.891,2
1.4,1.195,1.2,1.816,1.88,1.7,2
2.116666666666667,1.324,2.7,3.099833333333333,6.06,2.01,2
3.2,2.606833333333333,3.333333333333333,2.249166666666667,4.97,1.72,3
3.3,2.493333333333333,3.6,2.757833333333333,8.32,0.962,3
2.183333333333334,1.672166666666667,2.466666666666667,0.9558333333333334,10.22,8.32,3
4.266666666666667,1.848666666666667,1.533333333333333,1.676333333333333,2.36,7.08,3
2.216666666666667,1.546666666666667,1.283333333333333,1.639833333333333,0.891,2.81,1
0.6666666666666666,1.347833333333333,1.616666666666667,2.263166666666667,1.72,1.2,2
2.316666666666666,1.841833333333333,1.033333333333333,1.441166666666667,0.962,1.81,0
1.566666666666667,3.289333333333333,1.516666666666667,1.537166666666667,1.35,4.97,2
0.8666666666666667,1.163666666666667,3.316666666666666,3.051833333333334,1.7,1.89,1
1.283333333333333,1.953833333333333,2.266666666666667,1.773333333333333,2.01,2.18,0
1.866666666666667,1.3865,2.316666666666667,1.417666666666667,6.49,1.88,3
1.883333333333333,1.714833333333333,1.166666666666667,1.515,4.13,6.06,1
2.166666666666667,1.790666666666667,1.083333333333333,2.272,1.2,10.22,2
1.783333333333333,1.9,1.85,1.999333333333333,1.89,6.49,1
1.55,1.861333333333334,2.166666666666667,2.449833333333333,1.81,2.01,4
1.5,1.882833333333333,3.3,2.1405,2.81,1.72,2
2.316666666666666,2.052333333333333,2.25,1.413333333333333,6.06,1.35,1
2.6,2.6135,1.7,1.915833333333333,8.32,4.13,2
2.25,1.248333333333333,1.983333333333333,2.179,2.18,2.36,3
1.833333333333333,2.4075,1.916666666666667,1.121166666666667,7.08,0.891,4
0.9166666666666666,1.797,2.85,2.117,1.88,0.962,5
1.583333333333333,2.613166666666666,2.066666666666666,2.426666666666667,10.95,1.23,1
2.116666666666667,1.273,1.366666666666667,1.213,0.994,1.76,0
2.066666666666666,1.953166666666667,1.233333333333333,1.661,6.65,1.6,5
2.566666666666667,2.0945,1.15,0.7356666666666667,7.91,10.95,2
0.4,0.8601666666666667,2.116666666666667,1.654,2.66,6.3,1
0.8333333333333333,0.879,2.466666666666667,1.5635,1.4,4.55,1
1.866666666666667,1.135333333333333,0.5833333333333333,1.385166666666667,1.99,1.16,1
1.766666666666667,1.314166666666667,2,1.473833333333334,2.11,1.56,2
0.3333333333333333,0.65,2.866666666666667,1.044666666666667,1.95,2.29,1
1.483333333333333,1.947666666666667,0.6,0.9375,7.09,4.43,1
0.5,1.0055,1.733333333333333,1.1425,1.23,0.994,2
1.733333333333333,1.613666666666667,1.566666666666667,2.008666666666667,1.76,3.17,2
0.9,1.437,1.233333333333333,0.8573333333333333,1.6,2.11,2
1.033333333333333,0.7938333333333334,1.983333333333333,1.836,1.16,1.4,1
0.9,1.223,1.4,1.134833333333333,0.994,1.99,1
1.4,0.9448333333333334,1.666666666666667,1.124833333333333,1.56,6.65,2
1.566666666666667,0.9113333333333333,2,2.0385,3.17,7.09,1
1.916666666666667,1.606166666666667,1.366666666666667,1.426,2.29,2.66,1
1.533333333333333,2.098333333333334,2.066666666666666,2.0555,10.95,1.95,3
2.066666666666666,1.9205,0.9833333333333334,1.900333333333333,4.55,1.23,2
1.75,1.182666666666667,0.9,0.9604999999999999,6.3,7.91,0
3.116666666666667,2.361,1.15,1.0695,4.43,1.76,3
4.316666666666666,2.863166666666666,1.116666666666667,1.043833333333333,6.65,0.994,3
1.566666666666667,1.361833333333333,3.233333333333333,1.6625,2.11,6.3,1
1.033333333333333,0.9241666666666668,3.516666666666667,1.645833333333333,1.95,1.56,0
0.9166666666666666,1.314833333333333,1.816666666666667,2.520166666666667,1.23,3.17,2
0.8333333333333333,1.0935,1.033333333333333,1.144833333333333,2.66,1.16,3
1.033333333333333,1.13,1.983333333333333,1.545166666666667,1.4,2.29,1
0.9833333333333334,0.7878333333333333,1.333333333333333,1.3635,1.99,4.55,2
1.116666666666667,1.273166666666667,2.366666666666667,2.138166666666667,1.76,1.6,3
3.666666666666667,1.976833333333333,0.3333333333333333,0.9675,7.91,4.43,2
1.283333333333333,1.789,1.416666666666667,0.5068333333333332,7.09,10.95,0
0.8333333333333333,0.9765,1.733333333333333,1.926166666666667,0.994,2.66,2
0.9166666666666666,1.260333333333334,2.4,2.738333333333333,1.6,1.95,1
1.416666666666667,1.445333333333333,1.333333333333333,2.079666666666667,1.56,7.09,1
0.9833333333333334,1.729666666666667,1.533333333333333,1.714666666666667,3.17,1.4,4
1.733333333333333,1.530666666666667,0.8666666666666667,2.5855,2.29,1.23,1
1.1,0.8891666666666667,1.083333333333333,0.882,6.3,1.99,2
1.45,2.151333333333334,1.25,1.934,10.95,1.76,2
2.066666666666666,2.302,1.616666666666667,0.8693333333333333,4.55,2.11,3
2.9,2.535,1.816666666666667,1.116333333333333,4.43,6.65,1
1.783333333333333,1.862666666666667,0.75,0.7086666666666668,1.16,7.91,0
1.45,1.915333333333333,1.55,2.0555,1.95,7.09,0
1.066666666666667,1.124,3.25,2.728166666666667,1.23,1.6,2
1.283333333333333,1.181,1.866666666666667,1.563333333333333,1.4,4.43,0
1.333333333333333,1.518333333333333,1.95,1.495666666666667,6.3,1.16,1
2.566666666666666,1.980833333333333,1.9,2.219333333333333,7.91,1.56,2
4,2.212333333333333,0.7833333333333333,1.262,6.65,2.29,3
1.4,1.327666666666667,0.8666666666666667,1.157666666666667,1.76,4.55,2
1.366666666666667,0.8856666666666667,0.65,0.35,1.99,10.95,1
0.9833333333333334,0.6918333333333334,1.916666666666667,2.045833333333333,2.11,2.66,3
2.45,2.645166666666666,1.4,1.197333333333333,3.17,0.994,1
1.266666666666667,2.226666666666667,3.15,1.600166666666667,10.95,2.11,2
1.033333333333333,1.790333333333333,1.483333333333333,1.084833333333333,7.09,6.65,1
2.183333333333334,2.226333333333333,1.233333333333333,2.096,4.43,1.23,4
2.45,1.569833333333333,0.25,0.5926666666666667,2.66,7.91,0
0.8666666666666667,1.444666666666667,1.766666666666667,2.047166666666667,1.95,1.76,3
1.233333333333333,1.026833333333333,2.783333333333333,2.479,1.6,1.4,0
1.283333333333333,1.454,1.116666666666667,1.269666666666667,2.29,1.99,0
2.15,1.437666666666667,1.383333333333333,0.5703333333333334,4.55,6.3,1
0.7,1.175666666666667,1.533333333333333,1.2495,1.16,3.17,1
0.9833333333333334,1.154833333333333,1.25,0.9333333333333333,1.56,0.994,0
0.45,0.6711666666666667,0.7833333333333333,1.587333333333333,1.4,1.95,0
2.533333333333333,2.133,2.333333333333333,1.744333333333333,6.3,1.76,0
1.7,1.009666666666667,0.25,1.61,2.11,7.09,0
0.9833333333333334,0.618,1.766666666666667,1.538833333333333,1.99,1.6,1
0.45,1.245666666666667,1.683333333333333,1.5475,1.56,1.16,1
2.1,2.201666666666667,2.566666666666666,1.564666666666667,6.65,4.55,2
1.533333333333333,1.168333333333333,0.8333333333333333,0.5845,0.994,10.95,1
1.566666666666667,0.8118333333333333,1.9,1.954666666666667,1.23,2.66,2
1.316666666666667,1.776166666666667,1.2,1.151166666666667,7.91,2.29,1
1.833333333333333,1.665833333333333,1.4,0.8436666666666666,3.17,4.43,0
2.4,1.664,0.7833333333333333,1.199,1.95,6.65,2
2.566666666666666,2.3305,0.5333333333333333,0.8333333333333334,10.95,6.3,1
0.2,0.4426666666666667,0,0.505,1.4,7.91,0
1.183333333333333,1.112833333333333,1.033333333333333,1.573333333333333,4.55,1.56,1
0.45,1.155,1.783333333333333,2.176,2.29,3.17,1
0.45,0.8756666666666666,1.283333333333333,1.379,1.6,1.16,1
3.033333333333333,2.9315,1.75,1.703333333333333,4.43,0.994,2
1.75,1.56,0.4,1.1105,2.66,1.99,2
0.5,1.186166666666667,2.516666666666667,1.592,1.76,2.11,0
1.283333333333333,1.3025,2.783333333333333,2.305,7.09,1.23,4
1.35,1.701166666666667,1.2,1.8615,2.11,1.95,2
0.95,1.231666666666667,1.616666666666667,1.788333333333333,6.3,3.17,4
2.266666666666667,2.782166666666667,1.45,1.304666666666667,6.65,1.76,0
1.316666666666667,0.9208333333333333,2.066666666666666,2.3315,1.23,1.4,3
2.266666666666667,1.497666666666667,1.733333333333333,1.0625,2.66,1.6,1
1.25,1.099333333333333,0.9333333333333333,1.0955,1.16,2.29,2
1.783333333333333,0.8325,2.316666666666666,1.578666666666667,0.994,4.55,1
0.8333333333333333,0.9436666666666667,0.7833333333333333,0.7035,1.56,10.95,0
1.033333333333333,1.1185,1.25,0.5085,1.99,4.43,1
1.733333333333333,2.135,0,1.286166666666667,7.91,7.09,2
0.5333333333333333,1.380666666666667,0.45,0.6933333333333334,4.55,10.95,0
1.533333333333333,1.666666666666667,1.866666666666667,1.608,2.11,6.65,1
2.283333333333333,1.613833333333333,1.833333333333333,1.956833333333333,7.09,2.66,1
1.766666666666667,1.1685,0.5,0.4876666666666667,1.95,7.91,3
1,1.5425,2.033333333333333,1.779166666666667,1.76,1.56,3
2.466666666666667,2.4905,1.25,1.453333333333333,4.43,2.29,3
2.2,1.759166666666667,2.283333333333333,1.643666666666667,1.23,1.16,0
1,0.6276666666666667,1.416666666666667,1.7615,1.4,0.994,0
0.7,0.9928333333333333,1.166666666666667,1.4225,3.17,1.99,1
1.333333333333333,1.664166666666667,1.033333333333333,1.308166666666667,1.6,6.3,0
1.233333333333333,0.8638333333333335,2.166666666666667,1.858833333333333,2.66,1.95,0
0.45,0.9128333333333334,3.066666666666666,2.068,1.56,1.23,4
1.25,1.315833333333333,0.6666666666666666,0.6588333333333334,2.29,7.09,0
1.333333333333333,1.896333333333333,2.4,1.998833333333333,6.3,1.4,1
2.166666666666667,1.667,0.25,1.2005,1.16,1.76,1
1.533333333333333,0.6693333333333333,1.033333333333333,1.064333333333333,0.994,1.6,3
2.366666666666667,1.820833333333333,1.666666666666667,1.928666666666667,7.91,6.65,0
2.85,1.385833333333333,0.8333333333333333,0.9776666666666667,10.95,4.43,3
0.25,1.153666666666667,3.483333333333333,3.277833333333334,4.55,3.17,1
1.9,1.322,0.4,1.724,1.95,0.994,2
0.7,1.541666666666667,0.5,0.806,1.6,10.95,2
2.15,1.833166666666667,0.95,1.115,4.43,1.16,2
1.5,1.076666666666667,1.25,0.8190000000000001,1.76,7.91,1
1,1.2415,1.333333333333333,1.118166666666667,1.4,1.99,1
0.7333333333333334,0.906,1.533333333333333,1.515333333333333,6.65,2.66,2
1.083333333333333,0.7934999999999999,2.45,1.955666666666667,3.17,1.56,2
1.416666666666667,1.918833333333333,3.5,2.122666666666666,2.11,2.29,0
1.25,1.8665,0.95,1.161166666666667,1.23,6.3,2
3.383333333333333,1.985333333333333,1.616666666666667,0.5233333333333333,7.09,4.55,1
0.2,1.370666666666667,1.883333333333333,2.000833333333333,2.66,3.17,2
1.1,1.8805,1.833333333333333,2.8225,2.29,1.76,2
1.233333333333333,1.344,0.65,1.599666666666667,1.16,6.65,3
1.333333333333333,1.546166666666666,1.2,1.0795,1.56,4.43,1
1.95,2.060333333333333,4.233333333333333,3.373666666666667,1.99,1.23,2
3.6,1.8,1.683333333333333,1.887333333333333,10.95,1.4,3
1.333333333333333,1.254833333333333,2.7,1.770666666666667,4.55,1.6,0
3.133333333333333,3.408333333333333,2.4,2.387666666666667,6.3,1.95,0
2.95,1.777666666666667,1.4,1.379,0.994,7.09,0
2.4,2.900666666666667,0.8333333333333333,1.045,7.91,2.11,2
0.6666666666666666,0.8603333333333332,2.1,1.562666666666667,1.6,2.29,2
3.016666666666667,1.661833333333333,0.9833333333333334,0.4413333333333334,4.43,4.55,1
2.366666666666667,2.077166666666667,1.416666666666667,1.317833333333333,6.65,6.3,1
2.033333333333333,1.389333333333333,1.783333333333333,0.9441666666666667,7.09,1.99,0
1.433333333333333,1.148166666666667,2.616666666666667,1.725166666666667,1.76,2.66,0
2.016666666666667,1.5915,2.166666666666667,1.871833333333333,1.95,1.16,0
1.15,1.372666666666666,1.166666666666667,1.622,2.11,0.994,0
1.916666666666667,1.051833333333333,1.433333333333333,1.178166666666667,1.23,7.91,1
0.5833333333333333,1.071166666666667,3.016666666666667,1.9065,1.4,1.56,0
2.616666666666667,1.351,0.9166666666666666,0.7688333333333333,3.17,10.95,1
0.5833333333333333,0.9186666666666667,1,1.952,1.76,7.09,1
0.5333333333333333,1.776333333333333,4.966666666666667,3.773333333333333,2.11,1.23,4
3.916666666666667,3.159333333333334,1.116666666666667,1.586,7.91,1.99,3
1.666666666666667,2.009166666666667,1.7,2.647166666666667,2.66,1.56,4
1.033333333333333,1.524666666666667,0.95,0.6423333333333333,1.95,4.55,2
1.416666666666667,1.493666666666666,1.2,0.903,2.29,10.95,0
2,1.934333333333333,1.95,1.72,6.65,1.4,1
1.7,1.1395,0.8333333333333333,1.945,1.16,0.994,1
1.5,1.343333333333333,1.866666666666667,1.623166666666667,1.6,3.17,2
1.7,2.465,2.433333333333334,1.5085,6.3,4.43,2
1.533333333333333,2.146666666666667,2.033333333333333,1.379,1.99,2.11,1
2.233333333333333,0.6826666666666668,2.266666666666667,2.034833333333333,1.23,1.76,0
1.433333333333333,1.3975,0.9833333333333334,1.271833333333333,0.994,6.3,2
1.483333333333333,1.203333333333333,1.816666666666667,1.596166666666667,4.43,2.11,2
1.983333333333333,2.024666666666667,1.283333333333333,1.051666666666667,3.17,7.91,2
0.95,1.489,1.433333333333333,1.7115,7.09,1.6,1
1.483333333333333,2.170666666666667,1.933333333333333,1.580833333333333,1.99,1.95,0
0.7,1.8895,1.15,1.144,1.4,2.66,1
2.4,1.564166666666667,1.65,1.7125,4.55,1.16,4
0.5833333333333333,0.9441666666666667,2.916666666666667,2.215,1.56,2.29,4
4.016666666666667,2.454833333333333,1.583333333333333,1.628,10.95,6.65,1
1.666666666666667,1.204666666666667,2.433333333333333,2.8925,1.6,1.56,1
0.5333333333333333,1.438333333333333,2.083333333333333,2.1115,1.76,1.99,1
1.183333333333333,1.686833333333333,2.983333333333333,2.5565,6.65,1.23,3
1.683333333333333,1.566666666666667,0.25,0.4598333333333333,1.16,10.95,0
1.15,1.467833333333334,1.416666666666667,1.448833333333333,2.29,4.55,0
1.333333333333333,1.9555,1.683333333333333,1.734833333333333,2.11,1.4,0
4.65,3.311166666666667,1.533333333333333,1.679666666666666,7.91,0.994,5
2.733333333333333,2.046,1.616666666666667,1.5335,2.66,4.43,0
1.866666666666667,1.925833333333333,3.566666666666666,2.852666666666667,1.95,3.17,3
1.916666666666667,1.594,1.083333333333333,1.570333333333333,6.3,7.09,3
0.95,1.256333333333334,1.283333333333333,1.03,1.99,6.65,0
1.2,0.7531666666666667,1.7,1.303833333333333,1.23,1.95,1
0.8666666666666667,0.9176666666666666,1.283333333333333,1.8735,4.43,1.6,2
0.5833333333333333,2.244,3.583333333333333,3.216,7.09,1.16,1
3.733333333333333,2.993,0.3333333333333333,1.1045,10.95,2.66,1
2.033333333333333,1.455166666666666,0.8666666666666667,1.727666666666667,1.56,6.3,0
2.433333333333334,1.9645,1.616666666666667,0.6306666666666667,4.55,7.91,0
2.116666666666667,1.643166666666667,1.316666666666667,1.081666666666667,3.17,2.11,2
1.616666666666667,1.037666666666667,2.733333333333333,2.041666666666667,0.994,2.29,1
0.5833333333333333,1.749,1.15,1.161666666666667,1.4,1.76,2
1.9,1.7675,0.9,1.300833333333333,1.95,4.43,1
1.05,1.158833333333333,1.65,1.589166666666667,2.66,4.55,0
1.45,1.628333333333333,1.45,1.473833333333333,1.4,7.09,3
1.233333333333333,1.408333333333333,0,0.268,1.23,10.95,0
0.5333333333333333,1.463333333333333,2.383333333333333,2.599666666666667,1.99,1.56,2
4.266666666666667,2.891666666666667,1.783333333333333,1.658666666666667,7.91,1.6,1
1.2,1.9545,3.033333333333333,3.2855,2.11,1.16,1
2.9,2.448333333333333,2.3,2.3535,6.3,2.29,1
1.033333333333333,1.639666666666667,2.866666666666667,1.752666666666666,1.76,0.994,0
2.2,2.257333333333333,3.4,2.538,6.65,3.17,2
0.8,1.194833333333333,2.033333333333333,2.192333333333333,4.55,1.4,5
0.7833333333333333,0.7955000000000001,0.95,1.301333333333333,1.6,6.65,1
0.9833333333333334,1.317,1.75,1.645166666666667,0.994,1.23,1
1.2,0.9846666666666667,2.316666666666666,1.864833333333333,1.16,1.99,1
2.533333333333333,2.0905,0.65,0.3953333333333334,10.95,7.91,1
2.316666666666666,2.561,0.5333333333333333,0.993,6.3,2.66,2
2.05,1.215333333333333,2.066666666666666,1.071833333333333,1.56,2.11,1
2.066666666666666,1.297833333333333,0.9166666666666666,1.195833333333333,3.17,1.76,0
1.033333333333333,1.414333333333333,1.333333333333333,1.316833333333333,2.29,1.95,0
1.566666666666667,0.7559999999999999,2.45,1.499666666666667,4.43,7.09,2
1.433333333333333,1.4275,0,0.281,1.95,10.95,0
2.5,1.111666666666667,1.883333333333333,2.213,1.4,1.16,3
1.75,2.072,1.766666666666667,1.359166666666667,7.09,3.17,3
0.5,0.8863333333333334,1.083333333333333,1.862333333333333,2.66,2.29,2
1.366666666666667,1.8445,2.25,1.547166666666667,1.99,0.994,3
0.45,1.002666666666667,1.083333333333333,1.088,1.76,4.43,2
2.333333333333333,2.6115,2.533333333333333,2.255166666666667,2.11,1.6,0
1.45,1.1615,1.5,0.7713333333333332,1.23,4.55,0
3.266666666666667,2.528666666666667,2.866666666666667,3.088,6.65,1.56,5
1.833333333333333,1.794666666666667,0.8333333333333333,1.550333333333333,7.91,6.3,1
1.533333333333333,2.159166666666667,0.5833333333333333,0.958,0.994,6.65,1
1.816666666666667,1.492166666666666,1.233333333333333,0.8895000000000001,6.3,2.11,1
0.8333333333333333,0.7524999999999999,0.45,1.466166666666667,1.56,1.95,0
1.15,1.208666666666667,0.8333333333333333,1.835666666666667,3.17,1.23,2
1.333333333333333,1.481833333333333,1.366666666666667,1.390666666666667,1.16,2.66,1
0.95,1.943166666666666,3.116666666666667,2.910333333333333,2.29,1.4,2
0.5333333333333333,0.652,1.9,1.732166666666667,1.6,1.76,1
1.033333333333333,1.135666666666667,1.916666666666667,1.455166666666667,10.95,7.09,2
1.666666666666667,2.013333333333333,2.233333333333333,1.949833333333333,4.55,1.99,0
2.816666666666666,1.800166666666667,0.8333333333333333,0.6116666666666666,4.43,7.91,1
4.316666666666666,2.217833333333334,1.616666666666667,1.495666666666667,6.65,4.43,4
2.1,1.460333333333333,1.4,1.228666666666667,1.4,3.17,0
1.033333333333333,1.430666666666667,1.45,1.547833333333334,7.91,1.16,3
0.95,1.697833333333333,1.5,1.163,2.11,4.55,1
2.65,1.855166666666667,0.7833333333333333,1.366666666666667,1.99,6.3,2
1.166666666666667,1.402666666666667,0,0.3723333333333333,1.76,10.95,0
0.9166666666666666,1.609666666666667,3,1.320166666666667,2.66,0.994,1
0.45,1.072333333333333,1.45,1.914833333333333,1.95,1.6,0
0.5,0.7665,1.116666666666667,1.947666666666667,1.23,2.29,2
1.85,1.456666666666667,2.816666666666666,2.546833333333333,7.09,1.56,3
1.866666666666667,1.562,0.7,1.721166666666667,10.95,1.99,1
1.033333333333333,1.5055,0.75,1.269833333333333,0.994,3.17,1
2.45,1.2355,0,0.9093333333333333,7.09,1.95,2
1.283333333333333,1.3545,1.45,1.622666666666667,1.16,6.3,0
0.9166666666666666,1.534333333333333,1.033333333333333,0.8765000000000001,2.29,6.65,1
0.5333333333333333,0.874,0.8666666666666667,1.204666666666667,1.6,1.23,2
1.983333333333333,1.643666666666667,3.416666666666667,3.226833333333333,4.43,1.4,1
1.2,1.677666666666667,1.033333333333333,1.379666666666667,2.66,2.11,3
1.5,2.132666666666667,2.083333333333333,1.734,4.55,1.76,2
0.7,0.8488333333333333,1.283333333333333,0.6661666666666667,1.56,7.91,0
1.15,1.643833333333333,2.5,2.1055,0.994,1.56,0
4.083333333333333,2.721333333333333,1.533333333333333,1.122666666666667,6.65,7.09,1
0.65,1.2535,1,1.310666666666667,1.76,1.95,2
1.1,1.4155,0.75,1.507166666666667,1.4,1.6,1
2.2,1.811833333333333,1.6,2.1005,3.17,1.16,0
1.166666666666667,1.250166666666667,2.483333333333333,1.866833333333333,1.23,4.43,0
1.333333333333333,1.883,0,0.57,2.11,10.95,1
1.766666666666667,1.356833333333333,2.066666666666666,2.238166666666667,1.99,2.29,1
1.95,2.6325,1.45,1.768833333333333,7.91,2.66,3
0.45,1.223,0.8333333333333333,1.7435,6.3,4.55,1
1.866666666666667,1.578833333333333,0.8333333333333333,1.994666666666667,1.6,1.99,1
3.233333333333333,2.060166666666666,1.183333333333333,1.071,10.95,0.994,1
1.233333333333333,1.571666666666667,0.95,0.5616666666666666,2.29,7.91,3
0.95,2.059,1.083333333333333,1.401666666666667,1.16,1.56,3
1.416666666666667,1.438,1.283333333333333,0.6826666666666666,4.55,6.65,1
0.7833333333333333,1.683333333333334,0.8333333333333333,2.308833333333333,4.43,3.17,1
1.75,1.446,1.066666666666667,1.940333333333333,2.66,1.23,4
1.2,2.575,1,1.241,1.76,6.3,2
1.916666666666667,1.070333333333333,3.45,2.313,7.09,2.11,1
0.3333333333333333,0.8133333333333332,2.483333333333333,1.930833333333333,1.95,1.4,0
0.65,1.075833333333333,1.783333333333333,1.779833333333333,1.23,7.09,0
2.233333333333333,1.608666666666667,1.5,1.5285,1.99,2.66,0
2.033333333333333,1.8435,2.083333333333333,1.6845,1.16,1.6,1
0.8333333333333333,1.688333333333333,0.3333333333333333,1.082,6.3,10.95,1
0.25,1.154333333333333,1.55,1.184333333333333,0.994,4.43,2
2.35,2.2285,1.516666666666667,1.628166666666667,7.91,1.4,3
2.033333333333333,2.4955,1.4,1.480666666666667,2.11,1.76,2
1.35,1.264833333333333,1.733333333333333,1.281666666666667,3.17,2.29,2
0.7,1.358166666666667,2.533333333333333,1.961333333333334,1.56,4.55,0
3.633333333333333,2.214333333333333,1.666666666666667,2.179666666666667,6.65,1.95,1
0.7,0.8506666666666667,2.433333333333334,1.859833333333333,1.95,2.11,0
1.233333333333333,1.495166666666667,1.15,1.362333333333333,1.6,2.66,4
1.483333333333333,1.559333333333333,1.25,1.247166666666667,7.09,7.91,2
1.666666666666667,2.077666666666667,1.283333333333333,1.488,1.76,6.65,3
0.5333333333333333,1.523666666666667,1.283333333333333,1.579666666666667,4.43,1.99,3
2.533333333333333,1.8505,2.7,2.512666666666667,10.95,1.56,4
1.45,2.294666666666667,0.3333333333333333,1.406333333333333,2.29,1.16,0
0.7833333333333333,0.7301666666666667,2.233333333333333,2.279333333333333,1.4,1.23,1
2.483333333333333,2.948,0.5333333333333333,1.57,4.55,0.994,2
1.533333333333333,1.596666666666667,1.916666666666667,1.209666666666667,3.17,6.3,0
1.85,1.972833333333333,1.483333333333333,1.907333333333333,7.91,1.95,6
1.45,1.379166666666667,0.95,2.0395,1.99,3.17,0
3.033333333333333,2.070833333333333,1.383333333333333,1.2525,6.65,2.11,3
0.25,1.0785,2.416666666666667,1.801,1.56,1.76,2
0.95,2.0845,1.416666666666667,1.037,2.29,4.43,2
1.283333333333333,1.372,1.833333333333333,2.42,1.16,1.23,5
0.6666666666666666,0.7065,2.4,2.260833333333333,0.994,1.4,1
2.033333333333333,1.537333333333333,0.7,1.211666666666666,2.66,7.09,1
3.716666666666667,2.069166666666667,1.2,1.0295,10.95,4.55,3
1.283333333333333,1.888666666666666,1.783333333333333,1.6905,6.3,1.6,0
1.116666666666667,1.8115,1.2,1.0265,7.09,2.29,3
1.166666666666667,0.764,3.683333333333334,2.768,1.23,1.56,0
2.233333333333333,1.824166666666667,1.45,0.9933333333333332,2.11,1.99,1
0.7,0.7761666666666667,2.3,2.312666666666666,3.17,4.55,2
0.25,0.6345,1.333333333333333,1.887333333333334,1.95,2.66,2
2.65,2.4705,0.7,1.007,1.76,1.16,1
1.7,1.267333333333333,0.25,0.8243333333333333,4.43,10.95,1
3.55,2.411833333333333,1.266666666666667,1.3475,6.65,7.91,1
0.5333333333333333,1.863833333333333,0.9,0.7071666666666667,1.4,6.3,2
1.533333333333333,1.643333333333334,0.8666666666666667,2.516333333333333,1.6,0.994,1
1.166666666666667,1.487166666666667,2.7,1.833833333333333,2.29,2.11,1
1.866666666666667,1.2435,2.316666666666666,1.525666666666667,1.16,4.43,0
3.4,2.523166666666667,0.45,1.284333333333333,10.95,1.6,2
1.666666666666667,1.562333333333333,0.75,3.499666666666667,1.56,3.17,2
0.7333333333333334,1.333166666666667,2.45,1.6345,0.994,1.95,0
0.95,1.705333333333333,3.116666666666667,1.977,6.3,1.23,3
1.75,2.279666666666667,1.933333333333333,2.446166666666667,1.99,1.4,1
1.6,3.043666666666667,0.8333333333333333,1.096333333333333,4.55,7.09,2
0.7833333333333333,1.063333333333333,1.616666666666667,1.607166666666667,2.66,6.65,2
2.6,2.002,1.816666666666666,1.759833333333333,7.91,1.76,2
1.4,2.0705,0.7333333333333334,1.861166666666667,7.09,0.994,2
0.6666666666666666,0.7636666666666667,2.166666666666667,1.346666666666667,1.95,6.3,0
3.183333333333334,2.238666666666667,0.5833333333333333,1.008833333333333,6.65,1.16,3
0.6666666666666666,0.9058333333333334,2.966666666666667,2.396166666666667,3.17,2.66,0
1.183333333333333,1.679666666666667,1.3,1.610166666666667,4.43,1.56,0
2.15,1.071166666666667,0.9333333333333333,0.8754999999999999,1.23,1.99,0
1.933333333333333,1.458833333333333,3.75,1.802,1.76,2.29,1
1.133333333333333,1.518666666666667,1.416666666666667,1.972833333333333,1.6,4.55,1
3.533333333333333,1.554,1.233333333333333,0.6146666666666666,2.11,7.91,1
0.8666666666666667,2.013166666666667,0.3333333333333333,1.251666666666666,1.4,10.95,2
2.266666666666667,2.050166666666667,2.416666666666667,3.053833333333333,10.95,3.17,5
1.583333333333333,1.883833333333333,1.616666666666667,1.505833333333334,1.99,7.09,3
1.75,2.377666666666666,1.066666666666667,1.186,6.3,6.65,1
2.866666666666667,2.386333333333333,3,2.533666666666667,7.91,1.23,4
0.7,1.272,2.683333333333334,2.205833333333334,0.994,2.11,2
2.366666666666667,1.7725,1.566666666666667,1.595833333333333,2.66,1.76,1
1,1.266166666666667,1.7,1.4605,1.16,1.95,0
1.483333333333333,1.157833333333333,2.166666666666667,1.697666666666667,2.29,1.6,1
2.416666666666667,2.465833333333333,0.9,1.041166666666667,4.55,4.43,2
1.516666666666667,1.724166666666667,1.95,2.021,1.82,1.1,0
1.033333333333333,0.9838333333333333,0.9166666666666666,0.529,1.1,11.11,0
2.55,1.986833333333333,1.283333333333333,0.8095,8.210000000000001,1.04,2
1.25,1.5635,1.233333333333333,1.513666666666666,2.72,6.07,3
1.816666666666667,1.304666666666667,1.666666666666667,1.849333333333333,1.98,2.39,1
1.35,1.792666666666666,1.9,1.864666666666666,2.45,0.889,1
2.366666666666667,2.008,2.25,2.019333333333333,7.78,1.85,1
1.25,1.588166666666667,1.65,1.497,3.81,1.39,2
1.783333333333333,1.024666666666667,1.05,1.230166666666667,4.58,5.73,0
0.7833333333333333,1.319,2.15,1.220166666666667,0.673,1.82,1
1.65,0.9636666666666667,2.283333333333333,1.7445,1.37,2.14,2
0.7,1.4835,1.783333333333333,0.8041666666666667,0.889,1.04,0
1.116666666666667,1.2245,0.8666666666666667,2.101166666666666,2.39,3.81,0
0.4,0.8396666666666667,0.7,0.4388333333333333,1.39,11.11,0
0.9,1.2605,1.35,1.821333333333333,2.14,1.1,1
1.9,2.364333333333334,0.25,0.6855,1.82,8.210000000000001,1
1.816666666666667,1.051166666666667,1.2,1.634,1.85,2.45,0
1.95,1.137333333333333,3.483333333333333,2.0905,1.37,0.673,2
1.7,1.76,0.6666666666666666,1.4,2.72,4.58,2
0.9166666666666666,1.618666666666666,1.266666666666667,1.381666666666666,5.73,1.98,4
2.433333333333333,3.207,0.95,1.037666666666667,6.07,7.78,2
1.266666666666667,1.021833333333333,1.7,1.867166666666666,8.210000000000001,6.07,1
0.3333333333333333,1.112833333333333,1.866666666666667,1.117666666666667,0.889,2.14,1
3.033333333333333,3.5455,2.733333333333333,1.923333333333333,11.11,2.39,2
1.2,1.656333333333333,1.183333333333333,0.9705,4.58,1.82,0
0.8333333333333333,1.26,2.666666666666667,3.333166666666667,2.45,1.39,0
1.733333333333333,1.669166666666666,1.833333333333333,2.013166666666667,7.78,1.37,1
2.766666666666667,2.071666666666666,1.433333333333333,1.577666666666667,3.81,1.85,1
2.483333333333333,1.663333333333333,3.2,1.685333333333333,1.98,0.673,2
1.9,1.595,1.5,1.396333333333333,1.04,5.73,1
0.95,0.6795,0.8333333333333333,2.001833333333333,1.1,2.72,1
1.083333333333333,1.770833333333333,0.25,0.5568333333333334,2.14,2.45,2
3.233333333333333,1.976833333333333,0.5,0.2773333333333333,5.73,11.11,1
0.9,1.0105,1.416666666666667,1.681833333333333,2.39,0.889,3
3.416666666666667,1.661,0.9,1.656,2.72,3.81,2
2.166666666666667,1.275666666666667,1.066666666666667,1.3355,1.37,4.58,3
1.083333333333333,1.138666666666667,1.833333333333333,1.706333333333333,0.673,8.210000000000001,1
0,0.4963333333333333,2.2,1.221333333333333,1.39,1.04,0
1.083333333333333,1.854333333333333,1.916666666666667,1.7555,1.82,7.78,2
1.15,0.9188333333333334,2.233333333333333,0.9808333333333332,1.85,1.98,1
3.216666666666667,2.899,2.583333333333333,1.721833333333333,6.07,1.1,4
0.95,1.043666666666667,1.083333333333333,1.051333333333333,2.45,5.73,3
1.283333333333333,1.562333333333334,1.783333333333333,1.9085,7.78,2.72,2
1.616666666666667,2.474333333333333,1.483333333333333,1.503833333333334,11.11,2.14,4
2.483333333333333,2.340333333333334,3.283333333333333,2.521833333333333,3.81,1.37,4
1.733333333333333,1.981333333333333,1.15,2.023666666666667,8.210000000000001,1.39,2
0.8333333333333333,1.124833333333333,1.283333333333333,1.867333333333334,1.04,1.85,1
2.75,2.233833333333333,2.766666666666667,2.418833333333333,4.58,0.673,1
1.033333333333333,1.256333333333333,0.7,0.8453333333333334,0.889,1.82,0
2.116666666666667,1.600333333333333,1.683333333333333,1.564333333333333,1.98,6.07,1
1.083333333333333,0.6615,2.116666666666667,1.795333333333333,1.1,2.39,1
1.083333333333333,0.8586666666666666,1.9,1.219333333333333,1.85,4.58,0
3.1,2.757833333333333,1.283333333333333,1.507333333333333,11.11,8.210000000000001,2
1.366666666666667,1.680666666666667,0.6666666666666666,0.9678333333333333,1.82,2.45,3
3.516666666666667,3.135,2.883333333333333,2.018166666666667,3.81,1.98,2
1.883333333333333,0.9873333333333333,2.15,1.886166666666667,5.73,0.889,1
1.283333333333333,1.365833333333333,1.25,0.754,0.673,1.04,2
0,0.3794999999999999,1.283333333333333,1.302666666666667,1.39,6.07,0
1.616666666666667,1.570833333333333,2.066666666666666,1.916666666666667,2.14,7.78,1
2.75,1.546666666666667,2.116666666666667,2.1475,2.39,2.72,2
2.4,1.556333333333333,4.033333333333333,1.9175,1.37,1.1,2
2.633333333333333,1.430333333333333,3.283333333333333,2.565666666666667,2.72,1.37,5
1.866666666666667,2.662,1.533333333333333,1.679666666666667,8.210000000000001,3.81,1
0.45,0.9571666666666666,0.6666666666666666,2.3305,0.889,1.39,0
1.283333333333333,0.8306666666666667,1.2,0.9091666666666667,1.1,5.73,1
0.5333333333333333,0.9691666666666667,1.283333333333333,0.6811666666666667,1.04,11.11,1
1.25,1.037166666666667,1.983333333333333,1.453166666666667,2.45,2.39,1
1.483333333333333,1.536666666666667,0.25,0.8086666666666666,1.98,1.82,0
1.116666666666667,2.619,1.233333333333333,1.79,7.78,0.673,3
2.083333333333333,2.152,1.783333333333333,2.5555,4.58,2.14,1
2.6,2.4465,1.283333333333333,1.935666666666667,6.07,1.85,3
0.75,1.2295,4.833333333333334,2.949833333333333,1.04,1.37,1
2.516666666666667,1.855166666666667,1.366666666666667,0.7968333333333333,2.39,8.210000000000001,1
2.666666666666667,1.911833333333333,3.183333333333334,2.4685,11.11,0.889,3
1.483333333333333,1.176833333333333,3.116666666666667,2.081666666666667,2.14,1.98,3
2.566666666666666,1.918166666666667,1.9,1.394333333333333,3.81,2.45,3
1.116666666666667,1.236833333333333,2.066666666666666,1.805666666666667,0.673,2.72,0
2,1.5275,1.35,0.9191666666666667,1.39,4.58,0
3.15,1.728833333333333,0.45,0.8455,1.82,6.07,2
0.45,0.8016666666666666,3.216666666666667,1.488833333333333,1.85,1.1,3
1.533333333333333,1.26,0.9833333333333334,1.013833333333333,5.73,7.78,2
3.366666666666667,1.856666666666666,1.366666666666667,1.343333333333333,2.72,1.04,2
1.333333333333333,1.362166666666667,1.933333333333333,1.515666666666667,1.39,5.73,1
1.283333333333333,1.324666666666667,1.283333333333333,1.127666666666667,1.1,3.81,0
1.033333333333333,0.7401666666666666,2.033333333333333,1.738,1.37,2.39,2
0.7,1.344333333333333,2.133333333333333,2.141833333333333,0.673,2.14,1
1.433333333333333,1.144,0.7833333333333333,1.115,2.45,11.11,3
1.7,0.6608333333333334,0.5,1.362666666666667,1.85,1.82,0
2.1,2.724,3.283333333333333,2.280666666666666,6.07,0.889,3
1.983333333333333,2.126666666666667,3.6,2.594833333333333,8.210000000000001,1.98,1
2.4,2.730833333333334,0.5333333333333333,0.8551666666666666,7.78,4.58,4
1.616666666666667,1.5675,1.866666666666667,0.8531666666666666,8.210000000000001,7.78,3
2.4,1.896333333333334,0.3333333333333333,1.068333333333333,11.11,1.82,3
3.366666666666667,1.214666666666667,1.916666666666667,1.803666666666667,5.73,0.673,2
2.15,1.8205,1.666666666666667,1.4235,3.81,6.07,0
1,1.683,2.283333333333333,1.713333333333333,0.889,1.37,1
1.95,1.920666666666667,1.15,1.448166666666667,2.14,2.72,2
1.366666666666667,1.155333333333333,3.333333333333333,2.609666666666667,1.98,1.39,3
2.783333333333333,2.441166666666667,2.4,1.354,4.58,1.1,2
1.083333333333333,1.262833333333333,2.35,1.7575,1.04,2.45,0
1.483333333333333,1.214833333333333,2.283333333333333,2.321166666666667,2.39,1.85,1
0.8333333333333333,0.9675,3.05,2.127833333333333,0.673,0.889,2
2.283333333333333,1.743333333333333,1.45,1.035333333333333,2.14,3.81,1
1.366666666666667,1.035666666666667,0.7833333333333333,0.9003333333333334,1.37,8.210000000000001,0
2.166666666666667,1.538833333333333,1.7,1.668666666666667,2.72,11.11,1
0.95,0.9838333333333333,1.066666666666667,1.106333333333333,1.1,1.04,0
2.266666666666667,1.295,1.366666666666667,1.693166666666667,1.82,2.39,1
0.75,0.698,3.833333333333333,3.1155,1.85,1.39,0
2.433333333333334,2.653333333333333,1.283333333333333,1.587333333333333,7.78,2.45,2
2.866666666666667,2.509833333333333,1.683333333333333,1.913333333333333,4.58,1.98,2
2.85,2.588333333333334,1.533333333333333,1.503,6.07,5.73,1
0.95,1.581333333333333,1.833333333333333,1.792333333333333,2.45,4.58,1
0.25,0.9898333333333333,3.283333333333333,2.858666666666666,1.39,1.37,2
2.066666666666666,1.376666666666667,2.7,1.232166666666667,5.73,1.82,0
3.35,2.241666666666667,0.9,1.354333333333333,11.11,6.07,1
4.15,3.164,2.416666666666667,2.030666666666667,8.210000000000001,2.72,5
2.15,1.886666666666667,1.9,1.43,1.98,7.78,0
2.283333333333333,1.251333333333333,1.816666666666667,1.598666666666667,2.39,0.673,2
1.333333333333333,1.471666666666667,1.033333333333333,1.087333333333333,0.889,1.85,0
1.45,1.362,1.65,1.675833333333333,1.04,2.14,2
1.85,1.993333333333333,1.883333333333333,1.762666666666667,3.81,4.58,3
1.1,1.627166666666667,2.516666666666667,1.688333333333333,2.45,1.1,3
0.9833333333333334,1.538166666666667,1.55,2.011833333333333,1.82,1.39,2
1.966666666666667,2.434333333333333,1.333333333333333,1.343333333333333,7.78,3.81,3
1.433333333333333,1.296333333333333,0.9,0.9678333333333333,6.07,1.04,3
1.533333333333333,1.094833333333333,0.7333333333333334,1.948666666666667,2.14,2.39,0
2.233333333333333,1.756166666666667,2.5,1.5115,2.72,2.45,1
2.25,1.398333333333333,3.016666666666667,2.693833333333333,1.1,0.889,1
0.65,1.287833333333333,1.366666666666667,2.2755,1.37,1.98,4
1.4,1.7575,1.7,1.682333333333333,4.58,8.210000000000001,3
1.166666666666667,0.5820000000000001,2.4,1.7425,1.39,1.1,1
5.016666666666667,3.634,1.166666666666667,1.797666666666667,8.210000000000001,2.14,2
1.616666666666667,1.498333333333334,0.6,1.0765,2.39,7.78,1
2.35,1.76,2.816666666666666,2.5225,1.98,2.72,0
1.5,1.539333333333333,2.033333333333333,2.122333333333334,3.81,0.673,1
1.25,1.377,0.8333333333333333,1.050166666666667,2.45,6.07,0
1.666666666666667,1.753166666666667,1.85,0.6803333333333333,1.04,1.82,1
1.3,1.146,3.616666666666667,2.216,5.73,1.37,1
2.45,1.7495,0.65,0.7523333333333333,11.11,1.85,3
0.7,1.044833333333333,1.7,1.386666666666667,0.673,1.85,0
2.65,1.725833333333333,3.25,3.423333333333333,7.78,1.04,3
1.333333333333333,1.318166666666666,1.833333333333333,1.636166666666667,1.37,2.45,4
0.95,1.017333333333333,0.6666666666666666,2.016166666666667,2.14,1.39,0
1.2,1.168166666666667,1.983333333333333,1.437,1.98,1.1,4
4.25,3.774,2.2,1.6775,8.210000000000001,0.889,3
1.6,1.586333333333333,0.5833333333333333,0.9008333333333334,2.39,6.07,0
1.65,2.115666666666667,1.433333333333333,0.7471666666666668,3.81,1.82,2
2.233333333333333,1.4145,0.45,0.4575,4.58,11.11,2
1.283333333333333,2.196166666666667,0.45,0.6815,2.72,5.73,2
1.333333333333333,2.550833333333333,2.183333333333334,1.620833333333333,5.73,8.210000000000001,1
1.483333333333333,1.146833333333333,2.45,2.241,1.04,4.58,0
1.55,1.328333333333333,0.8333333333333333,0.8673333333333334,1.1,7.78,0
2.35,2.265166666666667,1.45,0.9145000000000001,11.11,3.81,2
1.1,1.209166666666667,1.533333333333333,1.977666666666666,2.45,0.673,2
1.033333333333333,1.286,1.7,2.362,0.889,1.98,1
1.25,1.661166666666666,2,2.892833333333333,1.85,2.72,2
0.9833333333333334,1.1485,1.166666666666667,2.023333333333333,1.39,2.39,1
2.333333333333333,2.503333333333333,1.066666666666667,2.2135,1.82,2.14,1
1.583333333333333,2.490333333333333,1.983333333333333,1.596833333333333,6.07,1.37,1
0.9166666666666666,1.4145,4.1,3.288666666666667,3.81,1.04,0
2.6,2.430166666666667,3.35,2.503333333333333,7.78,0.889,3
0.25,1.309,0.2,0.8696666666666668,2.14,6.07,3
1,1.421666666666667,0.4,1.656,0.673,1.39,4
0.8666666666666667,1.990833333333333,1.116666666666667,1.427,2.72,1.82,1
2.133333333333333,1.629333333333334,0.75,1.186166666666667,1.37,1.85,1
3.116666666666667,1.432833333333333,2.783333333333333,2.270833333333333,4.58,2.45,3
3.433333333333333,1.541833333333333,0.6666666666666666,0.5228333333333334,1.98,11.11,0
0.25,1.317166666666667,1.666666666666667,1.883333333333333,2.39,5.73,2
3.1,2.995333333333333,2.283333333333333,1.872333333333333,8.210000000000001,1.1,1
0.7833333333333333,1.503166666666667,2.35,2.742833333333333,0.889,4.58,1
1.416666666666667,1.2085,1.283333333333333,0.8818333333333332,1.85,8.210000000000001,1
1.533333333333333,2.039833333333333,1.733333333333333,2.1125,5.73,2.14,0
2.416666666666667,2.578,1.583333333333333,2.203166666666667,2.45,1.98,0
1.033333333333333,0.7241666666666666,1.666666666666667,1.8645,1.39,2.72,1
0.95,1.070333333333333,1.483333333333333,1.513166666666667,1.04,2.39,0
1.883333333333333,1.9995,1.283333333333333,1.817333333333333,1.82,1.37,2
0.95,1.16,1.416666666666667,1.0985,0.889,3.81,2
0.75,0.6031666666666666,1.616666666666667,1.6155,1.1,0.673,1
2.516666666666667,2.2135,0.45,0.7176666666666667,11.11,7.78,1
1.783333333333333,2.202833333333333,1.7,1.878,6.07,4.58,4
1.533333333333333,1.776666666666667,2.066666666666666,2.1735,1.85,5.73,0
1.833333333333333,1.600166666666667,0.4,0.7936666666666666,0.673,11.11,0
4.933333333333334,2.796833333333334,2.8,2.098833333333333,8.210000000000001,2.45,2
2.016666666666667,1.347833333333333,0.7833333333333333,1.033,4.58,2.39,3
1.4,1.116666666666667,1,1.2575,0.673,6.07,0
1.233333333333333,1.897666666666667,5.016666666666667,3.189833333333334,2.72,0.889,5
2.05,1.267666666666667,1.35,2.026166666666667,1.98,1.04,1
1.85,2.475333333333333,1.833333333333333,2.254666666666667,7.78,1.39,2
1.033333333333333,0.7701666666666667,0.7333333333333334,0.9911666666666668,1.1,1.82,1
1.5,1.7205,3.083333333333333,1.974166666666667,2.14,1.85,3
1.133333333333333,1.0205,0,0.5123333333333333,1.37,11.11,0
3.4,3.073666666666667,1.233333333333333,1.990833333333333,3.81,5.73,1
2.316666666666666,2.031333333333333,1.95,2.247166666666667,11.11,1.1,4
2.616666666666667,2.492166666666667,2.116666666666667,2.022833333333334,1.82,0.673,1
0.7833333333333333,0.9864999999999999,1.816666666666667,1.274,1.39,3.81,1
0.95,1.7305,0.3333333333333333,0.773,1.85,7.78,0
2.416666666666667,1.2555,2.483333333333333,2.084166666666667,0.889,2.45,5
2.583333333333333,2.406333333333333,2.116666666666667,2.108666666666667,2.14,1.37,1
0.5,1.298833333333333,2.2,2.473666666666666,2.39,1.98,1
1.75,1.958,0.7833333333333333,0.9123333333333334,1.04,8.210000000000001,1
3.033333333333333,3.120333333333333,2.483333333333333,1.5655,6.07,2.72,4
1.033333333333333,1.417833333333333,2.183333333333333,2.217833333333333,5.73,4.58,2
4.116666666666667,2.183666666666666,0.5333333333333333,0.5196666666666666,8.210000000000001,1.82,0
3.366666666666667,2.061,2.716666666666667,2.8235,11.11,1.39,2
1.283333333333333,0.7471666666666668,1.233333333333333,1.5015,1.1,2.14,1
0.6,1.2995,3.15,2.843833333333333,2.45,1.85,1
0,0.346,1.866666666666667,1.778,0.673,1.37,1
1.583333333333333,2.054,1.033333333333333,2.2405,1.98,5.73,0
1.7,1.607166666666667,3.566666666666666,2.451,1.04,0.889,2
2.833333333333333,3.023,2.2,1.8545,3.81,2.39,1
1.766666666666667,2.921,1.1,1.0825,7.78,6.07,1
1.9,1.6185,3.45,1.555166666666667,4.58,2.72,2
4.133333333333333,2.451833333333334,1.533333333333333,1.224,6.07,8.210000000000001,1
1.783333333333333,1.9105,3.45,2.858833333333333,2.14,0.889,3
1.616666666666667,1.751666666666667,1.25,1.464833333333333,5.73,1.04,3
2.483333333333333,2.125333333333333,2.466666666666667,2.150166666666666,1.82,4.58,0
0.5333333333333333,0.695,2.866666666666667,1.774,1.39,2.45,0
1.333333333333333,0.8288333333333333,1.7,1.347666666666667,1.37,7.78,1
0.3333333333333333,1.194833333333333,0.3333333333333333,0.4281666666666667,2.39,11.11,1
2.783333333333333,2.330166666666667,2.583333333333333,1.896,2.72,1.1,3
0.5,0.7315,1.583333333333333,2.527333333333333,0.673,1.98,0
0.75,1.287166666666667,0.9833333333333334,0.8360000000000001,1.85,3.81,0
2.566666666666666,1.9485,0.95,2.068833333333334,11.11,5.73,2
1.333333333333333,1.514833333333333,1.283333333333333,1.755833333333333,2.45,2.14,0
0.7,1.755333333333333,2.183333333333334,3.000833333333333,1.98,1.85,0
3.483333333333333,2.747166666666667,0.2,0.9263333333333333,7.78,1.82,7
1.516666666666667,1.735833333333333,3.483333333333333,2.122666666666666,4.58,1.37,1
2.15,1.946833333333333,1.316666666666667,1.6325,8.210000000000001,0.673,3
2.016666666666667,2.333,2.566666666666666,2.1255,1.04,1.39,4
2.35,1.5545,1.933333333333333,1.598333333333333,0.889,2.39,1
1.283333333333333,1.136333333333333,1.583333333333333,1.614166666666667,1.1,6.07,0
2.033333333333333,2.258833333333333,2.766666666666667,1.277833333333333,3.81,2.72,3
2.2,1.925166666666666,1.583333333333333,1.263166666666667,2.72,7.78,2
2.15,2.602333333333334,1.75,1.125333333333333,5.73,2.45,1
0.2,0.5048333333333334,1.033333333333333,0.987,1.39,8.210000000000001,2
0.75,1.187333333333333,1.6,2.229833333333334,1.85,1.04,4
0.25,0.8451666666666666,0.9,1.954833333333333,0.673,4.58,0
1.95,1.763,1.033333333333333,0.7195,2.14,11.11,0
1.033333333333333,1.624166666666667,0.7,0.5498333333333334,1.37,3.81,0
1.2,1.407333333333333,3,2.3785,1.82,0.889,3
2.033333333333333,1.3885,3.55,2.856666666666666,2.39,1.1,4
3.383333333333333,2.2325,0.95,1.987666666666667,6.07,1.98,3
0.5,1.093833333333333,0.3333333333333333,0.4311666666666666,1.98,3.81,1
3.35,2.616,3.733333333333333,2.439,6.07,1.39,2
2.483333333333333,1.887166666666667,1.283333333333333,0.8243333333333334,2.72,2.39,2
0.7,1.072333333333333,2.333333333333333,1.501666666666666,2.45,1.82,0
1.233333333333333,2.709,1.2,1.862333333333333,4.58,1.85,1
0.95,0.9711666666666666,1.783333333333333,1.9515,1.1,1.37,1
2.483333333333333,2.2175,1.9,2.9445,1.04,0.673,1
0.5833333333333333,0.7883333333333333,0.9166666666666666,1.9355,0.889,5.73,1
3,2.845,0.5833333333333333,0.6553333333333333,8.210000000000001,11.11,1
4.783333333333333,2.662166666666667,0.95,1.940333333333333,7.78,2.14,1
0.6666666666666666,0.9208333333333334,2.85,2.941,1.39,0.889,1
3.75,3.229,2.25,1.899166666666667,1.82,1.98,1
1.533333333333333,1.9215,2.933333333333333,2.389833333333333,11.11,1.04,2
1.85,2.046833333333333,0,1.0715,2.14,4.58,2
3.283333333333333,2.407666666666667,3.083333333333333,2.8625,2.39,2.45,3
1,0.9724999999999999,2.116666666666667,1.963333333333333,0.673,7.78,2
1.683333333333333,2.9615,4.183333333333334,2.851666666666667,5.73,1.1,4
1.583333333333333,1.479833333333333,0.7333333333333334,1.0605,1.85,6.07,0
1.7,1.499166666666667,2.616666666666667,2.273833333333333,1.37,2.72,2
2.15,1.753166666666667,1.366666666666667,1.002833333333333,3.81,8.210000000000001,0
2.733333333333333,2.577166666666667,0.7333333333333334,1.173333333333333,7.78,5.73,2
3.516666666666667,2.110833333333333,1.9,1.259666666666666,6.07,1.82,1
0.5833333333333333,0.8603333333333334,2.083333333333333,1.273,1.1,1.85,0
2,1.704,2.666666666666667,2.114333333333333,1.37,1.04,4
2.866666666666667,2.053,1.683333333333333,2.696,2.72,0.673,1
1.783333333333333,2.152,2.716666666666667,2.392333333333333,4.58,1.39,1
1.033333333333333,1.447333333333333,0.5333333333333333,0.9513333333333334,0.889,11.11,0
0,0.7096666666666667,2.033333333333333,1.618,2.45,3.81,2
1.083333333333333,1.318,1.583333333333333,1.994666666666667,1.98,2.14,2
3.183333333333334,2.714333333333333,1.116666666666667,1.434,8.210000000000001,2.39,3
2.683333333333334,2.299666666666667,1.45,1.454333333333333,1.82,1.85,3
1.616666666666667,1.857333333333333,2.566666666666666,2.319833333333333,4.58,7.78,5
1.783333333333333,1.353,0.65,0.9794999999999999,1.98,8.210000000000001,2
2.3,1.429666666666667,1.25,1.851333333333333,2.39,1.37,2
1.666666666666667,1.377833333333333,1.283333333333333,2.785666666666667,2.14,0.673,1
2.783333333333333,2.886333333333334,1.933333333333333,1.978833333333333,5.73,1.39,1
1.5,2.018,2.883333333333333,2.273833333333334,3.81,1.1,6
0.45,1.341,2.066666666666666,1.64,1.04,2.72,1
2.116666666666667,2.3985,3.45,2.734666666666667,11.11,2.45,4
0.5833333333333333,1.020833333333333,0.7,0.6755,0.889,6.07,1
3.083333333333333,2.178,0.2,0.6695,1.82,11.11,2
2.983333333333333,2.422166666666667,2.366666666666667,1.8125,2.72,2.14,1
3.483333333333333,2.469333333333333,2.616666666666667,1.624833333333333,6.07,3.81,1
0.6666666666666666,1.019333333333333,3.733333333333333,2.2465,2.45,1.04,1
1.2,1.0685,3.166666666666667,1.737,1.1,4.58,2
2.233333333333333,1.560666666666667,1.866666666666667,1.661166666666667,0.673,5.73,1
2.933333333333334,2.1955,3.116666666666667,2.949666666666666,1.37,0.889,1
1.916666666666667,1.952,1.983333333333333,2.325666666666667,1.39,1.98,1
1,1.021166666666667,1.9,1.731333333333333,1.85,2.39,4
3.116666666666667,2.144166666666667,1.2,1.019,7.78,8.210000000000001,0
2.516666666666667,2.491166666666667,1.266666666666667,2.135333333333334,8.210000000000001,1.37,3
3.233333333333333,2.2065,1.483333333333333,0.9968333333333332,11.11,2.72,1
1.266666666666667,1.358333333333333,2.116666666666667,1.6735,2.39,1.82,1
1.866666666666667,2.482833333333334,1.6,1.367666666666667,1.39,1.85,3
0.5333333333333333,1.777666666666667,1.283333333333333,2.682,0.889,0.673,0
2.866666666666667,1.746833333333333,3.233333333333333,1.493166666666667,1.98,4.58,2
1,1.467,3.066666666666667,2.388166666666667,2.45,7.78,1
1.333333333333333,0.9583333333333333,2.8,2.389833333333333,1.04,1.1,1
4,2.828833333333333,2.066666666666666,1.9945,3.81,2.14,7
2.133333333333333,2.958166666666667,2.083333333333333,1.934666666666667,5.73,6.07,1
2.45,2.207166666666667,2.733333333333333,1.866666666666667,4.58,3.81,3
2.116666666666667,1.601666666666667,3.233333333333333,2.577333333333333,1.82,5.73,1
1.4,1.495666666666667,2.033333333333333,2.641833333333333,7.78,1.98,1
2.283333333333333,1.605166666666667,2.383333333333333,2.009166666666667,2.14,1.04,1
1.883333333333333,1.600833333333333,1.95,1.548833333333333,1.37,1.39,3
1.666666666666667,1.227,2.066666666666666,1.657,1.1,2.45,1
1.783333333333333,1.646166666666667,1,0.7556666666666667,2.72,8.210000000000001,0
2.333333333333333,0.9729999999999999,2.233333333333333,1.888833333333333,1.85,0.889,3
1.533333333333333,0.8698333333333333,2.683333333333333,1.4745,0.673,2.39,1
3.533333333333333,3.179166666666666,1.166666666666667,1.055166666666667,6.07,11.11,3
1.533333333333333,0.6914999999999999,1.783333333333333,1.821166666666667,1.04,6.07,3
4.15,3.0005,2.966666666666667,1.590166666666667,8.210000000000001,4.58,4
2.65,2.549666666666667,1.733333333333333,1.414166666666667,1.39,1.82,0
1.283333333333333,1.829166666666667,2.1,1.657666666666667,5.73,1.85,3
2.816666666666666,2.451666666666667,2.4,2.583,1.98,1.37,6
2.133333333333333,2.2425,0.45,1.7675,11.11,0.673,3
0.7333333333333334,1.664666666666667,3.483333333333333,2.294833333333333,2.39,2.14,1
0.5833333333333333,1.7325,3.283333333333333,2.514,2.45,2.72,2
5.283333333333333,2.953833333333333,2.583333333333333,2.3635,3.81,7.78,1
0.7,1.472,1.533333333333333,2.0455,0.889,1.1,2
1.483333333333333,1.843666666666667,3.283333333333333,2.007166666666667,1.82,1.04,1
2.05,1.0015,1.65,1.213666666666667,1.85,11.11,1
2.45,1.527166666666667,1.533333333333333,1.615666666666667,1.37,5.73,2
4.7,2.713666666666667,1.233333333333333,0.8196666666666667,6.07,2.45,3
1.783333333333333,1.381666666666667,0.75,0.6701666666666666,2.14,8.210000000000001,2
0.9833333333333334,1.038166666666667,2.35,1.899166666666667,1.1,1.39,2
0.7833333333333333,0.6548333333333334,3.45,2.037,0.673,3.81,3
2,1.539,1.45,1.2655,4.58,0.889,2
0.95,0.7236666666666667,2.033333333333333,1.624,2.72,1.98,5
1.533333333333333,1.030166666666667,1.2,1.174,1.9,2.86,2
3.45,2.750333333333334,2.766666666666667,2.132166666666667,6.98,1.9,3
0.6,0.6863333333333332,0.7,0.396,1.2,9.32,2
3.05,1.6035,1.666666666666667,2.032333333333333,16.38,2.86,4
1.566666666666667,2.200833333333333,1.533333333333333,0.8553333333333333,2.92,8.390000000000001,2
1.116666666666667,1.912833333333333,1.983333333333333,1.408166666666667,1.79,1.41,0
0.5,0.7316666666666667,4.45,3.548,0.925,1.29,2
0,0.8451666666666666,3.116666666666667,1.964833333333333,1.13,5.02,0
2.266666666666667,1.791666666666667,2.55,2.485166666666667,10.22,2.58,1
1.083333333333333,2.424833333333333,1.916666666666667,1.300833333333333,3.13,2.02,0
2.116666666666667,1.537833333333333,1.683333333333333,1.1275,4.1,3.41,1
1.616666666666667,1.841333333333333,0.7,1.1695,1.9,2.92,4
0.8333333333333333,0.8485,1.433333333333333,1.011666666666667,2.58,2.02,0
4.933333333333334,3.533333333333333,1.333333333333333,1.788166666666667,9.32,1.79,3
0,1.5225,0.3333333333333333,1.040166666666667,1.29,10.22,1
1.583333333333333,1.632833333333333,1.083333333333333,1.869166666666667,1.41,4.1,2
3.383333333333333,2.422833333333333,1.65,2.055333333333333,5.02,3.13,6
1,0.3968333333333334,2.366666666666667,2.351,1.2,0.925,1
1.7,1.134166666666667,3.25,3.102166666666667,2.86,1.13,2
1.366666666666667,1.782,1.1,1.425,8.390000000000001,6.98,0
2.816666666666667,2.7195,0.25,0.9211666666666666,3.41,16.38,2
3.183333333333333,2.9735,1.9,1.749166666666667,16.38,5.02,1
3.6,2.885666666666666,0.9166666666666666,0.2536666666666667,6.98,9.32,0
1.233333333333333,1.082666666666667,2.15,2.185166666666666,4.1,1.9,2
1.283333333333333,1.326166666666667,2.4,1.657166666666666,2.02,1.2,2
0.4,1.178,1.683333333333333,1.585333333333333,1.79,2.58,2
1.416666666666667,1.047833333333333,3.233333333333333,3.3545,0.925,2.86,2
1.066666666666667,1.413666666666667,1.783333333333333,2.020166666666666,2.92,3.41,3
0.95,2.0115,0.95,1.5295,3.13,1.41,0
1.983333333333333,1.598833333333333,1.866666666666667,1.255666666666666,10.22,8.390000000000001,3
1,2.014166666666667,3.866666666666667,3.125333333333333,1.13,1.29,1
2,1.681833333333333,2.333333333333333,2.894666666666666,2.92,0.925,5
3.05,2.7425,1.533333333333333,1.2355,9.32,10.22,0
2.416666666666667,3.203833333333334,0.7,0.9973333333333334,3.41,2.02,1
0.3333333333333333,1.199,1.616666666666667,1.3795,1.29,4.1,0
1.4,1.1735,1.783333333333333,1.3225,8.390000000000001,2.58,0
1.333333333333333,1.123666666666667,2.25,2.522,1.2,3.13,0
2.266666666666667,1.8755,0.75,1.4715,2.86,6.98,0
2.483333333333333,2.2035,1.666666666666667,1.445833333333333,1.9,16.38,2
1.366666666666667,1.25,1.416666666666667,1.506,1.41,1.13,3
3.95,2.796,3.2,2.861,5.02,1.79,3
1.7,1.582,1.333333333333333,2.2965,10.22,2.92,3
1.533333333333333,2.861,2.6,2.358666666666667,3.41,1.13,3
1.116666666666667,1.344833333333333,0.5833333333333333,1.596666666666667,2.02,5.02,1
0.6666666666666666,0.9648333333333334,2.733333333333333,2.441,1.79,1.29,2
2.4,2.189,1.9,1.5985,1.41,8.390000000000001,1
2.616666666666667,2.604166666666667,2.466666666666667,1.923,4.1,2.86,3
1,1.4085,0.4,0.4095,2.58,9.32,2
4.633333333333333,2.917166666666667,2.016666666666667,2.420333333333334,16.38,1.2,4
1.6,1.4355,3.416666666666667,2.8385,6.98,0.925,1
0.75,2.328666666666667,4.266666666666667,2.449666666666667,3.13,1.9,0
2.5,1.326,2.066666666666666,1.573666666666667,8.390000000000001,16.38,0
1.233333333333333,1.812166666666667,1.583333333333333,2.417,6.98,2.02,1
0.7,1.038,0.95,1.584833333333333,1.29,5.02,1
0.7,0.6221666666666666,0.65,0.8105,0.925,4.1,2
2.35,1.964833333333333,1.7,1.5585,9.32,3.13,3
3.416666666666667,1.777333333333333,2.866666666666667,1.878333333333333,2.92,1.41,4
0.95,1.212,2.2,1.319,1.2,2.58,1
2.216666666666667,1.690166666666667,1.15,1.795,1.9,3.41,2
0.9,1.417833333333333,2.85,2.434,2.86,1.79,2
1.316666666666667,2.099833333333333,1.7,1.401333333333333,1.13,10.22,1
0.7333333333333334,1.027666666666667,2.483333333333333,2.157833333333333,2.02,0.925,2
1.266666666666667,1.590166666666667,1.7,2.8115,2.58,2.92,0
2.6,2.145,2.15,1.084666666666667,10.22,2.86,1
1.566666666666667,1.383,2.75,2.068666666666667,1.79,1.13,2
1.583333333333333,2.083666666666667,1.166666666666667,0.7726666666666667,1.41,9.32,0
2.65,2.005166666666667,0.2,0.8521666666666665,4.1,6.98,2
4.033333333333333,1.510166666666667,4.116666666666667,2.9585,16.38,1.29,2
1.95,2.528166666666667,1.983333333333333,2.097666666666667,3.41,1.2,1
0.75,1.33,1.933333333333333,1.029166666666667,3.13,8.390000000000001,0
2.783333333333333,2.221166666666667,1.033333333333333,1.222666666666667,6.98,5.02,2
1.75,1.887833333333333,0.9166666666666666,0.5703333333333334,9.32,8.390000000000001,2
2.166666666666667,1.568,2.083333333333333,1.3965,0.925,2.58,0
1.083333333333333,0.6185,2.25,1.926833333333333,1.29,3.13,1
3.833333333333333,2.228,1.15,0.9351666666666668,2.92,16.38,3
1.083333333333333,0.8835,2.666666666666667,1.736,1.2,4.1,1
1.166666666666667,1.766333333333333,2.733333333333333,1.641,2.86,1.41,1
2.033333333333333,1.369333333333334,2.016666666666667,2.009833333333333,1.9,1.79,0
1.916666666666667,2.0505,1.166666666666667,1.303833333333333,10.22,3.41,2
1.233333333333333,1.340166666666667,2.533333333333333,2.381666666666667,1.13,2.02,2
2.366666666666667,1.262166666666667,1.85,2.409666666666666,2.02,2.92,3
0.95,1.559666666666667,1.633333333333333,1.465833333333333,1.41,1.2,2
1.25,1.649,3.266666666666667,2.137833333333333,3.13,1.13,0
1.816666666666667,1.918833333333333,0.9833333333333334,1.021166666666667,1.79,10.22,1
0.9,1.835166666666667,1.166666666666667,1.222166666666667,2.58,6.98,1
1.966666666666667,1.147166666666667,1.683333333333333,1.677166666666666,8.390000000000001,2.86,0
1.316666666666667,1.276833333333333,1.15,0.7126666666666668,1.9,9.32,0
3.266666666666667,2.667333333333334,2.333333333333333,1.720166666666667,5.02,4.1,1
2.966666666666667,2.335,1.616666666666667,1.888666666666667,16.38,0.925,3
1.183333333333333,1.235333333333333,3.316666666666666,3.488,3.41,1.29,1
2.366666666666667,1.921333333333333,1.583333333333333,1.727666666666666,6.98,1.2,3
1.766666666666667,2.140166666666667,1.25,0.9488333333333334,9.32,16.38,0
0.9833333333333334,2.265833333333333,1.316666666666667,1.123666666666667,2.86,3.41,1
0.7833333333333333,0.7675000000000001,1.066666666666667,1.183666666666667,1.29,8.390000000000001,2
3,1.383166666666667,2.15,1.554166666666667,2.02,1.79,1
1.533333333333333,1.496166666666667,2.433333333333334,2.291,4.1,3.13,3
2.816666666666666,1.613666666666667,1.633333333333333,1.956833333333333,10.22,1.41,5
2.3,1.796833333333334,1.616666666666667,1.491333333333333,2.92,5.02,1
1.15,0.8696666666666668,1.083333333333333,1.687333333333333,0.925,1.9,0
2.116666666666667,1.987833333333333,1.2,1.230166666666667,1.13,2.58,0
1.483333333333333,1.7185,2.5,2.158,1.79,2.92,2
2.4,2.301333333333333,0.5333333333333333,0.9359999999999999,16.38,10.22,0
0.9166666666666666,1.271666666666667,1.483333333333333,1.568833333333334,1.41,6.98,0
0.8333333333333333,1.476166666666666,1.383333333333333,1.515,9.32,4.1,0
1.283333333333333,1.391666666666667,1.65,1.710166666666667,1.2,1.13,2
1.9,1.528666666666667,2.233333333333333,2.688,1.9,1.29,2
0.5,1.331666666666667,3.15,2.333333333333333,3.13,0.925,2
1.65,1.583166666666667,1.6,1.642333333333333,8.390000000000001,2.02,2
2.583333333333333,2.5315,0.95,1.579666666666667,5.02,2.86,1
1.083333333333333,1.566333333333334,1.2,1.054166666666667,2.58,3.41,1
2.816666666666666,1.931833333333334,0.45,1.538333333333333,10.22,1.9,1
2.033333333333333,1.640333333333333,0.5333333333333333,0.5803333333333334,2.86,9.32,1
1.65,3.4565,2.083333333333333,1.666833333333333,6.98,1.79,1
1.9,2.237333333333333,1.566666666666667,1.555,1.13,8.390000000000001,3
2.183333333333334,1.555833333333333,0.6,0.7963333333333334,2.02,16.38,0
0.5,0.5713333333333332,2.116666666666667,3.300333333333334,0.925,1.41,1
1.45,1.489,1.25,1.288833333333333,4.1,2.58,0
1.933333333333333,1.772166666666667,2.2,1.907,2.92,3.13,0
0.8666666666666667,1.507,2.7,3.399,1.29,1.2,1
1.583333333333333,1.493666666666667,2.483333333333333,1.565666666666667,3.41,5.02,3
0.4,1.295,2.416666666666667,1.126833333333333,1.41,2.02,2
1.116666666666667,0.9881666666666667,0.2,0.8979999999999999,1.79,4.1,0
2.533333333333333,1.886333333333333,2.016666666666667,2.168,5.02,0.925,4
0.7833333333333333,1.039833333333333,2.366666666666667,2.067833333333334,2.58,1.29,1
1.7,2.02,2.266666666666667,2.052666666666667,9.32,2.92,3
1.166666666666667,1.942,1.7,2.139,3.13,10.22,1
2.116666666666667,2.363666666666667,2.083333333333333,2.125333333333333,1.2,2.86,2
2.916666666666667,2.167333333333334,0.9166666666666666,2.026166666666667,1.9,1.13,4
1.166666666666667,1.792833333333333,2.083333333333333,1.275833333333333,8.390000000000001,3.41,0
2.35,1.413,0.45,0.9490000000000002,16.38,6.98,1
0.5833333333333333,1.2315,1.533333333333333,0.9658333333333333,0.925,9.32,0
1.1,1.8245,2.65,2.0375,4.1,8.390000000000001,1
2.7,2.3605,1.533333333333333,2.437833333333333,3.41,1.79,1
0.7333333333333334,1.41,2.833333333333333,2.808,1.29,1.41,1
1.95,1.307833333333333,0.3333333333333333,1.287333333333333,2.02,1.9,1
0.9333333333333333,3.370333333333333,0.85,1.7245,6.98,3.13,1
1.7,1.4905,2.433333333333334,2.502,2.92,1.2,2
2.283333333333333,1.300833333333333,0.5,1.2365,2.86,2.58,0
1.333333333333333,2.276333333333334,1.95,1.5555,10.22,5.02,0
1.5,1.284,0,1.275333333333333,1.13,16.38,1
0.6666666666666666,1.380666666666667,0.75,1.503166666666667,1.41,1.9,1
0.8333333333333333,1.882833333333333,1.083333333333333,1.831333333333333,4.1,10.22,1
1.516666666666667,1.314833333333334,2.816666666666666,1.400166666666667,2.86,2.02,3
0.9,1.397666666666667,2.233333333333333,2.63,8.390000000000001,0.925,1
2.25,2.291333333333333,3.233333333333333,2.744666666666666,9.32,1.13,2
1.566666666666667,1.712166666666667,1.35,1.3565,1.2,5.02,2
0.75,1.355666666666667,1.65,1.785833333333333,1.29,2.92,3
0.5333333333333333,1.445833333333333,0.7,1.716166666666667,2.58,3.13,1
0.75,2.611666666666666,1.95,1.306666666666667,6.98,3.41,1
1.4,0.7958333333333334,0.5,0.8101666666666667,1.79,16.38,0
2.433333333333334,2.057666666666667,0.7,0.481,3.41,9.32,0
1.083333333333333,1.259166666666667,1.65,2.109333333333333,2.02,1.29,3
4.1,2.633666666666667,1.783333333333333,1.3465,5.02,1.41,5
0.9333333333333333,0.435,1.833333333333333,2.57,1.13,0.925,0
2.166666666666667,1.820333333333333,0.8333333333333333,1.269333333333333,2.92,4.1,3
2.766666666666667,2.073166666666667,3.866666666666667,2.504333333333333,1.9,1.2,1
0.7833333333333333,1.378666666666667,1.1,1.287333333333333,3.13,2.86,1
0.6666666666666666,0.6486666666666667,1.433333333333333,1.695,1.79,8.390000000000001,1
0.7,1.9055,1.583333333333333,1.361166666666667,10.22,6.98,1
2.35,1.9745,0,1.164666666666667,16.38,2.58,1
4.966666666666667,2.349,1.083333333333333,1.066333333333333,5.02,1.9,3
3.066666666666666,2.278,1.616666666666667,1.7595,2.92,6.98,1
0.95,1.461166666666667,1.333333333333333,1.376166666666667,3.13,3.41,0
1.9,1.658833333333333,2.366666666666667,2.346,2.86,1.29,3
2.016666666666667,2.160666666666667,1.9,1.574833333333333,9.32,2.02,3
1.5,0.7035,1.783333333333333,2.321666666666667,0.925,1.79,1
1.283333333333333,2.458333333333333,3.716666666666667,2.255166666666666,4.1,1.13,1
1.566666666666667,1.696833333333333,1.033333333333333,1.385333333333334,1.2,10.22,1
1.233333333333333,0.8823333333333334,0.25,0.6388333333333335,1.41,16.38,0
1.583333333333333,2.035333333333333,0.8333333333333333,1.2225,8.390000000000001,5.02,2
1.283333333333333,1.9485,1.583333333333333,2.308166666666667,6.98,2.92,0
0.5333333333333333,0.9518333333333332,2.283333333333333,1.392,2.58,1.9,0
1.983333333333333,2.199,0.3333333333333333,0.844,2.92,2.86,1
1.083333333333333,1.384166666666667,0.95,1.234333333333333,10.22,0.925,1
2.2,1.426333333333333,1.483333333333333,1.982,1.13,6.98,0
2.2,1.864166666666667,3.116666666666667,1.274666666666667,3.41,1.41,1
1.7,1.765333333333333,3.45,2.3855,2.02,4.1,1
0.95,0.5678333333333334,1.033333333333333,1.038166666666667,1.9,8.390000000000001,1
2.183333333333334,1.708166666666667,2.283333333333333,1.949333333333333,16.38,3.13,7
1.233333333333333,0.7071666666666667,2.483333333333333,1.5045,1.79,1.2,2
0.95,0.9605,0.5,0.7496666666666667,1.29,9.32,0
3.75,1.43,0.8333333333333333,0.9911666666666665,5.02,2.58,1
1.783333333333333,1.730166666666667,0,0.2641666666666667,4.1,16.38,0
0.9833333333333334,1.510166666666667,1.083333333333333,0.8953333333333333,1.2,8.390000000000001,0
1.583333333333333,1.2195,0.45,0.9288333333333333,0.925,3.41,1
2.65,2.309166666666667,1.866666666666667,1.0945,9.32,5.02,4
0.25,0.9468333333333332,1.033333333333333,1.6105,3.13,1.79,0
1.283333333333333,1.197,2.6,1.453166666666667,10.22,2.02,2
0.45,0.3226666666666667,1.083333333333333,1.062666666666667,1.41,2.58,0
1.683333333333333,1.609,1.983333333333333,2.009166666666667,2.92,1.13,2
2.35,2.108166666666667,1.45,1.427833333333333,2.86,1.9,2
0.95,2.452833333333333,3.15,2.643166666666667,6.98,1.29,5
0.5833333333333333,0.7755,1.45,1.257666666666667,1.9,6.98,0
0.2,0.2911666666666667,0.65,1.548,1.41,1.79,2
1.166666666666667,0.9396666666666667,1.283333333333333,0.9586666666666668,2.58,10.22,2
2.283333333333333,1.822333333333333,0,0.5321666666666667,2.86,16.38,0
1.683333333333333,1.104333333333333,3.283333333333333,1.733166666666667,2.02,3.13,2
3.616666666666667,2.327833333333333,3.116666666666667,2.159666666666666,9.32,1.2,1
1,0.9096666666666666,1.083333333333333,1.141833333333333,1.29,0.925,3
1.583333333333333,2.1455,2.933333333333334,1.347333333333333,3.41,4.1,1
3.233333333333333,2.333833333333333,0.5333333333333333,1.768833333333333,8.390000000000001,2.92,1
1.683333333333333,1.096333333333333,2.183333333333334,3.147666666666666,5.02,1.13,2
1.783333333333333,1.011666666666667,0.45,0.8193333333333332,2.02,2.58,2
1.116666666666667,1.5025,3.766666666666667,2.9275,10.22,1.29,2
1.783333333333333,1.856333333333333,2.533333333333333,2.479166666666667,0.925,1.2,2
1.116666666666667,2.058666666666666,1.916666666666667,1.622333333333333,2.92,1.9,2
0.8,0.6828333333333334,0.75,1.174666666666667,1.13,2.86,2
0.5,2.0655,2.233333333333333,1.1935,3.13,5.02,0
1.2,1.491333333333333,1.483333333333333,1.325833333333333,4.1,1.41,1
2.916666666666667,2.5575,0.45,0.7789999999999999,6.98,8.390000000000001,0
1.2,0.8258333333333332,0.5333333333333333,0.7858333333333335,1.79,9.32,0
1.5,0.9473333333333334,1.233333333333333,2.128,1.2,2.02,1
2.616666666666667,1.787166666666667,0,0.4608333333333333,5.02,16.38,0
4.233333333333333,3.184333333333333,1.5,1.350833333333333,9.32,6.98,2
3.5,1.950666666666667,1.533333333333333,1.266666666666667,6.98,2.86,3
1,0.6925,1.283333333333333,1.387666666666667,1.13,1.41,1
1.233333333333333,1.427166666666667,3.316666666666666,2.219333333333334,4.1,1.29,1
1.366666666666667,1.660833333333333,0.8333333333333333,1.251333333333333,2.02,3.41,0
0.7333333333333334,0.7331666666666666,1.3,1.189666666666667,1.79,5.02,2
2.116666666666667,1.712833333333333,1.033333333333333,1.758833333333333,0.925,2.92,4
0.3333333333333333,1.646,1.716666666666667,2.1775,3.13,1.2,1
2.733333333333333,1.751166666666667,2.366666666666667,1.332333333333333,16.38,1.9,2
1.316666666666667,1.061,0.2,0.8013333333333332,2.58,8.390000000000001,0
1.7,1.436666666666667,2.2,1.148833333333333,10.22,9.32,0
1.983333333333333,1.922833333333333,0.5833333333333333,0.9691666666666666,16.38,3.41,2
0.3333333333333333,0.8245,2,1.003833333333333,1.9,3.13,1
1.583333333333333,0.7606666666666667,0,0.3256666666666667,1.2,16.38,0
1.566666666666667,1.645833333333333,0.7,0.8808333333333334,2.92,10.22,0
1.166666666666667,0.5206666666666666,1.45,1.523333333333333,1.13,3.41,0
1.15,1.205333333333333,3.166666666666667,1.783,1.29,1.79,1
2.216666666666667,2.031666666666666,1.283333333333333,0.7268333333333333,8.390000000000001,1.41,3
0.7333333333333334,1.102666666666667,0.65,0.9003333333333333,2.86,4.1,1
3.366666666666667,2.475,1.166666666666667,1.786333333333333,0.925,6.98,0
2.15,1.2265,1.033333333333333,1.477666666666667,5.02,2.02,1
2.116666666666667,2.330833333333334,1.166666666666667,1.236833333333333,9.32,2.58,1
0.9,1.306833333333333,0.9,1.491833333333333,2.02,6.98,1
1.766666666666667,1.091333333333333,2.233333333333333,2.101333333333334,5.02,1.29,6
1.783333333333333,2.240333333333333,2.683333333333334,2.11,4.1,0.925,2
3,2.276333333333334,3.15,2.674833333333333,10.22,1.13,3
1.533333333333333,1.911833333333333,1,1.055333333333333,3.13,9.32,1
1.4,0.9173333333333333,4.283333333333333,3.496166666666667,1.41,2.92,2
0.4,1.225,0.7333333333333334,1.761833333333333,2.58,1.2,1
2.95,2.145833333333333,2.566666666666666,1.627666666666667,3.41,1.9,2
1.866666666666667,1.603833333333333,2.7,2.152666666666667,1.79,2.86,0
1.366666666666667,1.735166666666667,1,1.037,16.38,8.390000000000001,3
0.5,2.074166666666667,3.833333333333333,2.773833333333333,2.58,1.79,2
0.5333333333333333,0.634,0.3333333333333333,0.6535,1.9,4.1,0
2.866666666666667,2.751666666666667,3.866666666666667,2.334,3.41,2.92,1
1.333333333333333,1.105833333333333,3.366666666666667,3.140666666666667,1.29,1.13,3
2.533333333333333,1.9865,2.516666666666667,2.095666666666667,2.86,0.925,4
2.15,2.226833333333333,0,0.6074999999999999,8.390000000000001,10.22,0
1.666666666666667,0.7160000000000001,1.683333333333333,1.543,1.41,3.13,1
2.416666666666667,2.203666666666667,0.5,0.6900000000000001,1.29,16.38,2
0.95,0.381,1.4,1.197333333333333,1.2,3.41,1
2.716666666666667,2.754666666666667,0.25,0.7886666666666666,6.98,4.1,0
1.533333333333333,1.636333333333333,1.283333333333333,1.221,2.92,2.58,0
3.583333333333333,2.337,0,0.7356666666666667,2.86,10.22,1
1.3,1.615666666666667,1.283333333333333,1.935166666666667,0.925,2.02,1
0.2,0.3926666666666666,2.983333333333333,2.013,1.13,1.79,1
1.233333333333333,2.2455,1.783333333333333,1.911833333333333,9.32,1.41,2
0.25,0.5758333333333334,2.033333333333333,1.025166666666667,1.9,5.02,1
1.283333333333333,1.696833333333333,1.283333333333333,1.026833333333333,8.390000000000001,3.13,1
0.7333333333333334,1.323166666666667,2.566666666666666,2.311333333333334,1.79,1.9,2
0.9166666666666666,1.332833333333333,2.233333333333333,1.9685,2.58,0.925,1
1.733333333333333,0.4616666666666667,0.7333333333333334,1.788833333333333,1.41,2.86,0
2.333333333333333,2.489333333333333,0.5,1.1585,3.41,10.22,0
2.566666666666666,2.023833333333334,1.033333333333333,2.274666666666667,4.1,1.2,0
1.483333333333333,1.009666666666667,3.9,2.624,3.13,1.29,2
0.5833333333333333,0.7495000000000001,2.75,2.684333333333333,2.02,1.13,2
1.35,2.1715,0.8333333333333333,1.002833333333333,8.390000000000001,9.32,0
3.4,2.002333333333334,1.833333333333333,1.350333333333333,16.38,2.92,3
3.65,2.2455,1.333333333333333,0.717,5.02,6.98,0
0.6,1.937,2.133333333333333,1.729333333333333,10.22,1.79,4
2.816666666666666,2.120333333333333,0.8333333333333333,1.134166666666667,1.29,3.41,0
0.7,1.405166666666667,0.7833333333333333,1.278666666666667,2.92,2.02,1
0.5833333333333333,0.5111666666666667,1.116666666666667,2.222666666666667,1.2,1.41,0
0.65,2.034333333333334,0.45,0.8956666666666666,6.98,2.58,2
0.5833333333333333,0.9551666666666667,0.9166666666666666,1.312833333333334,0.925,16.38,1
1.566666666666667,2.343,1.033333333333333,0.853,4.1,5.02,3
2.133333333333333,1.957666666666666,0.9333333333333333,1.379666666666667,2.86,8.390000000000001,1
0.3333333333333333,0.7708333333333333,1.783333333333333,1.895333333333333,1.13,3.13,0
1.116666666666667,2.808166666666667,2.566666666666666,2.128666666666667,9.32,1.9,4
0.45,0.5181666666666667,1.2,0.8325,1.2,6.98,0
1.616666666666667,1.6135,2,1.520666666666667,3.13,4.1,1
0.75,1.088833333333333,3.166666666666667,3.001,8.390000000000001,1.29,0
0.8666666666666667,0.7278333333333333,0.95,1.4845,1.79,2.02,0
1.583333333333333,1.874,1.633333333333333,1.539833333333333,1.9,0.925,1
0.45,0.6031666666666666,0.25,0.9338333333333333,1.41,10.22,1
3.7,2.0515,1.2,1.259833333333333,5.02,2.92,4
1.95,2.909833333333333,0.7,1.011666666666667,3.41,2.86,2
3.1,1.851333333333333,1.45,1.768833333333333,16.38,9.32,0
1.233333333333333,1.270833333333333,1.766666666666667,2.002833333333333,2.58,1.13,3
2.166666666666667,1.830666666666667,1.4,1.937666666666667,6.98,1.41,4
2.333333333333333,2.113333333333333,1.233333333333333,1.2465,10.22,16.38,2
1.533333333333333,0.6735,0.7,1.038,0.925,3.13,4
0.3333333333333333,0.9431666666666668,1.783333333333333,1.553333333333333,2.92,1.79,4
2.2,3.009166666666667,1.166666666666667,1.683166666666667,3.41,2.58,3
0.5,0.7681666666666667,1.033333333333333,1.103,2.02,8.390000000000001,1
1.4,1.210666666666667,3.233333333333333,1.2405,1.29,1.9,3
0.7,1.2475,1.7,1.775,1.13,1.2,1
1.4,1.294333333333333,0.8666666666666667,1.062833333333333,4.1,9.32,3
1.033333333333333,1.253,1.2,0.9143333333333333,2.86,5.02,0
1.25,1.298666666666667,3.15,1.831833333333333,8.390000000000001,1.13,4
2.35,1.3825,1.25,1.527333333333333,16.38,2.02,3
2.533333333333333,2.4275,1.833333333333333,1.390666666666667,1.9,10.22,0
2.833333333333333,2.816,0.8333333333333333,1.168666666666667,5.02,3.41,1
1.5,0.8856666666666666,2.65,2.946666666666667,1.2,1.29,2
0.8333333333333333,1.433666666666667,1.283333333333333,1.4145,1.41,0.925,2
1.95,1.652833333333333,1.333333333333333,0.784,2.58,4.1,2
1.333333333333333,1.015333333333333,1.416666666666667,2.417,9.32,2.86,2
1.483333333333333,1.6475,2.433333333333333,1.97,3.13,2.92,1
0.9,1.141333333333333,0.75,1.120166666666667,1.79,6.98,0
1.25,0.9921666666666666,3.15,2.1365,1.29,2.58,1
3.966666666666667,1.9875,1.333333333333333,0.9621666666666667,10.22,3.13,1
3.1,2.0435,2.633333333333333,2.085,4.1,1.79,0
0.8333333333333333,0.9456666666666667,2.333333333333333,1.598166666666667,2.02,1.41,1
2.533333333333333,1.558666666666667,1.1,1.926,0.925,5.02,2
1.45,0.7005,1.083333333333333,0.9975000000000001,2.86,1.2,2
1.083333333333333,0.9455000000000001,4.3,1.834666666666667,1.13,1.9,0
2.6,3.3255,1.283333333333333,0.6671666666666666,3.41,8.390000000000001,1
2.983333333333333,1.703166666666666,1.616666666666667,1.172,6.98,16.38,0
1.533333333333333,1.403,2.4,1.5055,2.92,9.32,0
1.75,1.162,3.183333333333334,2.207166666666667,16.38,1.13,2
0.75,1.901666666666667,1.283333333333333,0.9954999999999999,1.79,3.41,1
2.116666666666667,1.983166666666667,1.416666666666667,2.0565,1.41,1.29,1
1.45,2.3255,2.5,2.3325,1.9,2.02,1
1.866666666666667,1.335,2.116666666666667,2.029666666666667,9.32,0.925,2
2.333333333333333,1.038166666666667,1.366666666666667,1.990666666666667,8.390000000000001,4.1,5
2.383333333333333,3.028,1.95,1.524,5.02,10.22,2
1.783333333333333,1.317333333333333,0.25,0.8401666666666666,3.13,6.98,0
1.916666666666667,1.2885,2.383333333333333,1.521333333333333,1.2,2.92,3