All_Cofs_Col
2.88
4.17
2.21
1.28
6.10
10.16
1.36
5.88
7.41
1.67
4.28
4.85
6.32
4.96
1.47
4.24
4.84
1.67
1.64
4.38
4.98
2.19
3.95
3.00
1.32
6.04
8.44
1.54
4.64
5.71
2.51
3.69
2.70
1.35
5.59
8.15
1.37
5.59
7.56
2.97
3.73
2.31
1.45
5.29
6.21
4.17
4.09
1.80
4.92
4.49
1.63
3.08
3.77
2.23
1.67
4.30
4.74
2.23
3.71
3.11
1.70
3.97
4.96
3.77
4.17
1.87
2.32
3.90
2.84
1.03
21.41
48.15
2.28
3.62
3.07
1.62
4.22
5.32
4.70
4.20
1.70
21.08
9.84
1.12
1.42
5.19
6.93
3.65
3.83
1.97
1.48
4.55
7.03
3.03
3.64
2.30
1.38
5.38
7.69
3.08
3.70
2.26
1.28
5.88
11.22
4.76
4.29
1.67
2.95
3.72
2.32
1.65
4.17
5.13
6.32
4.70
1.49
3.55
3.94
1.99
2.99
3.60
2.34
2.30
3.45
3.19
1.29
6.05
10.33
1.13
9.60
18.93
2.00
3.80
3.61
1.44
4.81
7.29
16.26
8.69
1.16
1.29
6.57
8.82
1.27
6.20
11.06
5.89
4.67
1.53
1.50
4.53
6.68
4.31
4.14
1.78
1.63
4.06
5.62
3.47
3.38
2.20
2.00
3.74
3.68
3.98
4.28
1.81
1.46
5.00
6.50
2.50
3.61
2.77
1.97
3.70
3.83
3.29
3.54
2.20
1.78
3.74
4.79
1.45
4.87
6.98
2.15
3.50
3.47
1.48
4.80
6.35
4.29
3.76
1.85
1.57
4.08
6.23
1.48
4.52
6.98
3.83
3.70
1.97
13.12
6.91
1.22
3.16
3.29
2.39
1.64
4.13
5.40
2.31
3.96
2.82
1.12
9.53
22.19
1.33
5.40
9.27
1.60
4.37
5.44
3.46
3.58
2.14
1.63
4.19
5.37
3.79
3.60
2.01
3.73
3.97
1.93
1.89
3.59
4.32
1.61
4.05
5.74
2.78
3.60
2.51
7.36
5.19
1.40
1.27
6.40
10.19
2.96
3.47
2.42
1.22
6.88
13.81
1.31
5.64
10.01
2.50
3.37
2.92
1.31
5.49
10.51
2.17
3.47
3.45
2.25
3.49
3.26
1.69
3.96
5.06
5.95
4.23
1.58
1.47
4.62
6.92
2.41
3.80
2.77
1.92
3.50
4.29
7.00
4.25
1.51
1.85
3.54
4.60
5.70
4.21
1.60
1.90
3.92
3.87
1.92
3.88
3.81
5.23
4.28
1.63
1.87
3.59
4.42
2.03
3.54
3.80
1.21
7.01
14.87
2.39
3.31
3.14
3.13
3.32
2.38
1.60
4.30
5.47
6.08
4.14
1.57
1.45
5.00
6.54
2.26
3.56
3.15
2.59
3.40
2.79
1.26
6.63
10.08
1.84
3.52
4.71
5.71
4.18
1.60
1.77
3.84
4.65
13.76
7.60
1.19
2.15
3.51
3.46
1.66
4.21
4.97
1.25
6.45
12.15
1.59
4.20
5.79
1.75
4.16
4.38
2.85
3.31
2.60
2.13
3.41
3.65
1.75
4.14
4.43
4.25
4.14
1.78
2.29
3.39
3.24
2.28
3.54
3.12
2.30
3.46
3.14
5.39
4.62
1.56
3.22
3.76
2.16
2.35
3.38
3.14
1.42
5.19
6.78
4.04
3.96
1.85
5.11
4.04
1.67
3.49
3.59
2.10
1.09
11.20
26.07
2.76
3.67
2.47
1.76
3.80
4.77
1.17
7.88
16.34
3.79
4.09
1.88
1.89
3.46
4.53
2.93
3.58
2.39
2.56
3.24
2.90
2.20
3.25
3.60
3.03
3.43
2.39
2.41
3.49
2.99
3.48
3.73
2.05
2.12
3.50
3.51
1.90
3.88
3.89
1.53
4.37
6.21
2.44
3.40
2.98
6.19
5.07
1.46
1.63
4.32
5.13
2.68
3.30
2.75
6.39
5.09
1.44
1.68
4.03
5.06
2.45
3.41
2.92
2.96
3.28
2.52
1.48
4.53
6.70
3.44
3.23
2.26
1.48
4.81
6.20
1.29
5.91
10.06
1.78
3.83
4.50
3.33
3.58
2.17
3.23
4.00
2.09
2.52
3.36
2.89
6.05
4.51
1.53
2.24
3.40
3.30
1.62
3.95
5.87
1.37
5.03
8.49
2.48
3.72
2.70
1.49
4.48
6.77
1.36
5.38
8.29
2.66
3.32
2.74
2.63
3.39
2.74
12.80
7.19
1.21
1.80
4.37
3.86
2.59
3.44
2.75
3.69
3.54
2.06
1.58
4.31
5.76
1.90
3.58
4.29
2.62
3.55
2.66
1.74
3.96
4.68
1.08
11.70
31.48
4.48
3.95
1.78
3.22
3.52
2.24
3.04
3.75
2.25
1.83
3.79
4.38
5.00
4.05
1.68
1.94
3.65
3.95
1.75
4.19
4.37
1.84
3.88
4.21
1.32
5.48
9.48
2.60
3.49
2.70
2.68
3.39
2.69
7.88
5.58
1.36
2.62
3.44
2.74
1.41
4.95
7.79
2.71
3.36
2.66
1.51
4.06
7.53
2.82
3.50
2.49
1.09
12.07
24.32
3.46
3.84
2.02
5.12
4.28
1.63
3.19
3.45
2.28
1.51
4.67
5.94
2.45
3.32
3.02
1.88
3.94
3.94
3.82
4.18
1.86
3.28
3.62
2.19
2.23
3.36
3.42
1.57
4.66
5.38
2.41
3.43
3.03
2.42
3.72
2.82
2.96
3.45
2.44
2.82
3.52
2.50
1.41
4.88
7.72
3.28
3.54
2.22
1.61
4.13
5.71
2.17
3.87
3.13
1.11
10.13
23.91
1.67
3.71
5.93
3.54
3.62
2.08
3.00
3.53
2.38
2.47
3.62
2.79
1.83
3.76
4.40
4.01
3.72
1.91
1.52
4.73
5.92
1.49
4.53
6.71
3.19
3.50
2.27
2.47
3.50
2.86
12.66
6.87
1.22
3.54
3.62
2.07
1.58
4.44
5.53
1.89
3.56
4.37
2.09
3.53
3.59
3.03
3.75
2.26
1.54
4.35
6.32
4.31
4.26
1.75
4.23
3.97
1.81
9.28
5.77
1.32
1.78
3.66
4.87
1.38
5.05
8.45
1.71
4.15
4.68
3.48
3.60
2.11
1.16
8.35
15.68
1.55
4.31
6.13
3.83
3.50
2.03
2.48
3.43
2.90
2.68
3.36
2.71
2.04
3.59
3.74
1.90
3.66
4.16
1.98
3.62
3.90
2.60
3.52
2.71
2.23
3.84
3.03
2.20
3.44
3.40
1.61
3.91
6.05
2.82
3.36
2.58
2.34
3.49
3.08
11.20
6.32
1.26
1.96
3.68
3.90
1.40
4.94
8.09
2.52
3.33
2.95
1.59
4.19
5.88
3.92
3.75
1.93
1.11
10.06
24.25
3.18
3.29
2.38
3.14
3.75
2.20
2.03
3.57
3.76
3.01
3.62
2.32
1.58
4.26
5.77
8.62
5.14
1.37
2.85
3.44
2.52
2.84
3.36
2.56
2.56
3.70
2.65
2.55
3.40
2.83
1.86
3.45
4.73
1.73
3.81
5.01
2.75
3.25
2.73
1.60
4.22
5.65
2.80
3.43
2.57
1.17
8.41
15.46
4.08
4.16
1.81
2.79
3.37
2.61
1.52
4.53
6.29
2.17
3.29
3.66
1.45
4.82
6.86
1.68
3.64
5.89
1.33
5.46
9.43
10.87
5.92
1.28
2.65
3.44
2.71
1.67
3.93
5.48
2.40
3.47
2.98
1.52
4.49
6.46
2.66
3.28
2.81
5.04
4.09
1.68
1.72
4.05
4.74
2.83
3.22
2.67
2.67
3.63
2.59
2.65
3.29
2.79
2.49
3.23
3.05
1.78
3.59
5.00
1.75
4.03
4.51
3.14
3.20
2.46
1.21
7.21
13.40