0.7,1.432333333333333,1.983333333333333,1.936,2
1.066666666666667,1.447166666666666,1.533333333333333,1.774666666666667,2
2.116666666666667,1.6405,1.866666666666667,1.5425,0
2.166666666666667,1.452,1.45,0.9948333333333332,2
1.316666666666667,1.804833333333333,1.566666666666667,1.689,0
1.933333333333333,1.281833333333333,1.116666666666667,1.33,1
1.483333333333333,1.032666666666667,1.316666666666667,1.663,2
1.533333333333333,2.2705,1.866666666666667,1.5095,1
1.583333333333333,2.613166666666666,2.066666666666666,2.426666666666667,1
2.116666666666667,1.273,1.366666666666667,1.213,0
2.066666666666666,1.953166666666667,1.233333333333333,1.661,5
2.566666666666667,2.0945,1.15,0.7356666666666667,2
0.4,0.8601666666666667,2.116666666666667,1.654,1
0.8333333333333333,0.879,2.466666666666667,1.5635,1
1.866666666666667,1.135333333333333,0.5833333333333333,1.385166666666667,1
1.766666666666667,1.314166666666667,2,1.473833333333334,2
0.3333333333333333,0.65,2.866666666666667,1.044666666666667,1
1.483333333333333,1.947666666666667,0.6,0.9375,1
0.5,1.0055,1.733333333333333,1.1425,2
1.733333333333333,1.613666666666667,1.566666666666667,2.008666666666667,2
0.9,1.437,1.233333333333333,0.8573333333333333,2
1.033333333333333,0.7938333333333334,1.983333333333333,1.836,1
0.9,1.223,1.4,1.134833333333333,1
1.4,0.9448333333333334,1.666666666666667,1.124833333333333,2
1.566666666666667,0.9113333333333333,2,2.0385,1
1.916666666666667,1.606166666666667,1.366666666666667,1.426,1
1.533333333333333,2.098333333333334,2.066666666666666,2.0555,3
2.066666666666666,1.9205,0.9833333333333334,1.900333333333333,2
1.75,1.182666666666667,0.9,0.9604999999999999,0
3.116666666666667,2.361,1.15,1.0695,3
4.316666666666666,2.863166666666666,1.116666666666667,1.043833333333333,3
1.566666666666667,1.361833333333333,3.233333333333333,1.6625,1
1.033333333333333,0.9241666666666668,3.516666666666667,1.645833333333333,0
0.9166666666666666,1.314833333333333,1.816666666666667,2.520166666666667,2
0.8333333333333333,1.0935,1.033333333333333,1.144833333333333,3
1.033333333333333,1.13,1.983333333333333,1.545166666666667,1
0.9833333333333334,0.7878333333333333,1.333333333333333,1.3635,2
1.116666666666667,1.273166666666667,2.366666666666667,2.138166666666667,3
3.666666666666667,1.976833333333333,0.3333333333333333,0.9675,2
1.283333333333333,1.789,1.416666666666667,0.5068333333333332,0
0.8333333333333333,0.9765,1.733333333333333,1.926166666666667,2
0.9166666666666666,1.260333333333334,2.4,2.738333333333333,1
1.416666666666667,1.445333333333333,1.333333333333333,2.079666666666667,1
0.9833333333333334,1.729666666666667,1.533333333333333,1.714666666666667,4
1.733333333333333,1.530666666666667,0.8666666666666667,2.5855,1
1.1,0.8891666666666667,1.083333333333333,0.882,2
1.45,2.151333333333334,1.25,1.934,2
2.066666666666666,2.302,1.616666666666667,0.8693333333333333,3
2.9,2.535,1.816666666666667,1.116333333333333,1
1.783333333333333,1.862666666666667,0.75,0.7086666666666668,0
1.45,1.915333333333333,1.55,2.0555,0
1.066666666666667,1.124,3.25,2.728166666666667,2
1.283333333333333,1.181,1.866666666666667,1.563333333333333,0
1.333333333333333,1.518333333333333,1.95,1.495666666666667,1
2.566666666666666,1.980833333333333,1.9,2.219333333333333,2
4,2.212333333333333,0.7833333333333333,1.262,3
1.4,1.327666666666667,0.8666666666666667,1.157666666666667,2
1.366666666666667,0.8856666666666667,0.65,0.35,1
0.9833333333333334,0.6918333333333334,1.916666666666667,2.045833333333333,3
2.45,2.645166666666666,1.4,1.197333333333333,1
1.266666666666667,2.226666666666667,3.15,1.600166666666667,2
1.033333333333333,1.790333333333333,1.483333333333333,1.084833333333333,1
2.183333333333334,2.226333333333333,1.233333333333333,2.096,4
2.45,1.569833333333333,0.25,0.5926666666666667,0
0.8666666666666667,1.444666666666667,1.766666666666667,2.047166666666667,3
1.233333333333333,1.026833333333333,2.783333333333333,2.479,0
1.283333333333333,1.454,1.116666666666667,1.269666666666667,0
2.15,1.437666666666667,1.383333333333333,0.5703333333333334,1
0.7,1.175666666666667,1.533333333333333,1.2495,1
0.9833333333333334,1.154833333333333,1.25,0.9333333333333333,0
0.45,0.6711666666666667,0.7833333333333333,1.587333333333333,0
2.533333333333333,2.133,2.333333333333333,1.744333333333333,0
1.7,1.009666666666667,0.25,1.61,0
0.9833333333333334,0.618,1.766666666666667,1.538833333333333,1
0.45,1.245666666666667,1.683333333333333,1.5475,1
2.1,2.201666666666667,2.566666666666666,1.564666666666667,2
1.533333333333333,1.168333333333333,0.8333333333333333,0.5845,1
1.566666666666667,0.8118333333333333,1.9,1.954666666666667,2
1.316666666666667,1.776166666666667,1.2,1.151166666666667,1
1.833333333333333,1.665833333333333,1.4,0.8436666666666666,0
2.4,1.664,0.7833333333333333,1.199,2
2.566666666666666,2.3305,0.5333333333333333,0.8333333333333334,1
0.2,0.4426666666666667,0,0.505,0
1.183333333333333,1.112833333333333,1.033333333333333,1.573333333333333,1
0.45,1.155,1.783333333333333,2.176,1
0.45,0.8756666666666666,1.283333333333333,1.379,1
3.033333333333333,2.9315,1.75,1.703333333333333,2
1.75,1.56,0.4,1.1105,2
0.5,1.186166666666667,2.516666666666667,1.592,0
1.283333333333333,1.3025,2.783333333333333,2.305,4
1.35,1.701166666666667,1.2,1.8615,2
0.95,1.231666666666667,1.616666666666667,1.788333333333333,4
2.266666666666667,2.782166666666667,1.45,1.304666666666667,0
1.316666666666667,0.9208333333333333,2.066666666666666,2.3315,3
2.266666666666667,1.497666666666667,1.733333333333333,1.0625,1
1.25,1.099333333333333,0.9333333333333333,1.0955,2
1.783333333333333,0.8325,2.316666666666666,1.578666666666667,1
0.8333333333333333,0.9436666666666667,0.7833333333333333,0.7035,0
1.033333333333333,1.1185,1.25,0.5085,1
1.733333333333333,2.135,0,1.286166666666667,2
0.5333333333333333,1.380666666666667,0.45,0.6933333333333334,0
1.533333333333333,1.666666666666667,1.866666666666667,1.608,1
2.283333333333333,1.613833333333333,1.833333333333333,1.956833333333333,1
1.766666666666667,1.1685,0.5,0.4876666666666667,3
1,1.5425,2.033333333333333,1.779166666666667,3
2.466666666666667,2.4905,1.25,1.453333333333333,3
2.2,1.759166666666667,2.283333333333333,1.643666666666667,0
1,0.6276666666666667,1.416666666666667,1.7615,0
0.7,0.9928333333333333,1.166666666666667,1.4225,1
1.333333333333333,1.664166666666667,1.033333333333333,1.308166666666667,0
1.233333333333333,0.8638333333333335,2.166666666666667,1.858833333333333,0
0.45,0.9128333333333334,3.066666666666666,2.068,4
1.25,1.315833333333333,0.6666666666666666,0.6588333333333334,0
1.333333333333333,1.896333333333333,2.4,1.998833333333333,1
2.166666666666667,1.667,0.25,1.2005,1
1.533333333333333,0.6693333333333333,1.033333333333333,1.064333333333333,3
2.366666666666667,1.820833333333333,1.666666666666667,1.928666666666667,0
2.85,1.385833333333333,0.8333333333333333,0.9776666666666667,3
0.25,1.153666666666667,3.483333333333333,3.277833333333334,1
1.9,1.322,0.4,1.724,2
0.7,1.541666666666667,0.5,0.806,2
2.15,1.833166666666667,0.95,1.115,2
1.5,1.076666666666667,1.25,0.8190000000000001,1
1,1.2415,1.333333333333333,1.118166666666667,1
0.7333333333333334,0.906,1.533333333333333,1.515333333333333,2
1.083333333333333,0.7934999999999999,2.45,1.955666666666667,2
1.416666666666667,1.918833333333333,3.5,2.122666666666666,0
1.25,1.8665,0.95,1.161166666666667,2
3.383333333333333,1.985333333333333,1.616666666666667,0.5233333333333333,1
0.2,1.370666666666667,1.883333333333333,2.000833333333333,2
1.1,1.8805,1.833333333333333,2.8225,2
1.233333333333333,1.344,0.65,1.599666666666667,3
1.333333333333333,1.546166666666666,1.2,1.0795,1
1.95,2.060333333333333,4.233333333333333,3.373666666666667,2
3.6,1.8,1.683333333333333,1.887333333333333,3
1.333333333333333,1.254833333333333,2.7,1.770666666666667,0
3.133333333333333,3.408333333333333,2.4,2.387666666666667,0
2.95,1.777666666666667,1.4,1.379,0
2.4,2.900666666666667,0.8333333333333333,1.045,2
0.6666666666666666,0.8603333333333332,2.1,1.562666666666667,2
3.016666666666667,1.661833333333333,0.9833333333333334,0.4413333333333334,1
2.366666666666667,2.077166666666667,1.416666666666667,1.317833333333333,1
2.033333333333333,1.389333333333333,1.783333333333333,0.9441666666666667,0
1.433333333333333,1.148166666666667,2.616666666666667,1.725166666666667,0
2.016666666666667,1.5915,2.166666666666667,1.871833333333333,0
1.15,1.372666666666666,1.166666666666667,1.622,0
1.916666666666667,1.051833333333333,1.433333333333333,1.178166666666667,1
0.5833333333333333,1.071166666666667,3.016666666666667,1.9065,0
2.616666666666667,1.351,0.9166666666666666,0.7688333333333333,1
0.5833333333333333,0.9186666666666667,1,1.952,1
0.5333333333333333,1.776333333333333,4.966666666666667,3.773333333333333,4
3.916666666666667,3.159333333333334,1.116666666666667,1.586,3
1.666666666666667,2.009166666666667,1.7,2.647166666666667,4
1.033333333333333,1.524666666666667,0.95,0.6423333333333333,2
1.416666666666667,1.493666666666666,1.2,0.903,0
2,1.934333333333333,1.95,1.72,1
1.7,1.1395,0.8333333333333333,1.945,1
1.5,1.343333333333333,1.866666666666667,1.623166666666667,2
1.7,2.465,2.433333333333334,1.5085,2
1.533333333333333,2.146666666666667,2.033333333333333,1.379,1
2.233333333333333,0.6826666666666668,2.266666666666667,2.034833333333333,0
1.433333333333333,1.3975,0.9833333333333334,1.271833333333333,2
1.483333333333333,1.203333333333333,1.816666666666667,1.596166666666667,2
1.983333333333333,2.024666666666667,1.283333333333333,1.051666666666667,2
0.95,1.489,1.433333333333333,1.7115,1
1.483333333333333,2.170666666666667,1.933333333333333,1.580833333333333,0
0.7,1.8895,1.15,1.144,1
2.4,1.564166666666667,1.65,1.7125,4
0.5833333333333333,0.9441666666666667,2.916666666666667,2.215,4
4.016666666666667,2.454833333333333,1.583333333333333,1.628,1
1.666666666666667,1.204666666666667,2.433333333333333,2.8925,1
0.5333333333333333,1.438333333333333,2.083333333333333,2.1115,1
1.183333333333333,1.686833333333333,2.983333333333333,2.5565,3
1.683333333333333,1.566666666666667,0.25,0.4598333333333333,0
1.15,1.467833333333334,1.416666666666667,1.448833333333333,0
1.333333333333333,1.9555,1.683333333333333,1.734833333333333,0
4.65,3.311166666666667,1.533333333333333,1.679666666666666,5
2.733333333333333,2.046,1.616666666666667,1.5335,0
1.866666666666667,1.925833333333333,3.566666666666666,2.852666666666667,3
1.916666666666667,1.594,1.083333333333333,1.570333333333333,3
0.95,1.256333333333334,1.283333333333333,1.03,0
1.2,0.7531666666666667,1.7,1.303833333333333,1
0.8666666666666667,0.9176666666666666,1.283333333333333,1.8735,2
0.5833333333333333,2.244,3.583333333333333,3.216,1
3.733333333333333,2.993,0.3333333333333333,1.1045,1
2.033333333333333,1.455166666666666,0.8666666666666667,1.727666666666667,0
2.433333333333334,1.9645,1.616666666666667,0.6306666666666667,0
2.116666666666667,1.643166666666667,1.316666666666667,1.081666666666667,2
1.616666666666667,1.037666666666667,2.733333333333333,2.041666666666667,1
0.5833333333333333,1.749,1.15,1.161666666666667,2
1.9,1.7675,0.9,1.300833333333333,1
1.05,1.158833333333333,1.65,1.589166666666667,0
1.45,1.628333333333333,1.45,1.473833333333333,3
1.233333333333333,1.408333333333333,0,0.268,0
0.5333333333333333,1.463333333333333,2.383333333333333,2.599666666666667,2
4.266666666666667,2.891666666666667,1.783333333333333,1.658666666666667,1
1.2,1.9545,3.033333333333333,3.2855,1
2.9,2.448333333333333,2.3,2.3535,1
1.033333333333333,1.639666666666667,2.866666666666667,1.752666666666666,0
2.2,2.257333333333333,3.4,2.538,2
0.8,1.194833333333333,2.033333333333333,2.192333333333333,5
0.7833333333333333,0.7955000000000001,0.95,1.301333333333333,1
0.9833333333333334,1.317,1.75,1.645166666666667,1
1.2,0.9846666666666667,2.316666666666666,1.864833333333333,1
2.533333333333333,2.0905,0.65,0.3953333333333334,1
2.316666666666666,2.561,0.5333333333333333,0.993,2
2.05,1.215333333333333,2.066666666666666,1.071833333333333,1
2.066666666666666,1.297833333333333,0.9166666666666666,1.195833333333333,0
1.033333333333333,1.414333333333333,1.333333333333333,1.316833333333333,0
1.566666666666667,0.7559999999999999,2.45,1.499666666666667,2
1.433333333333333,1.4275,0,0.281,0
2.5,1.111666666666667,1.883333333333333,2.213,3
1.75,2.072,1.766666666666667,1.359166666666667,3
0.5,0.8863333333333334,1.083333333333333,1.862333333333333,2
1.366666666666667,1.8445,2.25,1.547166666666667,3
0.45,1.002666666666667,1.083333333333333,1.088,2
2.333333333333333,2.6115,2.533333333333333,2.255166666666667,0
1.45,1.1615,1.5,0.7713333333333332,0
3.266666666666667,2.528666666666667,2.866666666666667,3.088,5
1.833333333333333,1.794666666666667,0.8333333333333333,1.550333333333333,1
1.533333333333333,2.159166666666667,0.5833333333333333,0.958,1
1.816666666666667,1.492166666666666,1.233333333333333,0.8895000000000001,1
0.8333333333333333,0.7524999999999999,0.45,1.466166666666667,0
1.15,1.208666666666667,0.8333333333333333,1.835666666666667,2
1.333333333333333,1.481833333333333,1.366666666666667,1.390666666666667,1
0.95,1.943166666666666,3.116666666666667,2.910333333333333,2
0.5333333333333333,0.652,1.9,1.732166666666667,1
1.033333333333333,1.135666666666667,1.916666666666667,1.455166666666667,2
1.666666666666667,2.013333333333333,2.233333333333333,1.949833333333333,0
2.816666666666666,1.800166666666667,0.8333333333333333,0.6116666666666666,1
4.316666666666666,2.217833333333334,1.616666666666667,1.495666666666667,4
2.1,1.460333333333333,1.4,1.228666666666667,0
1.033333333333333,1.430666666666667,1.45,1.547833333333334,3
0.95,1.697833333333333,1.5,1.163,1
2.65,1.855166666666667,0.7833333333333333,1.366666666666667,2
1.166666666666667,1.402666666666667,0,0.3723333333333333,0
0.9166666666666666,1.609666666666667,3,1.320166666666667,1
0.45,1.072333333333333,1.45,1.914833333333333,0
0.5,0.7665,1.116666666666667,1.947666666666667,2
1.85,1.456666666666667,2.816666666666666,2.546833333333333,3
1.866666666666667,1.562,0.7,1.721166666666667,1
1.033333333333333,1.5055,0.75,1.269833333333333,1
2.45,1.2355,0,0.9093333333333333,2
1.283333333333333,1.3545,1.45,1.622666666666667,0
0.9166666666666666,1.534333333333333,1.033333333333333,0.8765000000000001,1
0.5333333333333333,0.874,0.8666666666666667,1.204666666666667,2
1.983333333333333,1.643666666666667,3.416666666666667,3.226833333333333,1
1.2,1.677666666666667,1.033333333333333,1.379666666666667,3
1.5,2.132666666666667,2.083333333333333,1.734,2
0.7,0.8488333333333333,1.283333333333333,0.6661666666666667,0
1.15,1.643833333333333,2.5,2.1055,0
4.083333333333333,2.721333333333333,1.533333333333333,1.122666666666667,1
0.65,1.2535,1,1.310666666666667,2
1.1,1.4155,0.75,1.507166666666667,1
2.2,1.811833333333333,1.6,2.1005,0
1.166666666666667,1.250166666666667,2.483333333333333,1.866833333333333,0
1.333333333333333,1.883,0,0.57,1
1.766666666666667,1.356833333333333,2.066666666666666,2.238166666666667,1
1.95,2.6325,1.45,1.768833333333333,3
0.45,1.223,0.8333333333333333,1.7435,1
1.866666666666667,1.578833333333333,0.8333333333333333,1.994666666666667,1
3.233333333333333,2.060166666666666,1.183333333333333,1.071,1
1.233333333333333,1.571666666666667,0.95,0.5616666666666666,3
0.95,2.059,1.083333333333333,1.401666666666667,3
1.416666666666667,1.438,1.283333333333333,0.6826666666666666,1
0.7833333333333333,1.683333333333334,0.8333333333333333,2.308833333333333,1
1.75,1.446,1.066666666666667,1.940333333333333,4
1.2,2.575,1,1.241,2
1.916666666666667,1.070333333333333,3.45,2.313,1
0.3333333333333333,0.8133333333333332,2.483333333333333,1.930833333333333,0
0.65,1.075833333333333,1.783333333333333,1.779833333333333,0
2.233333333333333,1.608666666666667,1.5,1.5285,0
2.033333333333333,1.8435,2.083333333333333,1.6845,1
0.8333333333333333,1.688333333333333,0.3333333333333333,1.082,1
0.25,1.154333333333333,1.55,1.184333333333333,2
2.35,2.2285,1.516666666666667,1.628166666666667,3
2.033333333333333,2.4955,1.4,1.480666666666667,2
1.35,1.264833333333333,1.733333333333333,1.281666666666667,2
0.7,1.358166666666667,2.533333333333333,1.961333333333334,0
3.633333333333333,2.214333333333333,1.666666666666667,2.179666666666667,1
0.7,0.8506666666666667,2.433333333333334,1.859833333333333,0
1.233333333333333,1.495166666666667,1.15,1.362333333333333,4
1.483333333333333,1.559333333333333,1.25,1.247166666666667,2
1.666666666666667,2.077666666666667,1.283333333333333,1.488,3
0.5333333333333333,1.523666666666667,1.283333333333333,1.579666666666667,3
2.533333333333333,1.8505,2.7,2.512666666666667,4
1.45,2.294666666666667,0.3333333333333333,1.406333333333333,0
0.7833333333333333,0.7301666666666667,2.233333333333333,2.279333333333333,1
2.483333333333333,2.948,0.5333333333333333,1.57,2
1.533333333333333,1.596666666666667,1.916666666666667,1.209666666666667,0
1.85,1.972833333333333,1.483333333333333,1.907333333333333,6
1.45,1.379166666666667,0.95,2.0395,0
3.033333333333333,2.070833333333333,1.383333333333333,1.2525,3
0.25,1.0785,2.416666666666667,1.801,2
0.95,2.0845,1.416666666666667,1.037,2
1.283333333333333,1.372,1.833333333333333,2.42,5
0.6666666666666666,0.7065,2.4,2.260833333333333,1
2.033333333333333,1.537333333333333,0.7,1.211666666666666,1
3.716666666666667,2.069166666666667,1.2,1.0295,3
1.283333333333333,1.888666666666666,1.783333333333333,1.6905,0
1.116666666666667,1.8115,1.2,1.0265,3
1.166666666666667,0.764,3.683333333333334,2.768,0
2.233333333333333,1.824166666666667,1.45,0.9933333333333332,1
0.7,0.7761666666666667,2.3,2.312666666666666,2
0.25,0.6345,1.333333333333333,1.887333333333334,2
2.65,2.4705,0.7,1.007,1
1.7,1.267333333333333,0.25,0.8243333333333333,1
3.55,2.411833333333333,1.266666666666667,1.3475,1
0.5333333333333333,1.863833333333333,0.9,0.7071666666666667,2
1.533333333333333,1.643333333333334,0.8666666666666667,2.516333333333333,1
1.166666666666667,1.487166666666667,2.7,1.833833333333333,1
1.866666666666667,1.2435,2.316666666666666,1.525666666666667,0
3.4,2.523166666666667,0.45,1.284333333333333,2
1.666666666666667,1.562333333333333,0.75,3.499666666666667,2
0.7333333333333334,1.333166666666667,2.45,1.6345,0
0.95,1.705333333333333,3.116666666666667,1.977,3
1.75,2.279666666666667,1.933333333333333,2.446166666666667,1
1.6,3.043666666666667,0.8333333333333333,1.096333333333333,2
0.7833333333333333,1.063333333333333,1.616666666666667,1.607166666666667,2
2.6,2.002,1.816666666666666,1.759833333333333,2
1.4,2.0705,0.7333333333333334,1.861166666666667,2
0.6666666666666666,0.7636666666666667,2.166666666666667,1.346666666666667,0
3.183333333333334,2.238666666666667,0.5833333333333333,1.008833333333333,3
0.6666666666666666,0.9058333333333334,2.966666666666667,2.396166666666667,0
1.183333333333333,1.679666666666667,1.3,1.610166666666667,0
2.15,1.071166666666667,0.9333333333333333,0.8754999999999999,0
1.933333333333333,1.458833333333333,3.75,1.802,1
1.133333333333333,1.518666666666667,1.416666666666667,1.972833333333333,1
3.533333333333333,1.554,1.233333333333333,0.6146666666666666,1
0.8666666666666667,2.013166666666667,0.3333333333333333,1.251666666666666,2
2.266666666666667,2.050166666666667,2.416666666666667,3.053833333333333,5
1.583333333333333,1.883833333333333,1.616666666666667,1.505833333333334,3
1.75,2.377666666666666,1.066666666666667,1.186,1
2.866666666666667,2.386333333333333,3,2.533666666666667,4
0.7,1.272,2.683333333333334,2.205833333333334,2
2.366666666666667,1.7725,1.566666666666667,1.595833333333333,1
1,1.266166666666667,1.7,1.4605,0
1.483333333333333,1.157833333333333,2.166666666666667,1.697666666666667,1
2.416666666666667,2.465833333333333,0.9,1.041166666666667,2
1.566666666666667,1.258333333333333,1.283333333333333,1.620333333333333,3
