2,1.307166666666667,1.916666666666667,1.348166666666667,3
0.5,1.056833333333333,3.7,2.051833333333333,0
2.316666666666666,1.499,2.166666666666667,1.669333333333333,1
2.366666666666667,1.946166666666667,1.9,2.363166666666666,1
3.866666666666667,2.365833333333333,2.666666666666667,1.6895,0
2.816666666666666,2.1875,1.033333333333333,2.057166666666667,0
0.7,0.8001666666666667,0.75,1.233833333333333,0
1.366666666666667,1.219,0.25,1.015166666666667,0
0.2,1.248333333333333,1.033333333333333,0.8198333333333334,1
1.666666666666667,1.766,2.266666666666667,1.316833333333333,1
0.7,1.0815,1.866666666666667,0.6848333333333333,1
1.616666666666667,2.603166666666667,0.9,1.097833333333333,1
2.9,1.175833333333333,1.916666666666667,1.405666666666667,0
1.5,1.229333333333333,1.733333333333333,1.365166666666667,2
1.55,0.9976666666666666,1.166666666666667,1.146666666666667,1
1.366666666666667,1.168,1.2,1.054666666666667,1
1.333333333333333,1.4655,1.7,1.7895,2
1.783333333333333,1.303,0.2,0.7981666666666666,4
1.366666666666667,1.113166666666667,1.733333333333333,2.5045,0
1.9,0.9561666666666666,0.8333333333333333,1.093,1
1.9,1.1835,3.15,2.494,1
1.15,1.1315,0.95,1.3525,1
1.733333333333333,1.132833333333333,1.983333333333333,1.4685,0
3.733333333333333,3.017833333333333,2.483333333333333,1.040333333333333,4
1.283333333333333,1.5195,1.833333333333333,2.207833333333333,1
0.5,0.6636666666666666,2.4,1.459666666666667,1
0.75,1.260333333333333,1.533333333333333,0.743,1
1.333333333333333,1.3965,1.75,1.461166666666667,0
2.65,1.6285,1.866666666666667,1.396166666666667,4
1.983333333333333,1.739,0.5,1.125333333333333,0
0.9,1.106,2.233333333333333,1.371166666666667,1
1.35,0.9291666666666667,1.583333333333333,0.8341666666666667,1
1.733333333333333,1.146666666666667,2.666666666666667,2.993166666666666,1
1.333333333333333,1.6625,1.45,2.9225,0
1.083333333333333,1.3205,1.4,1.640166666666667,2
1.866666666666667,1.737166666666667,1.616666666666667,1.989,1
2.166666666666667,2.9715,1.233333333333333,1.069,1
1.333333333333333,1.336666666666667,2.033333333333333,2.21,0
3.533333333333333,3.163166666666667,0.3333333333333333,0.7006666666666668,1
2.483333333333333,2.860166666666666,1.833333333333333,2.479666666666667,0
2.083333333333333,1.333333333333333,2.2,1.4305,0
0.5833333333333333,1.371166666666667,3.083333333333333,2.624833333333334,2
0.7833333333333333,1.247166666666667,2.033333333333333,1.824333333333333,1
1.083333333333333,1.246333333333333,2.033333333333333,2.049166666666666,1
1.7,1.356166666666667,1.683333333333333,1.560833333333334,0
1.45,1.346,2.483333333333333,1.152333333333333,1
2.2,1.9255,1.033333333333333,0.5036666666666667,0
1.333333333333333,0.7483333333333334,1.25,1.481666666666667,0
4.283333333333333,2.630833333333333,1.25,1.6145,2
2.833333333333333,2.142333333333333,2.083333333333333,1.233333333333333,1
0.95,1.8325,1.983333333333333,2.168666666666667,1
1.2,1.277333333333333,1,2.646166666666667,1
2.383333333333333,2.299666666666667,2.983333333333333,2.5785,2
1.116666666666667,1.575833333333333,2.033333333333333,0.7478333333333333,0
1.533333333333333,1.480166666666667,0.5333333333333333,0.7826666666666666,0
1.483333333333333,2.0245,1.533333333333333,1.439833333333333,1
2.733333333333333,2.2585,1.95,2.879333333333333,1
1.95,2.856,1.783333333333333,1.54,0
1.45,1.178666666666667,2.533333333333333,1.214333333333333,3
1.583333333333333,1.415333333333333,1.816666666666667,1.6085,1
1.95,1.163666666666667,0.7,0.3196666666666667,1
3.716666666666667,2.169,0.5333333333333333,1.386333333333333,0
1.5,1.098833333333333,1.166666666666667,1.021,1
2.633333333333333,1.900333333333333,2.866666666666667,2.072333333333333,0
1.75,0.8976666666666666,1.683333333333333,2.005833333333333,0
0.7833333333333333,0.7515000000000001,2.616666666666667,1.958666666666667,0
1.333333333333333,0.7058333333333334,1.95,1.749833333333333,0
1.416666666666667,1.670166666666667,1.5,0.9071666666666667,3
2.033333333333333,2.068,1.783333333333333,1.709833333333333,1
1.616666666666667,1.188833333333333,2.133333333333333,2.067333333333333,1
2,1.7465,1.866666666666667,2.162166666666667,2
1.266666666666667,1.237166666666667,0.95,0.338,0
1.083333333333333,1.202833333333333,2.95,1.747166666666667,1
0.5833333333333333,1.249333333333333,0.7,1.487333333333333,0
0.9,1.4305,1.416666666666667,1.648166666666667,0
1.783333333333333,0.7198333333333333,1.283333333333333,0.8025,0
1.5,1.883333333333333,0.9333333333333333,1.210833333333333,3
1.6,1.154166666666667,2.583333333333333,2.263333333333334,2
0.7833333333333333,1.548,0.2,0.6251666666666666,0
3.116666666666667,2.355166666666667,1.483333333333333,1.416833333333333,2
2.15,2.3595,0.45,1.018166666666667,2
1.65,1.643,1.083333333333333,0.5945,0
1.2,1.555666666666667,2.3,2.124166666666667,2
0.7,1.080333333333333,2.5,1.8415,1
1.383333333333333,1.2,1.25,1.291833333333333,0
0.3333333333333333,1.3,1.4,1.510666666666667,2
1.483333333333333,1.018333333333333,0.7333333333333334,0.4603333333333334,2
0.95,0.8758333333333332,2.15,1.746666666666667,1
1.083333333333333,1.349,1.65,1.3555,1
1.833333333333333,1.054333333333333,0.2,1.677,0
2.416666666666667,1.687,1.433333333333333,1.430166666666667,0
0.45,0.6809999999999999,0.75,1.0635,1
0.4,1.2745,1.45,1.438833333333333,2
0,0.3135000000000001,3.866666666666667,2.927166666666667,2
0.7,1.0055,1.766666666666667,1.565333333333333,2
0.7,0.9005,1.283333333333333,1.301666666666667,3
0.95,1.343833333333333,2.2,1.922666666666667,0
2,1.699166666666667,1.15,1.595833333333333,3
3.066666666666666,2.729833333333334,1,1.0025,1
2.783333333333333,2.228166666666667,0,0.357,1
2.983333333333333,1.968166666666667,1.933333333333333,1.260166666666667,2
1.166666666666667,2.1455,0.65,0.8665,1
1.666666666666667,1.1885,1,1.204666666666667,0
1.916666666666667,1.687666666666667,1.666666666666667,1.785,2
0.5833333333333333,0.8856666666666667,0.9333333333333333,1.352666666666667,0
1.833333333333333,1.501666666666667,1.366666666666667,0.7758333333333334,0
1.866666666666667,1.7545,3.633333333333333,2.403833333333333,2
1.616666666666667,0.6433333333333333,2.666666666666667,2.604166666666667,1
1.083333333333333,1.178333333333333,3.033333333333333,3.076166666666666,3
2.6,2.549333333333333,1.416666666666667,0.966,0
2.4,1.491333333333333,1.816666666666667,1.720666666666667,1
1.4,1.809833333333333,2.75,1.915333333333333,1
2.033333333333333,1.656333333333333,2.366666666666667,2.0025,4
0.6666666666666666,1.0655,0.5833333333333333,1.098833333333333,1
2.166666666666667,1.689666666666667,1.45,1.637833333333333,0
0.9166666666666666,1.183166666666667,1.1,1.846666666666667,0
1.4,1.4335,1.833333333333333,1.085833333333333,0
2.733333333333333,2.478666666666666,0.2,0.5893333333333333,1
0.8333333333333333,0.8718333333333332,1.983333333333333,0.8318333333333334,1
2.483333333333333,1.291333333333333,1.566666666666667,2.475166666666667,3
3.116666666666667,1.555333333333333,2.15,1.442166666666667,3
2.066666666666666,1.801333333333333,2.15,1.493,0
1.566666666666667,1.867166666666667,0.7,1.598333333333333,3
2.283333333333333,2.152666666666667,1.983333333333333,2.033833333333333,1
0.65,1.536833333333333,1.233333333333333,1.908666666666667,0
2.2,1.903333333333333,2.7,2.360333333333333,0
0.95,1.692,0.7,0.5563333333333333,1
1.5,2.052666666666667,3.966666666666667,2.642833333333333,4
0.7,1.074,0.5,1.074833333333333,2
1.783333333333333,1.3225,1.983333333333333,2.026166666666667,3
1.65,1.084666666666667,2.483333333333333,1.728166666666667,1
1.25,1.376666666666667,1.6,1.212166666666667,3
2.283333333333333,1.614166666666667,2.683333333333334,1.991666666666667,3
1.933333333333333,1.813166666666667,1.483333333333333,1.3635,2
1.233333333333333,1.451166666666666,1.333333333333333,0.9861666666666666,0
1.4,1.481166666666667,1.533333333333333,0.541,0
2.083333333333333,1.351666666666667,1.533333333333333,1.204166666666667,1
2.283333333333333,1.208166666666667,1,1.633166666666666,1
1.033333333333333,1.439166666666667,1.45,0.9856666666666667,1
1.333333333333333,2.037666666666667,1.75,1.393666666666667,1
0.9166666666666666,0.9746666666666666,1.25,1.147666666666667,3
1.583333333333333,2.732833333333333,1.7,1.882166666666667,1
2.283333333333333,2.4945,0.6666666666666666,1.131666666666667,1
1,1.906666666666667,2.25,2.788333333333333,2
2.15,1.626666666666667,1.4,2.414,1
1.95,1.473,1.583333333333333,1.266666666666667,1
2.4,2.614833333333333,3.733333333333333,3.420833333333333,5
1.5,1.539166666666667,2.283333333333333,1.7255,1
3.65,1.779666666666667,1.85,1.966666666666667,2
1.383333333333333,1.972,2.616666666666667,2.553666666666667,1
1.866666666666667,0.7755,1.616666666666667,1.496333333333333,2
2.016666666666667,2.798333333333333,1.083333333333333,0.7593333333333333,1
1.633333333333333,1.5875,1.7,1.431333333333333,0
2.2,1.469,1.25,1.7075,2
3.35,1.8635,2.133333333333333,1.593666666666667,4
0.45,2.079,1.5,1.7085,1
1.85,1.6245,1.5,1.730333333333333,1
2.2,1.259833333333333,1.85,1.0845,1
2.2,1.259666666666666,1.533333333333333,1.403166666666667,0
2.25,2.316666666666666,2.2,1.942,1
0.95,1.5,4.966666666666667,3.649666666666667,0
2.133333333333333,2.1555,1.15,1.748666666666666,2
2.033333333333333,2.047,2.25,1.340166666666667,0
4.266666666666667,3.005666666666666,2.166666666666667,1.720833333333333,4
2.066666666666666,1.4175,1.233333333333333,1.999166666666667,1
1.65,1.6995,1.9,1.687666666666667,2
3.166666666666667,2.588833333333334,1.783333333333333,2.279166666666667,1
1.583333333333333,1.174333333333333,1.533333333333333,1.119833333333333,1
1.033333333333333,1.0615,3.15,3.128,1
1.983333333333333,2.634833333333333,0.7333333333333334,0.6941666666666667,0
2.45,1.560166666666666,1.083333333333333,2.0525,1
0.7833333333333333,1.531333333333333,1.233333333333333,1.347,1
1.316666666666667,0.7326666666666667,1.683333333333333,1.405,1
2.933333333333334,1.842333333333333,2.933333333333334,2.461833333333333,4
3.416666666666667,2.250833333333333,4.033333333333333,2.443333333333333,0
0.8333333333333333,2.0665,2.033333333333333,1.356833333333333,0
1.583333333333333,1.377833333333333,1.783333333333333,0.9186666666666667,1
1.85,1.150833333333333,1.1,1.407666666666667,0
2.183333333333334,1.4785,0.9166666666666666,1.152333333333333,2
1.033333333333333,2.133,1.45,1.435833333333334,0
1.95,1.495166666666667,2.016666666666667,1.765,2
2.666666666666667,1.9485,3.5,2.170166666666667,0
1.733333333333333,1.46,1.1,1.451166666666667,1
0.7833333333333333,0.9371666666666666,2.283333333333333,2.2605,0
1.733333333333333,1.688333333333333,0.2,0.3956666666666666,0
2.866666666666667,2.055833333333333,1.833333333333333,2.517333333333333,2
5.583333333333333,3.520166666666666,1.033333333333333,1.225166666666667,2
1.05,1.968666666666667,3.733333333333333,2.459666666666667,2
0.5333333333333333,0.9643333333333334,3.416666666666667,2.408833333333333,1
0.75,1.446166666666667,0.7833333333333333,1.876833333333333,1
1.5,0.8798333333333332,1.566666666666667,1.787333333333333,1
1.4,1.4865,0.75,1.070333333333333,0
0.95,2.485666666666667,0.95,1.8815,3
2.883333333333333,2.2985,1.8,1.705333333333333,2
1.333333333333333,1.236166666666667,2.033333333333333,2.321166666666667,2
1.483333333333333,1.317166666666667,1.033333333333333,0.7030000000000001,0
0.45,0.8485,1.7,1.090833333333333,2
0.75,0.9946666666666666,0.5,1.428166666666667,1
1.533333333333333,1.6455,1.533333333333333,1.417333333333333,0
2.366666666666667,1.465333333333334,0.7833333333333333,1.280833333333333,1
2.366666666666667,1.653833333333333,0.8666666666666667,1.098,2
2.416666666666667,1.945833333333333,1.616666666666667,2.034,3
0.5833333333333333,1.028333333333333,1.983333333333333,1.621833333333333,2
1.25,1.946833333333333,2.633333333333333,2.7365,1
3.216666666666666,3.0035,0,0.28,0
0.2,0.599,0.9,1.660333333333333,1
1.166666666666667,1.739666666666667,2.116666666666667,2.5735,3
0.5833333333333333,1.421833333333333,3.216666666666667,2.397666666666667,0
1.65,1.595666666666667,1.633333333333333,2.2645,1
2.033333333333333,2.884,0.8333333333333333,1.303,1
2.216666666666667,1.724666666666667,0.9833333333333334,1.764166666666667,0
1.166666666666667,1.229333333333333,3.75,3.554,1
1.233333333333333,1.32,2.6,1.875666666666667,1
0.5833333333333333,1.603833333333333,1.25,0.8393333333333333,1
0.95,2.039666666666667,1.866666666666667,1.872666666666666,2
1.833333333333333,1.310166666666666,0.7,1.223666666666667,3
0.95,0.9396666666666667,1.666666666666667,1.138333333333333,0
2.5,2.574833333333333,1.766666666666667,2.306166666666667,0
1.366666666666667,1.102666666666667,1.033333333333333,1.2665,0
2.433333333333334,2.062333333333333,0.7,0.4921666666666667,1
4.4,2.872333333333334,2.366666666666667,1.212333333333333,3
1.65,2.233333333333333,1.083333333333333,1.5625,0
0.5833333333333333,0.9406666666666668,4.4,3.261333333333333,0
0.8666666666666667,1.087833333333333,2.4,1.763333333333333,0
1.333333333333333,1.991,2.283333333333333,2.31,0
3.316666666666666,1.9755,1.783333333333333,2.759166666666667,0
1.2,1.605333333333333,1.65,2.076833333333334,1
2.783333333333333,2.248333333333334,0,0.3018333333333333,0
2.333333333333333,1.708,1.066666666666667,0.8320000000000001,2
1.15,1.652833333333333,1.783333333333333,1.675333333333333,1
2.2,1.580666666666667,0.95,0.6805,1
1.533333333333333,1.423,3.183333333333334,2.98,3
1.483333333333333,1.8985,1.083333333333333,0.7526666666666667,1
1.25,2.072333333333333,1.15,1.2235,1
1.533333333333333,1.437666666666667,1.316666666666667,1.686166666666667,0
1.65,1.719333333333333,1.5,1.714666666666667,2
1.416666666666667,1.414666666666667,1.333333333333333,1.754,0
0.75,1.0535,0.2,1.119833333333333,0
1.533333333333333,2.3275,1.65,1.859333333333334,0
0.65,0.7795,2.433333333333334,2.002,1
2.616666666666667,1.827,0,0.5565,0
2.416666666666667,2.238166666666666,2.65,1.341,1
0.2,1.2005,1.816666666666667,1.6295,1
0.9833333333333334,1.342166666666667,2.45,2.673666666666667,0
4.85,2.693,1.7,1.709666666666667,2
1.4,1.076833333333334,0.9333333333333333,1.664666666666667,1
1.15,1.463666666666667,3.033333333333333,2.203833333333333,1
1.1,2.383666666666667,0.9833333333333334,1.688,2
0.8333333333333333,1.198166666666667,1.566666666666667,2.0045,0
2.083333333333333,2.362333333333333,3.35,2.072,1
0.3333333333333333,0.6036666666666667,2.183333333333334,1.194333333333333,0
2.6,1.702,1.083333333333333,0.7795000000000001,1
0.5,0.8841666666666668,2.516666666666667,1.858,0
1.25,1.406666666666667,2.2,1.998833333333333,2
0.7833333333333333,1.288833333333333,1.1,1.8145,1
1.683333333333333,1.253,1.5,1.416166666666667,0
1.666666666666667,1.794,2.083333333333333,2.095,4
1.2,1.202166666666667,0.9,1.778,1
2.233333333333333,2.349833333333333,0.7833333333333333,0.5563333333333333,1
1.333333333333333,1.647,0.8666666666666667,1.498333333333334,1
1.4,1.273,1.033333333333333,1.248333333333333,3
0.5333333333333333,1.196833333333333,0.5,1.172,0
2.783333333333333,2.921166666666667,1.666666666666667,1.539666666666667,1
0.25,0.7571666666666668,0.75,1.775166666666667,1
2.766666666666667,2.170166666666667,1.15,1.9555,4
1.483333333333333,1.7945,1.533333333333333,1.6045,1
0.8333333333333333,1.326333333333333,2.366666666666667,2.264833333333333,0
0.7,1.569666666666667,1.366666666666667,1.2505,1
1.416666666666667,1.976833333333333,1.483333333333333,1.286833333333333,2
0.8333333333333333,1.0155,1.666666666666667,2.753833333333334,1
1.933333333333333,1.384,2.5,2.213,1
3.283333333333333,2.038666666666667,1.083333333333333,1.9325,1
1.666666666666667,1.619666666666667,1.1,2.149333333333333,0
2.483333333333333,2.284833333333333,1.733333333333333,1.4895,2
0.95,1.6035,0.95,1.721166666666667,0
1.083333333333333,1.029,2.033333333333333,1.660166666666667,0
1.666666666666667,2.303666666666667,2.783333333333333,2.112333333333333,1
2.083333333333333,2.1705,1.083333333333333,2.099,0
1.533333333333333,2.289,2.35,1.554833333333333,3
0.25,0.9561666666666667,1.283333333333333,1.8885,1
2.316666666666666,1.853166666666667,1.733333333333333,2.187666666666666,1
2.683333333333333,1.664833333333333,1.95,1.644833333333333,1
2.783333333333333,2.982666666666667,1.116666666666667,1.498166666666667,0
2.483333333333333,1.8505,1.733333333333333,1.324666666666667,3
1.25,1.257333333333333,1.533333333333333,0.8676666666666667,1
0.3333333333333333,1.041333333333333,0.75,1.4215,0
1.75,1.912166666666667,1.983333333333333,1.869666666666667,0
0.2,1.012333333333333,2.2,2.576166666666666,2
1.2,1.068,1.583333333333333,1.2535,0
1.083333333333333,1.762166666666667,0.7833333333333333,2.172166666666667,1
0.3333333333333333,0.8135,1.95,1.829833333333333,0
0.9166666666666666,1.186,2.283333333333333,1.650333333333333,0
1.866666666666667,1.718,2.283333333333333,2.2475,2
2.733333333333333,2.694,3.75,2.374,2
1.75,1.729166666666667,1.116666666666667,1.0925,1
1,1.106166666666667,0.25,1.4235,1
0.95,1.436333333333333,1.25,2.310166666666666,0
1.783333333333333,1.7925,2.6,2.411166666666667,0
2.45,3.1565,0.5333333333333333,1.312166666666667,0
2.65,2.42,1.366666666666667,0.9106666666666667,0
1.6,1.8575,0.9,1.251666666666667,1
1.2,2.025333333333333,3.883333333333333,2.596833333333334,2
0.9333333333333333,2.538666666666667,1.95,1.7715,3
1.616666666666667,2.288333333333334,0.5333333333333333,2.7365,1
1.883333333333333,1.551,3.783333333333333,2.127166666666667,0
3.35,1.8005,2.7,2.549833333333333,0
3.533333333333333,3.0055,2.033333333333333,1.158666666666667,2
3.95,2.423166666666667,2.45,2.3625,0
0.7833333333333333,1.664,1.916666666666667,2.5795,1
1,1.547666666666667,1.183333333333333,1.6445,0
1.816666666666667,1.448166666666667,2.233333333333333,2.1535,5
1.583333333333333,1.9855,0.8333333333333333,0.9515,0
1.5,1.870666666666667,0.7,1.743666666666666,0
1.4,1.4235,2.266666666666667,2.5045,0
1.2,0.8005,1,2.341333333333333,0
0.8333333333333333,1.2005,1.4,1.658166666666667,3
1.25,2.540333333333333,1.45,1.0175,0
2.2,2.592833333333333,2,2.223166666666666,0
2.45,1.662833333333333,2,1.796333333333334,3
2.116666666666667,2.0405,1,0.7545000000000001,1
0.25,1.152833333333333,1.583333333333333,1.530666666666667,1
2.033333333333333,2.813833333333333,1.7,1.322333333333333,1
1.25,1.271166666666667,2.1,1.631333333333334,0
1.45,1.214333333333333,1.533333333333333,2.9105,3
2.166666666666667,1.7325,1.366666666666667,1.523,0
1.7,1.807166666666667,3.616666666666667,3.0565,1
1.333333333333333,1.629666666666667,2.1,2.466166666666667,1
1.733333333333333,2.572,1.2,1.256833333333333,3
2.5,2.202333333333333,2.25,1.953666666666667,2
3.216666666666667,2.2285,1.483333333333333,1.507833333333333,1
0.5,0.955,1.25,1.64,0
1.75,2.1225,0.25,0.9800000000000001,1
3.35,2.328333333333333,1.5,1.473666666666667,3
1.2,1.163166666666667,1.083333333333333,0.4026666666666667,0
2.816666666666667,1.202666666666667,1.25,1.886,1
1.483333333333333,1.301666666666667,1.5,1.585833333333333,2
0.5,1.0135,1.95,1.610666666666666,0
0.75,2.367,3.116666666666667,1.836166666666667,2
0.45,2.028666666666667,1.6,3.146,4
1.5,2.036,0.4,1.9475,2
