AG AXG AOGA AOXGA G
5.233333333333333,2.262,2.516666666666667,1.421333333333333,5
2.516666666666667,1.9965,4.9,1.836666666666667,2
1.45,0.8956666666666666,1.25,1.6975,1
2.166666666666667,1.810333333333333,1.366666666666667,1.268166666666667,2
1.533333333333333,1.170166666666667,1.583333333333333,1.282,0
2.866666666666667,2.574,2.366666666666667,1.924,1
1.15,0.635,3.65,3.350333333333333,0
1.2,1.044833333333333,0,0.5528333333333334,0
1.783333333333333,2.060833333333333,2.766666666666667,2.1615,2
3.45,2.2325,2.483333333333333,1.986166666666667,3
1.45,1.292833333333333,1.866666666666667,1.703,0
1.833333333333333,2.1695,2.466666666666667,1.943833333333334,0
2.366666666666667,2.769333333333333,0.7,0.7895,6
2.066666666666666,2.2065,0.5333333333333333,0.6899999999999999,4
1.1,1.157,1.15,1.114833333333333,0
0.5,0.5126666666666666,2.983333333333333,2.5125,0
0.2,0.6156666666666667,1.266666666666667,1.729,1
1.816666666666667,1.650833333333333,1.283333333333333,1.859,0
1.633333333333333,1.558,0.25,0.6351666666666667,1
0.7833333333333333,0.5980000000000001,1.816666666666666,1.087,0
0.5,0.6008333333333333,1.95,1.343,1
2.85,1.452,0.7,0.7271666666666666,3
2.566666666666666,2.3915,0,0.4483333333333334,0
0.8333333333333333,0.8303333333333334,2.25,2.027333333333333,3
1.2,0.8046666666666666,3.066666666666667,2.842333333333333,2
0.5,0.6798333333333333,3.333333333333333,2.8435,2
1.483333333333333,1.831333333333333,3.166666666666667,1.353666666666667,4
2.066666666666666,2.219166666666667,1.833333333333333,1.189833333333333,1
1.366666666666667,1.659666666666667,1.733333333333333,1.668333333333333,2
4.866666666666667,2.636333333333333,1.316666666666667,1.8535,5
0.7,0.8129999999999999,2.05,2.844333333333333,0
1.75,0.9263333333333333,0.65,1.304166666666667,0
0.25,1.115,2.15,1.889333333333333,1
4,4.059833333333334,1.75,1.281,3
0.7,0.4466666666666667,1.233333333333333,1.372833333333333,1
2.483333333333333,2.656833333333333,0.4,0.4766666666666667,2
1.15,1.045,0.8333333333333333,1.174333333333333,3
1.25,0.8618333333333333,2.033333333333333,1.260833333333333,0
2.55,2.367666666666667,1.45,1.3335,2
0.5333333333333333,0.8918333333333333,1.6,1.227166666666667,1
1.483333333333333,1.251333333333333,4,2.962166666666667,3
0.9166666666666666,1.182,2.566666666666667,2.079333333333333,0
5.666666666666667,4.376333333333333,0,0.8068333333333333,3
1.85,1.0095,2.916666666666667,3.343,3
0.8333333333333333,0.3856666666666667,2.116666666666667,1.604833333333334,1
1.2,1.099666666666667,2.866666666666667,2.284833333333333,1
1.666666666666667,1.649333333333333,0.8666666666666667,1.580333333333333,4
1.066666666666667,1.268833333333333,1.983333333333333,1.998,0
2.533333333333333,3.014,1.033333333333333,0.9663333333333334,2
1.583333333333333,1.341666666666667,1,0.797,0
1.25,0.6245000000000001,1.083333333333333,1.439,1
0.75,0.7158333333333333,0.5,1.188333333333333,0
2.216666666666667,3.131166666666667,1.416666666666667,1.342,4
3.2,3.411,1.083333333333333,1.576666666666667,0
1.033333333333333,1.187,0.7833333333333333,0.6858333333333333,0
0.8333333333333333,1.765666666666667,1.55,1.4445,1
1.916666666666667,2.296666666666667,1.95,1.1545,1
0.75,0.6563333333333333,1.666666666666667,1.696166666666667,2
1,0.6175,0.6666666666666666,1.569666666666667,2
0.7333333333333334,0.7646666666666666,2.25,1.794,2
1.783333333333333,1.271,1.8,1.846666666666667,0
0.9,1.316333333333333,1.5,1.743166666666667,1
1.7,1.522,2.4,2.507166666666667,0
5.25,3.843666666666667,3.233333333333333,3.2535,5
2.733333333333333,2.8275,2.683333333333334,1.7705,2
1.95,1.697666666666667,2.983333333333333,2.229166666666667,0
1.966666666666667,1.830833333333333,3.35,2.564666666666667,1
0.9,1.604666666666667,2.366666666666667,0.8343333333333334,1
3.1,0.9106666666666667,1.25,0.9553333333333334,0
0.5833333333333333,0.7968333333333334,1.6,0.919,2
0.7833333333333333,1.290333333333333,1.566666666666667,2.691833333333333,3
2.483333333333333,2.106,0.7,0.6066666666666667,3
1.75,1.594333333333334,0.75,1.203,0
1.85,3.269666666666667,1.083333333333333,1.136833333333333,5
0.9333333333333333,0.5838333333333333,1.483333333333333,1.55,0
1.366666666666667,1.020666666666667,0.2,2.126166666666667,1
1.166666666666667,1.1955,1.183333333333333,1.024666666666667,2
0.9166666666666666,1.449333333333333,1.983333333333333,1.2245,2
1.483333333333333,2.269166666666667,0.7833333333333333,1.351333333333333,2
0.25,1.236,2.316666666666666,2.71,0
0.8666666666666667,0.8365,1.85,1.446333333333333,3
1,1.002333333333333,0.5,0.7311666666666666,1
1.083333333333333,1.272,1.683333333333333,1.959333333333333,2
2.216666666666667,1.9525,0.5333333333333333,1.245,1
0.85,1.579333333333333,3.366666666666667,3.478,0
3.033333333333333,2.105166666666666,0.5,1.202,2
1.233333333333333,0.8118333333333334,1.2,1.348833333333333,5
1.7,1.4975,1.983333333333333,0.891,0
1.85,1.319666666666667,1.683333333333333,1.057666666666667,0
0.5833333333333333,0.6536666666666667,3.216666666666667,2.655,0
1.066666666666667,1.770833333333333,1.233333333333333,0.4896666666666666,0
2.2,0.8151666666666666,2.466666666666667,1.532333333333333,0
4.383333333333333,4.883333333333334,0.8333333333333333,1.6845,3
0.2,0.4003333333333333,2.25,3.058666666666667,0
1.483333333333333,1.374,2.616666666666667,2.0035,0
2.666666666666667,3.267,2.15,2.101666666666667,5
2.116666666666667,1.36,0.45,0.9598333333333333,4
0.5,1.5635,1.366666666666667,1.7175,1
1.35,1.52,1.4,2.064,5
1.816666666666667,1.7565,1.866666666666667,0.8545,1
1.2,1.121166666666667,0.5333333333333333,1.047166666666667,1
1.083333333333333,0.6383333333333333,0.95,0.6628333333333333,0
0.75,1.232333333333333,1.5,1.771666666666667,3
1,1.256,1.616666666666667,1.171333333333333,0
1.483333333333333,1.051166666666667,2.083333333333333,2.131166666666667,1
1.616666666666667,0.8568333333333333,2.166666666666667,1.8855,2
2.616666666666667,2.3955,2.4,2.781166666666667,0
2.616666666666667,1.189666666666667,0.45,0.681,0
1.4,0.9508333333333334,1.083333333333333,1.169833333333333,1
0,1.504833333333333,2.5,0.9583333333333334,1
0,1.230833333333333,3.916666666666667,1.718666666666667,0
2.916666666666667,2.753166666666667,0.9,1.135333333333333,5
0.9833333333333334,1.301833333333333,1.833333333333333,1.3285,1
1.916666666666667,1.033166666666667,0.9833333333333334,1.396833333333333,0
0.45,1.259,3.016666666666667,1.635166666666667,1
2.733333333333333,1.212,0.8333333333333333,0.9751666666666667,3
1.083333333333333,1.295333333333333,1.233333333333333,1.570333333333333,1
0.4,1.2045,1.1,2.9275,1
1.6,0.9643333333333333,0.7,0.479,1
2.9,1.704,1.15,0.629,3
1.783333333333333,2.146166666666667,1.783333333333333,1.908166666666667,1
0.5,0.8133333333333334,0,0.8680000000000001,2
0.3333333333333333,1.268333333333333,2.783333333333333,2.140833333333334,1
1.783333333333333,1.413666666666667,2.783333333333333,1.788666666666667,1
0.95,0.6966666666666667,2.75,2.691666666666666,1
1.75,2.144166666666667,0.75,1.312333333333333,2
2.816666666666666,2.055666666666666,1,1.811,1
1.433333333333333,1.049333333333333,0.25,0.4716666666666667,1
0.25,0.8255,2.416666666666667,2.031166666666667,2
1.033333333333333,1.042333333333333,1.2,1.720166666666667,0
2.983333333333333,3.209166666666667,2.583333333333333,1.824,3
1.616666666666667,1.116,1,1.306333333333333,1
0,1.343333333333333,0.7,1.807666666666667,1
2,1.220166666666667,1.533333333333333,2.493166666666667,2
1.983333333333333,1.755833333333333,0.2,1.110833333333333,0
0.5833333333333333,0.9511666666666667,2.316666666666666,2.176,1
0.7833333333333333,1.167666666666667,1.383333333333333,1.439833333333333,1
2.666666666666667,2.204833333333334,1.083333333333333,0.5856666666666667,3
1.333333333333333,2.187,1.666666666666667,1.385333333333333,0
1.166666666666667,0.8486666666666667,1.083333333333333,1.282166666666667,1
1.283333333333333,1.199833333333333,2.183333333333334,1.627333333333333,0
2.016666666666667,1.363166666666666,2.133333333333333,1.3375,3
2.116666666666667,2.131166666666667,2.533333333333333,1.704,2
1.483333333333333,1.654666666666667,1.283333333333333,0.9933333333333334,1
1.083333333333333,0.5603333333333333,0.9166666666666666,0.8641666666666667,0
2.5,1.900666666666667,1.816666666666667,1.519666666666667,2
0.5333333333333333,1.0545,0.8333333333333333,0.7503333333333333,0
1.916666666666667,1.406166666666667,1.25,1.451166666666667,1
1.533333333333333,1.456833333333333,1.416666666666667,1.1725,2
1.333333333333333,1.05,0.7,0.8368333333333333,1
1.866666666666667,1.835333333333333,0.5833333333333333,0.8033333333333332,0
2.883333333333333,2.107833333333334,1.183333333333333,1.057,3
0.7833333333333333,0.8583333333333332,1.283333333333333,1.3305,1
2.433333333333334,2.698333333333333,1.45,1.884166666666667,1
0.25,0.9306666666666668,2.033333333333333,1.657333333333333,2
0.5333333333333333,1.063,2.033333333333333,1.665333333333333,1
1.35,1.517833333333333,2.416666666666667,1.909166666666667,3
2.533333333333333,1.6955,0,0.8201666666666667,3
0.7833333333333333,0.674,1.283333333333333,1.1395,2
1.233333333333333,1.552166666666666,2.333333333333333,1.2725,1
2.95,2.761833333333334,0.5833333333333333,1.334166666666667,4
1.233333333333333,0.8726666666666667,1.45,1.431833333333334,1
1.25,0.9358333333333333,3.65,2.994166666666667,1
0.75,1.059166666666667,1.333333333333333,1.644166666666667,1
0.2,1.150166666666667,1.866666666666667,1.831666666666667,0
1.066666666666667,0.9818333333333333,2.4,1.771333333333333,1
1.866666666666667,2.0775,1.15,0.9651666666666666,3
5.083333333333333,3.6175,0.65,1.160666666666667,3
0.95,0.989,1.616666666666667,2.346833333333334,1
4.016666666666667,3.620166666666667,2,1.652666666666667,2
1.666666666666667,2.177333333333333,2.283333333333333,1.034833333333333,2
3.2,1.515166666666667,1.083333333333333,2.111333333333334,4
2.033333333333333,1.649333333333333,1.366666666666667,1.380833333333333,2
0,1.279833333333333,1.033333333333333,1.2835,4
1.033333333333333,1.185833333333333,1.116666666666667,1.220833333333333,1
0.7833333333333333,1.138166666666667,2.15,1.997333333333333,1
0.8666666666666667,1.282333333333333,2.416666666666667,2.257,2
2.25,1.614833333333333,1.533333333333333,2.156,1
1.533333333333333,1.5655,1.2,0.9176666666666666,2
0.65,0.9376666666666666,2.2,1.948166666666667,2
1.733333333333333,1.567333333333333,2.033333333333333,1.891166666666667,2
1.783333333333333,2.255166666666667,2.033333333333333,2.109666666666667,3
2.066666666666666,2.265833333333333,1.633333333333333,1.005,2
0.8333333333333333,0.7843333333333333,3.15,3.445333333333333,0
1.083333333333333,1.175333333333333,2,1.976,0
2.35,2.078,1.683333333333333,1.442833333333333,1
5.8,4.672499999999999,1.616666666666667,1.484,5
0.7833333333333333,0.9619999999999999,1,1.6175,2
1.083333333333333,1.315166666666667,0.5833333333333333,0.641,2
0.5333333333333333,0.6254999999999999,1.833333333333333,1.787833333333333,0
1.066666666666667,1.956666666666667,1.416666666666667,2.169166666666666,2
6.116666666666667,4.848666666666666,2.533333333333333,1.737,0
0.5333333333333333,0.9313333333333332,0.7833333333333333,1.670166666666667,1
2.683333333333334,1.539666666666667,1.933333333333333,1.491333333333333,3
1.566666666666667,2.028166666666667,0.7333333333333334,1.111666666666667,0
1.783333333333333,1.216666666666667,1.566666666666667,1.966666666666667,4
1.366666666666667,1.5795,1.766666666666667,2.9155,1
1.366666666666667,2.043333333333333,2.116666666666667,1.341666666666667,1
1.166666666666667,1.3275,1.783333333333333,1.898666666666667,0
1.333333333333333,1.626,1.066666666666667,1.304833333333333,2
1.816666666666667,1.163333333333333,2.7,2.610833333333333,1
0.7,1.347,1.4,1.552833333333333,1
0.8666666666666667,0.8531666666666666,2.816666666666667,2.4525,4
1.366666666666667,1.266833333333333,1.866666666666667,1.747333333333333,0
0.95,1.7905,1.283333333333333,1.557666666666667,3
1.833333333333333,2.166166666666666,3.216666666666667,2.562833333333333,2
0.2,0.6839999999999999,1.25,1.5945,0
2.95,2.644333333333333,0.8666666666666667,1.114,0
2.066666666666666,1.971333333333333,1.266666666666667,1.250666666666667,1
2.116666666666667,2.3175,1.2,1.6795,1
2.466666666666667,1.7705,1.483333333333333,2.0805,2
0.4,1.928,1.733333333333333,1.598333333333333,3
1.233333333333333,2.100166666666667,1.3,1.060666666666667,1
1.15,1.193166666666667,1.7,1.991833333333333,1
0.8333333333333333,1.247666666666667,2.3,2.209666666666667,1
3.75,4.123666666666667,1.733333333333333,2.535666666666667,6
2.033333333333333,1.326833333333333,1.066666666666667,1.734666666666667,1
1.233333333333333,1.858,0.7,1.1485,4
1.8,1.379833333333333,0.5333333333333333,1.0285,1
0.5333333333333333,1.216,2.283333333333333,1.664166666666667,1
1.866666666666667,1.6325,2.9,2.4335,2
0.9833333333333334,0.7358333333333333,0.9,1.063166666666667,0
0.5,0.8968333333333334,1.083333333333333,1.29,0
2.233333333333333,1.465,1.5,1.686833333333333,3
1.733333333333333,1.819833333333333,0,0.6643333333333333,1
0.4,0.6915,1.233333333333333,1.7775,0
1.25,1.317,2.433333333333334,1.527833333333333,2
3.35,2.916166666666666,0.8333333333333333,1.356833333333333,3
1.233333333333333,2.1985,3.083333333333333,2.387,2
2.166666666666667,1.540833333333333,1.816666666666666,1.5215,0
0.5833333333333333,1.211166666666667,0.5333333333333333,0.731,0
0.9333333333333333,1.5335,1.783333333333333,1.143666666666667,2
2.833333333333333,2.413,0.8333333333333333,1.710666666666667,1
1.566666666666667,1.189333333333333,2.583333333333333,2.351833333333333,0
1.783333333333333,2.342166666666667,0.9333333333333333,2.160166666666667,2
1.283333333333333,1.640166666666667,2.116666666666667,2.092833333333333,0
1,1.6185,0.7333333333333334,1.567666666666667,0
1.783333333333333,1.797833333333333,1.8,1.6905,0
1.633333333333333,0.9896666666666667,2.316666666666666,1.596333333333333,3
3.75,3.862333333333333,0.5833333333333333,0.6361666666666665,2
0.25,0.7176666666666667,2.233333333333333,2.383666666666667,1
3,2.2145,0.8333333333333333,1.092666666666667,2
0.75,1.1505,0.25,0.5086666666666666,0
0.5,0.8221666666666668,2.216666666666667,3.006666666666667,1
1.266666666666667,1.293166666666667,0.9,1.109166666666667,1
1.366666666666667,2.504666666666667,1.6,1.951166666666666,9
3.316666666666666,2.556666666666667,1.45,1.559666666666667,0
0.9,1.120666666666667,1.666666666666667,2.572166666666666,2
1.283333333333333,2.611666666666666,0.95,1.536666666666667,0
0.2,1.070166666666667,3.2,2.5775,1
1.866666666666667,1.868,0.8333333333333333,1.5775,2
2.4,1.712333333333333,0.6,1.5655,1
0.7,1.158166666666667,1.033333333333333,0.9388333333333333,1
2.866666666666667,3.244166666666667,2.866666666666667,2.430166666666667,4
1.1,1.428,2.9,1.650333333333333,1
0.95,1.117166666666667,1.8,2.114833333333333,1
2.283333333333333,1.820333333333333,1.366666666666667,1.281666666666667,0
1.366666666666667,1.479166666666667,0.2,0.4663333333333333,1
0.7,0.8768333333333334,1.616666666666667,1.621,0
0.8,1.4615,0.7,1.073,0
4.65,4.106333333333334,1.066666666666667,1.213833333333333,3
0.7333333333333334,1.387166666666667,0,0.485,2
2.766666666666667,1.938333333333333,0.25,0.9186666666666666,2
0.5833333333333333,0.9346666666666668,4.1,3.416833333333333,3
0.95,1.859666666666667,1.533333333333333,1.8335,6
1.166666666666667,1.238,2,1.811333333333333,1
1.833333333333333,1.5875,1.616666666666667,1.491333333333333,1
1.283333333333333,0.8213333333333332,1.566666666666667,2.0765,2
0.75,1.196,2.433333333333334,1.88,0
1.9,2.157333333333333,1.983333333333333,2.429666666666667,3
1.333333333333333,1.427666666666667,0.25,0.5266666666666666,2
2.983333333333333,2.395833333333333,0.3333333333333333,0.7266666666666668,2
1.583333333333333,1.384166666666667,1,0.6536666666666666,1
4.616666666666667,4.134166666666667,1.783333333333333,1.751833333333333,3
0.7333333333333334,0.9776666666666667,1.15,1.450833333333333,4
1.2,1.3285,2.733333333333333,2.309333333333333,2
0.5833333333333333,1.680333333333333,1.333333333333333,1.952666666666667,1
0.5,1.107666666666667,2.433333333333334,1.340166666666667,0
0.5833333333333333,0.7213333333333334,1.083333333333333,1.601833333333333,0
1.25,0.9483333333333333,2.116666666666667,1.812,1
0.25,0.9068333333333334,0.9833333333333334,0.7445000000000001,0
2.283333333333333,1.623,0.6666666666666666,1.310833333333333,0
2.566666666666666,2.171333333333333,0.45,0.8138333333333333,3
0.9833333333333334,1.003833333333333,2.7,1.768833333333333,0
0.8666666666666667,0.6526666666666666,1.083333333333333,1.352333333333333,0
1.366666666666667,1.238833333333333,2.316666666666666,1.697166666666667,1
1.2,1.277166666666667,1.9,2.470166666666667,2
2.066666666666666,1.442833333333333,2.7,3.124,2
2.75,3.6825,0.7,0.9866666666666667,2
1.25,1.499833333333333,3.55,2.716166666666667,4
2.966666666666667,3.217333333333333,2.083333333333333,1.919166666666667,6
2.033333333333333,2.391166666666666,1.233333333333333,1.814833333333333,1
1.366666666666667,0.954,1.2,1.877333333333333,1
0.2,0.5246666666666667,1.033333333333333,1.567333333333333,1
4.15,3.203833333333333,1.466666666666667,1.803166666666667,3
3.033333333333333,3.645833333333333,2.2,2.383833333333333,1
0.8333333333333333,1.168333333333333,1.866666666666667,1.693166666666667,4
0.25,2.062833333333333,0.8333333333333333,1.0855,0
0.9166666666666666,2.046666666666666,0.8666666666666667,1.135333333333333,1
0.5333333333333333,0.9578333333333333,1.666666666666667,2.2195,1
0.9,0.6836666666666666,1.1,0.9781666666666665,3
0,1.1075,0.4,1.222333333333333,0
2.4,2.472666666666667,0.7,1.047,0
2.816666666666666,2.514833333333334,0.9166666666666666,1.119666666666667,2
0.9833333333333334,1.263666666666667,0.7,1.388166666666667,1
1.7,1.292833333333333,2.366666666666667,3.109833333333333,1
0.2,0.8606666666666667,3.183333333333333,1.728166666666666,1
2.433333333333333,1.795666666666667,3.016666666666667,2.694666666666667,3
0.9833333333333334,1.414,1,1.391666666666667,1
1.266666666666667,1.218166666666667,1.533333333333333,1.600333333333333,2
0.8333333333333333,1.069166666666667,1.733333333333333,1.8,0
1.533333333333333,1.3895,4.583333333333333,4.3065,2
6.9,5.306666666666667,0.5333333333333333,1.283,2
4.1,2.9255,1.233333333333333,1.125833333333333,2
1.383333333333333,2.0505,2.483333333333333,1.917333333333334,1
0.9833333333333334,0.9274999999999999,0.2,1.138,2
0.5,1.404,1.25,2.751333333333333,1
1.5,1.692333333333333,2.183333333333334,2.494666666666666,1
2.033333333333333,2.276666666666667,2.033333333333333,1.673666666666667,1
1.233333333333333,1.339333333333333,4.05,2.692166666666667,2
0.8333333333333333,1.4815,1.616666666666667,2.288666666666667,2
1.666666666666667,2.086666666666667,0.75,1.0805,2
1.033333333333333,0.8378333333333333,2,1.382666666666667,2
1.85,1.975,0,0.6033333333333333,0
1.25,0.7241666666666666,1.633333333333333,0.919,0
0,0.6863333333333334,0.9833333333333334,1.647333333333334,1
0.3333333333333333,1.006,3.15,2.028,1
1.833333333333333,1.398333333333333,2.066666666666666,2.263166666666667,1
3.05,1.979,1.966666666666667,2.302,1
2.316666666666666,2.960666666666667,2.416666666666667,2.151833333333333,2
0.8666666666666667,1.108166666666667,2.083333333333333,2.241833333333334,0
4.366666666666667,3.565166666666666,1.383333333333333,1.042333333333333,2
2.866666666666667,2.5185,1.166666666666667,1.824166666666667,0
2.033333333333333,1.379833333333333,0.95,1.262166666666667,4
1.416666666666667,2.312833333333333,1.783333333333333,1.815333333333333,2
1.333333333333333,1.829166666666667,1.616666666666667,1.553,2
2.116666666666667,1.822166666666666,2.366666666666667,1.898166666666667,2
0.95,0.7869999999999999,3.866666666666667,3.9365,3
1.533333333333333,1.572333333333333,2.45,1.6935,3
4.016666666666667,3.111,2.866666666666667,1.680166666666667,7
1.95,1.714333333333333,0.25,0.8080000000000001,1
2.283333333333333,1.630666666666666,1.7,1.397666666666667,2
1.033333333333333,1.656333333333333,1.833333333333333,1.374,0
0.8333333333333333,1.254666666666667,1.333333333333333,1.442166666666667,2
3.15,2.388666666666666,0.8333333333333333,0.8446666666666667,4
1.033333333333333,0.9138333333333333,1.2,1.464666666666667,2
1.5,1.424666666666667,0,1.679333333333333,1
0,0.9426666666666667,1.283333333333333,1.383333333333333,0
1,0.9448333333333334,2.083333333333333,1.294333333333333,2
0.5333333333333333,0.8799999999999999,2.083333333333333,1.669666666666667,1
0.45,1.737833333333334,2.783333333333333,2.870833333333334,1
2.533333333333333,3.563166666666667,1.083333333333333,2.259833333333333,2
3.833333333333333,4.210833333333333,1.033333333333333,1.468166666666667,0
0.5833333333333333,1.8505,1.85,1.268333333333334,3
2.85,1.692166666666667,0.5,1.267166666666667,1
1.4,1.289166666666667,1.583333333333333,2.111,1
1.5,1.1345,2,1.528333333333333,1
2.616666666666667,1.100666666666667,2.766666666666667,2.2555,3
0.7833333333333333,1.029166666666667,2.583333333333333,2.425166666666667,3
2.166666666666667,2.118,2.65,2.509166666666667,0
2.933333333333334,2.201833333333333,1.266666666666667,1.342833333333333,0
1.95,2.453833333333333,2.283333333333333,1.421833333333333,2
0.2,1.2315,1.283333333333333,1.032333333333333,1
1.083333333333333,1.521833333333333,2.366666666666667,2.3005,1
1.766666666666667,0.9949999999999999,1.666666666666667,1.358,0
0,0.9938333333333333,0.95,1.0575,3
2.116666666666667,1.999,1.166666666666667,1.551166666666667,0
1.183333333333333,1.395333333333333,0.3333333333333333,1.387833333333333,3
1.116666666666667,0.9105000000000001,0.45,1.007333333333333,1
1.366666666666667,1.324333333333333,0.3333333333333333,1.451833333333333,1
1.2,2.801333333333333,2.3,1.573666666666667,3
1.833333333333333,1.621333333333333,2.066666666666666,2.666666666666667,1
2.216666666666667,4.526999999999999,2.25,1.9775,5
0.8333333333333333,1.560333333333333,0.95,2.053833333333333,3
1.916666666666667,1.713,2.4,1.91,1
1.183333333333333,0.8995000000000001,0.7833333333333333,1.999333333333333,1
1.65,1.815833333333333,0.8333333333333333,0.863,0
1.2,1.384666666666667,1.866666666666667,2.711,4
2.4,1.331,1.6,1.730333333333333,2
2.183333333333334,1.858166666666667,1.783333333333333,2.433833333333333,3
1.9,2.662,1.916666666666667,2.106833333333333,3
2.05,2.022666666666667,0.5333333333333333,1.967666666666667,1
1.833333333333333,1.857166666666667,2.15,1.847,1
1.916666666666667,2.369666666666666,0.4,1.160166666666667,5
1,1.739333333333333,1.533333333333333,0.9056666666666668,2
0.7333333333333334,1.383833333333333,2,1.653833333333333,0
0.65,0.8948333333333334,1.333333333333333,1.456833333333333,0
3.533333333333333,4.974,1.15,1.546333333333333,3
1.733333333333333,2.000166666666667,1.2,2.288166666666667,2
2.2,1.625166666666667,2.733333333333333,2.916166666666666,3
1.516666666666667,1.414666666666667,0.95,0.9798333333333333,1
2.75,2.348833333333333,2.233333333333333,2.159333333333333,3
0.5333333333333333,0.6398333333333333,0.9833333333333334,1.5265,2
1.95,1.549333333333333,3.6,2.425833333333333,3
1.933333333333333,1.618333333333333,1.866666666666667,2.109666666666667,0
2.25,2.286333333333333,2.033333333333333,1.885333333333333,2
1.533333333333333,1.557,2.766666666666667,3.2195,1
1.25,1.873666666666667,1.95,1.669333333333333,1
1.7,1.302833333333333,1.25,1.816333333333333,1
1.733333333333333,1.930833333333334,0.9166666666666666,0.8696666666666667,1
0.5,0.6473333333333333,2.6,1.855,2
2.333333333333333,1.949666666666667,1.266666666666667,2.191333333333334,1
0.2,1.5345,1.866666666666667,1.409333333333333,1
1.483333333333333,1.582333333333333,2.666666666666667,3.164666666666667,3
1.5,1.838,1.783333333333333,1.7655,2
1.266666666666667,1.358333333333333,2.583333333333333,3.087166666666667,0
3.6,3.658,2.15,1.7535,2
3.45,3.519,1.2,1.120333333333333,3
1.866666666666667,2.286333333333333,1.95,2.2075,1
2.816666666666667,2.895166666666667,1.033333333333333,1.672166666666667,3
1.666666666666667,1.5505,1.866666666666667,1.186833333333333,2
3.35,2.373333333333333,0.65,1.096333333333333,0
1.433333333333333,1.610833333333333,1.433333333333333,1.455833333333333,2
4.35,2.035833333333334,1.8,1.807833333333333,1
1.233333333333333,1.034166666666667,4.116666666666667,1.81,2
0.9333333333333333,1.021333333333333,3.1,2.180833333333334,0
0.8666666666666667,0.7358333333333333,1.45,1.222166666666667,1
1.683333333333333,1.236166666666667,1.233333333333333,1.018333333333333,2
1.283333333333333,1.504833333333333,0.5833333333333333,0.8271666666666666,0
1.3,0.9978333333333333,1.833333333333333,1.9365,1
1.833333333333333,2.111833333333333,1.45,2.645666666666666,0
4.1,3.516666666666667,1.416666666666667,1.407666666666667,4
1.483333333333333,2.312666666666667,1.516666666666667,1.177,1
0.4,1.003666666666667,1.116666666666667,1.603666666666667,2
1.416666666666667,1.659666666666667,0.9833333333333334,1.290333333333333,0
1.283333333333333,1.664333333333333,2.433333333333334,2.425666666666666,2
0.8333333333333333,0.6568333333333334,1.75,2.589666666666667,2
1.95,2.766666666666667,3.45,2.896,0
1.766666666666667,1.333666666666667,1.583333333333333,0.957,0
2.25,2.615,1.233333333333333,2.461833333333334,1
2.1,2.44,1.483333333333333,1.849333333333333,4
2.116666666666667,0.806,0.2,0.3973333333333334,0
2.183333333333334,1.282,0,0.8380000000000001,1
2.116666666666667,1.774833333333333,1.566666666666667,0.9843333333333333,1
0.95,0.9813333333333333,2.816666666666666,1.271333333333333,1
1.066666666666667,1.126333333333333,1.583333333333333,1.990833333333333,2
0.7333333333333334,1.264333333333334,2.283333333333333,1.737,2
0.7,1.395333333333333,1.933333333333333,2.25,3
2.6,2.574,2.116666666666667,1.185333333333333,0
1.116666666666667,0.9548333333333332,1.35,1.727833333333333,1
1.616666666666667,0.9786666666666667,2.233333333333333,1.570833333333333,1
3.433333333333334,3.459333333333333,0.7,1.048166666666667,2
1.366666666666667,1.1985,1.233333333333333,1.425166666666667,1
1.45,1.7065,2.066666666666666,1.9385,1
1.433333333333333,1.850833333333333,2.116666666666667,1.5015,2
1.15,1.094166666666667,0.75,1.383,1
1.15,1.097666666666667,1.366666666666667,0.8051666666666667,1
1.35,1.422833333333333,1.283333333333333,2.516833333333333,1
1.783333333333333,2.350666666666667,0.7,1.165166666666666,2
1.25,1.564333333333333,2.1,1.513333333333333,1
1.033333333333333,0.7043333333333333,2.033333333333333,1.959833333333334,2
0.7333333333333334,0.82,1.7,2.300166666666667,1
0.5833333333333333,1.252666666666667,0.7333333333333334,0.5263333333333333,0
2.233333333333333,1.581833333333333,1.866666666666667,1.8635,2
1.833333333333333,2.177833333333334,2.616666666666667,1.954833333333333,10
1.566666666666667,2.138,1.033333333333333,1.7795,0
1.9,0.877,0.9833333333333334,1.262666666666667,0
1.25,1.745833333333333,1.583333333333333,1.478,2
1.5,1.450833333333333,0.5,1.071,1
6.4,4.272166666666666,2.383333333333333,1.315833333333333,3
0.5833333333333333,0.9728333333333333,0.7333333333333334,0.7528333333333332,0
1.583333333333333,1.212833333333333,0.8333333333333333,1.228,0
1.116666666666667,1.825166666666667,0.7833333333333333,1.3085,2
0.5833333333333333,1.331833333333333,2.433333333333334,2.034,2
1.983333333333333,0.9023333333333333,0.9166666666666666,0.8625,0
3.133333333333333,2.521833333333333,0.5833333333333333,1.573666666666667,4
1.983333333333333,1.898,0.6666666666666666,0.8353333333333334,0
0.5833333333333333,1.181666666666667,2.233333333333333,2.132833333333333,4
1.833333333333333,1.271333333333333,1.783333333333333,2.074333333333333,1
0.5333333333333333,1.056166666666667,0.9166666666666666,0.9731666666666667,0
1.9,1.697666666666667,1.866666666666667,1.906166666666667,1
1.333333333333333,1.3575,0.7,1.189833333333333,2
1.116666666666667,0.841,2.616666666666667,2.224666666666667,2
0.2,0.9331666666666667,1.316666666666667,1.283166666666667,0
1,0.7658333333333334,0.2,0.5871666666666666,2
1.416666666666667,1.933666666666667,1.433333333333333,1.626166666666667,2
1.366666666666667,1.259666666666667,0.2,0.9410000000000001,1
1.116666666666667,0.8091666666666667,1.616666666666667,0.883,2
0.95,1.320333333333333,1.716666666666667,1.518166666666667,1
2.033333333333333,2.5835,2.533333333333333,2.2985,4
1.566666666666667,2.805,1.4,0.5921666666666667,2
1.7,1.616166666666667,3.533333333333333,2.874,1
4.5,3.462,1.4,1.310666666666667,5
0.2,0.5601666666666666,4.566666666666666,3.109333333333334,2
2.033333333333333,1.303,2.366666666666667,2.104833333333334,2
1.533333333333333,1.474333333333333,2.033333333333333,1.4515,2
2.866666666666667,1.837333333333333,0.8666666666666667,1.856,2
2.533333333333333,1.264,0.2,0.9056666666666667,1
0.7,1.475166666666667,0.45,0.9323333333333332,0
1.833333333333333,2.547333333333333,0.5,0.6668333333333334,2
0.4,1.010833333333333,1.483333333333333,1.341666666666667,4
2.316666666666666,1.546666666666667,2.833333333333333,2.433166666666667,0
1.916666666666667,2.199,3.166666666666667,2.558666666666666,1
1.066666666666667,1.563,4.166666666666666,2.609,2
5.916666666666666,4.164,2.566666666666666,2.216666666666667,5
1.566666666666667,1.658666666666667,1.5,2.613333333333333,3
2.166666666666667,0.8108333333333333,0.2,0.5548333333333333,0
3.4,3.959833333333333,1.666666666666667,1.227833333333333,6
2.833333333333333,2.323666666666667,3.733333333333333,3.910833333333334,5
0.75,1.21,1.6,1.729,5
1.533333333333333,2.194666666666667,0,0.6819999999999999,1
0.8333333333333333,1.072666666666667,0.25,1.098,2
1.2,0.6555,0.75,1.606,3
1.833333333333333,1.330666666666667,2.866666666666667,2.055,3
0.7,1.509166666666667,0.8333333333333333,0.7641666666666667,5
2.816666666666666,1.9325,1,1.235166666666667,0
0.75,1.271,2.366666666666667,2.234,1
0,1.0945,1.2,1.406,1
2.166666666666667,1.180666666666667,2.533333333333333,2.157166666666667,3
4,4.1375,0,0.4828333333333333,2
3.966666666666667,2.526333333333334,1.916666666666667,2.051166666666667,1
2.65,2.541833333333333,3.9,2.844,0
1.9,1.7125,3.866666666666667,3.109833333333333,1
1.733333333333333,2.304,1.55,2.5655,2
1.366666666666667,1.490666666666667,2.783333333333333,1.7865,3
1.566666666666667,1.780333333333333,3.066666666666667,2.2835,0
1.65,1.169833333333334,3.4,2.954666666666667,2
3.816666666666666,3.8475,2.5,2.663333333333333,6
1.033333333333333,1.366166666666667,1.566666666666667,0.9898333333333333,2
1.783333333333333,1.719333333333334,1.75,2.249166666666667,3
1.65,1.685166666666667,3.116666666666667,1.226166666666667,3
2.7,2.156666666666667,2.45,1.551833333333333,2
2.166666666666667,1.679166666666667,0.6666666666666666,1.310333333333333,0
2.416666666666667,2.2745,2.583333333333333,2.397666666666667,1
2.65,1.385833333333333,0.8333333333333333,1.171833333333333,0
0.8333333333333333,0.7849999999999999,1.733333333333333,1.902333333333333,1
1.5,0.8153333333333335,0.75,1.371666666666667,1
1.25,1.545166666666667,0.5833333333333333,1.1755,1
1.116666666666667,1.652833333333333,2.416666666666667,2.2005,0
2.283333333333333,1.861333333333333,1.066666666666667,0.8981666666666666,2
4.25,3.230833333333333,1.7,2.063833333333334,4
0.8333333333333333,1.502,1.233333333333333,1.464166666666667,1
0.65,1.829833333333333,5.6,2.909333333333334,2
1.616666666666667,1.070666666666667,0.9166666666666666,1.9245,2
3.616666666666667,2.1345,2.833333333333333,2.289,3
1.9,1.660833333333333,2.683333333333334,2.392666666666667,2
1.1,1.694333333333333,1.166666666666667,0.7361666666666667,0
2.333333333333333,1.258166666666667,3.3,2.367833333333333,2
3.366666666666667,2.622166666666667,2.516666666666667,2.252666666666667,6
2.583333333333333,2.511333333333333,0.95,1.490666666666667,1
0.85,1.125166666666667,2.35,1.995,3
0.9,1.141,1.033333333333333,1.335666666666667,1
0.9,2.4145,2.033333333333333,1.067833333333333,1
1.783333333333333,0.8711666666666666,2.416666666666667,2.249166666666667,1
1.083333333333333,1.656,2.5,1.820666666666667,3
2.766666666666667,2.820833333333334,0.5833333333333333,1.4935,2
1.7,1.579,1.533333333333333,1.4095,1
2.25,1.584,1.25,1.8305,0
0.9333333333333333,1.7675,1.283333333333333,2.518666666666667,1
1.75,1.782666666666667,0.4,1.0245,0
2.116666666666667,2.410333333333333,2.366666666666667,2.874333333333333,0
3.533333333333333,2.550666666666666,0.65,0.7463333333333333,0
0,1.229333333333333,3.65,3.210666666666667,0
1.533333333333333,1.2265,3.116666666666667,2.2415,2
1.616666666666667,1.0815,2.066666666666666,2.835166666666667,2
3.15,2.0235,1.033333333333333,1.435333333333333,1
0.5333333333333333,1.130833333333333,1.766666666666667,3.045333333333333,3
1.666666666666667,2.2325,1.833333333333333,1.570166666666666,0
1.316666666666667,1.920166666666667,2.7,2.52,0
3.9,4.118333333333333,1.45,1.703833333333333,2
1.35,1.298166666666666,0.5,1.192,3
0.8333333333333333,0.8498333333333334,2.35,2.154833333333333,4
1.866666666666667,2.237333333333333,2.1,1.894,1
1.433333333333333,1.754833333333333,2.283333333333333,2.566166666666667,1
1.95,2.5065,0,0.8681666666666668,0
2,1.504,1.533333333333333,2.320666666666667,4
1,1.448333333333333,1.533333333333333,1.438333333333333,1
1.033333333333333,2.106666666666666,3.483333333333333,1.960166666666666,2
2.583333333333333,2.706166666666667,1.833333333333333,1.880166666666667,0
2.566666666666666,2.315833333333333,1.283333333333333,1.528833333333333,1
2.55,2.204666666666667,1.7,1.914666666666667,7
1.2,1.048666666666667,0.9,1.389,0
0,0.9536666666666667,1.166666666666667,1.556,1
0.9,1.609333333333333,1.783333333333333,1.577,3
2.816666666666666,2.1375,1.1,1.278333333333333,2
0.9,1.602,1.283333333333333,1.469833333333333,0
1.116666666666667,0.9048333333333334,1.55,1.579666666666667,0
1.183333333333333,1.53,2.9,2.823666666666667,1
1.9,2.029666666666667,0,1.058666666666667,1
1.783333333333333,2.372833333333333,4.066666666666666,4.4055,2
2.283333333333333,1.281333333333333,2.866666666666667,1.834166666666667,1
4.566666666666666,3.985,2.683333333333333,1.863,6
1.35,1.964333333333333,1.75,1.215333333333333,1
2.75,1.767333333333333,3.283333333333333,2.555,3
1.733333333333333,1.180333333333333,3.183333333333334,2.431833333333334,1
1.433333333333333,1.148,2.783333333333333,1.760833333333333,1
1.483333333333333,1.757333333333333,0.5,0.8623333333333334,4
3.083333333333333,2.1245,0.7,0.877,3
2.283333333333333,1.4105,1.283333333333333,1.638,1
1.116666666666667,1.666666666666667,2,1.3625,1
0.3333333333333333,0.8086666666666666,2.283333333333333,1.9475,1
0.4,1.0705,0.3333333333333333,0.9801666666666666,2
0.5333333333333333,1.449833333333333,1,0.9933333333333332,0
1.2,1.353,2.816666666666666,2.617833333333333,2
1.25,1.695666666666667,1.683333333333333,1.978333333333333,2
2.316666666666666,1.802,1.7,2.168166666666667,0
1.966666666666667,1.416333333333333,0.75,1.288,2
1.6,1.660833333333333,0.45,0.8149999999999999,2
0.8333333333333333,1.417166666666667,2.333333333333333,1.331166666666667,0
4.083333333333334,1.932666666666667,1.733333333333333,1.837166666666667,4
1.783333333333333,1.479333333333333,3.55,3.536166666666667,2
2.85,1.350166666666667,1.5,1.627666666666667,5
1.883333333333333,2.140333333333333,2.283333333333333,2.060166666666666,2
5,4.127666666666667,0.7833333333333333,1.551833333333333,1
1.583333333333333,1.779166666666667,3.05,1.557166666666667,1
2.8,2.514666666666667,1.833333333333333,1.259333333333333,1
1.783333333333333,1.151833333333333,1.683333333333333,1.602333333333333,1
0.8333333333333333,1.886666666666667,2.583333333333333,2.416666666666667,1
1.783333333333333,1.998166666666667,1.683333333333333,1.710166666666667,1
1.283333333333333,1.090166666666667,1.733333333333333,0.9943333333333334,0
1.416666666666667,1.046166666666667,1.1,1.62,0
4.233333333333333,2.838,2.383333333333333,2.261166666666667,4
1.816666666666667,1.391,1.366666666666667,1.282833333333333,1
1.2,0.9776666666666667,1.666666666666667,1.253666666666667,1
1.15,1.338,0.8666666666666667,1.5435,1
0.6666666666666666,1.320333333333333,1.9,1.264666666666667,0
0.7,1.016166666666667,3.033333333333333,2.2085,2
2.166666666666667,2.024166666666667,3.033333333333333,3.438166666666667,2
1.983333333333333,2.098833333333333,1.316666666666667,1.402666666666667,1
1.766666666666667,1.7925,1,1.016666666666667,1
0.45,1.656833333333333,2.283333333333333,2.1705,2
0.25,0.9893333333333333,0.5333333333333333,1.618333333333333,1
2.616666666666667,2.3425,0.95,1.300333333333334,1
0.7833333333333333,1.941666666666667,0.7833333333333333,1.9285,2
1.533333333333333,1.266,2.516666666666667,2.869166666666667,1
0.7833333333333333,1.4545,1.033333333333333,2.014166666666667,0
1.633333333333333,1.998,2.683333333333334,1.3545,1
4.016666666666667,2.903666666666667,1.033333333333333,1.525,3
1.366666666666667,2.507,1.633333333333333,1.789666666666667,2
2.033333333333333,2.435333333333333,1.866666666666667,2.046,1
1.483333333333333,1.261333333333333,0.75,1.385,1
1.083333333333333,1.479166666666667,1.083333333333333,1.502166666666666,1
1.483333333333333,1.685666666666667,2.233333333333333,1.2485,0
1.916666666666667,1.514166666666667,2.533333333333333,2.157666666666667,4
1.283333333333333,1.462,0.9833333333333334,1.000833333333333,0
0.9,1.2375,2.466666666666667,1.900166666666667,2
0.45,1.949333333333333,1.233333333333333,0.9949999999999999,1
5.133333333333333,3.690166666666666,1.65,1.413,3
1.333333333333333,0.7504999999999999,3.866666666666667,3.412166666666667,1
0.65,0.8733333333333333,1.233333333333333,1.263166666666667,5
1.483333333333333,1.126833333333333,2.116666666666667,1.533333333333333,4
1.566666666666667,1.906333333333333,0.5333333333333333,1.040166666666667,2
3.25,2.436666666666667,1.033333333333333,1.092833333333334,1
4.533333333333333,4.751833333333333,1.083333333333333,1.697333333333333,6
0.8666666666666667,1.300833333333333,5.283333333333333,4.026166666666667,1
1.166666666666667,1.647333333333334,0.7,1.740666666666667,2
1.283333333333333,2.162666666666667,1.333333333333333,1.898333333333333,2
1.333333333333333,1.473666666666667,0.9833333333333334,2.354333333333333,2
1.233333333333333,1.256,1.866666666666667,1.916833333333333,0
1.283333333333333,1.165333333333333,1.7,1.602666666666666,2
0.9166666666666666,1.093666666666667,2.883333333333333,1.9955,2
0.7833333333333333,1.0075,1.25,1.438666666666667,0
2.183333333333334,1.728166666666667,2.283333333333333,1.9835,1
0.7833333333333333,1.344,0.7,1.383333333333334,0
2.166666666666667,1.662833333333333,0.7833333333333333,2,3
1.45,1.370166666666667,1.083333333333333,1.207,2
0.7833333333333333,1.3755,1.316666666666667,1.158666666666667,1
0.95,1.528333333333333,2.983333333333333,1.9545,0
3.233333333333333,2.077,1.5,1.323166666666667,0
0.3333333333333333,1.1545,3.116666666666667,2.254833333333333,3
2.533333333333333,1.6,1.416666666666667,1.100333333333333,0
1.616666666666667,1.366666666666667,1.283333333333333,1.817166666666667,1
1.816666666666667,1.727833333333333,0,0.5756666666666667,2
2.366666666666667,2.028833333333333,2.45,3.088333333333334,1
1.2,0.9335,3.533333333333334,2.636666666666666,0
0.45,0.9448333333333333,1.95,1.826,2
3.25,2.729,1.866666666666667,2.447833333333334,3
0.7333333333333334,1.222166666666667,1.866666666666667,2.121666666666667,1
5.2,5.335333333333334,1.983333333333333,1.122,5
1.116666666666667,1.681666666666667,2.516666666666667,2.116166666666667,1
2.3,2.059166666666667,1.233333333333333,2.103,0
1.25,0.9383333333333335,1.5,1.762666666666667,0
4.25,2.580333333333333,0,0.7216666666666667,0
1.166666666666667,1.2025,2.733333333333333,1.978166666666667,3
1.283333333333333,1.688166666666667,1.116666666666667,1.399,2
1.2,1.603833333333333,1.2,1.559833333333333,4
0.5333333333333333,1.173166666666667,2.216666666666667,1.396666666666667,4
0.7,1.078166666666667,1.2,0.9068333333333334,2
1.566666666666667,0.7706666666666667,1.6,0.7936666666666667,2
1.2,1.89,3,2.727833333333333,3
0.7,0.9543333333333333,1.233333333333333,2.102333333333333,2
2.366666666666667,2.35,2.866666666666667,2.228833333333333,1
3.766666666666667,2.939666666666667,0.7,1.109333333333333,1
0.25,0.7633333333333334,3.033333333333333,1.825,2
1.333333333333333,0.864,1.316666666666667,1.8665,4
1.783333333333333,1.666833333333333,1.15,1.874666666666667,1
4.283333333333333,3.278,0.2,0.5368333333333333,1
0.4,1.043166666666667,3.166666666666667,2.333333333333333,1
0.8666666666666667,0.7276666666666667,3.033333333333333,1.35,1
1.566666666666667,2.137333333333333,0.5333333333333333,1.691,2
1.416666666666667,1.488833333333333,1.733333333333333,1.89,1
1.533333333333333,1.698666666666667,1.416666666666667,1.073833333333333,2
1,1.062666666666667,1.333333333333333,0.7418333333333333,0
1.916666666666667,1.422666666666667,0.5833333333333333,0.7576666666666666,3
2.083333333333333,1.521,1.2,1.099666666666667,2
1.583333333333333,1.081333333333333,2.116666666666667,1.341166666666667,1
3.166666666666667,1.738333333333333,1.25,0.8613333333333334,1
1.666666666666667,1.724333333333333,2.65,2.028666666666666,3
1.65,1.084166666666667,1.9,1.520666666666667,0
1,0.5798333333333334,3.166666666666667,2.279333333333333,3
1.783333333333333,1.305,1.233333333333333,1.362,1
1.533333333333333,1.453666666666667,2.983333333333333,2.306166666666667,0
1.483333333333333,1.568,1.366666666666667,1.320833333333333,2
1.233333333333333,1.529666666666667,2.733333333333333,3.1855,2
0.3333333333333333,0.9711666666666666,4.616666666666667,3.026833333333333,2
2.316666666666666,1.907833333333333,0.3333333333333333,0.8200000000000001,0
2.833333333333333,2.891666666666667,1.116666666666667,0.8986666666666667,1
0.6666666666666666,0.9261666666666667,1.083333333333333,1.126166666666667,2
0.8666666666666667,0.9581666666666666,1.083333333333333,1.818666666666667,0
1.666666666666667,1.128333333333333,0.9833333333333334,0.768,4
2.116666666666667,1.5565,1.316666666666667,1.102166666666667,0
1.533333333333333,1.051,1.7,1.543166666666667,2
4.416666666666667,3.283333333333333,1.333333333333333,1.182,4
2.583333333333333,2.936,2.4,1.483666666666667,7
0.7333333333333334,1.096166666666667,1.416666666666667,1.0885,1
1.75,1.293666666666667,1.283333333333333,1.165666666666667,1
2.4,1.679666666666667,1.316666666666667,1.4465,3
0.75,0.6375,1.983333333333333,2.408,1
1.65,1.888166666666667,1.75,1.5845,5
1.616666666666667,1.384,2.5,2.167666666666667,2
2.616666666666667,1.694,3.533333333333333,2.739166666666667,1
0.4,0.6916666666666667,2.233333333333333,1.373166666666667,3
1.9,1.445666666666667,1.533333333333333,0.8675,2
2.133333333333333,1.293166666666667,1.816666666666667,1.525666666666667,3
0.95,0.7613333333333334,3.316666666666666,2.098833333333333,0
2.233333333333333,1.0955,2.983333333333333,3.251166666666667,4
2.616666666666667,1.899166666666667,0.7,0.8131666666666667,1
1.566666666666667,0.9648333333333332,2.2,1.666333333333333,4
3.45,2.086833333333333,1.966666666666667,1.7415,2
4.033333333333333,3.507166666666667,2.116666666666667,1.103833333333333,2
1.116666666666667,1.196333333333333,1.4,1.4035,0
0.5833333333333333,0.4668333333333333,1.516666666666667,1.378333333333333,1
1.183333333333333,1.457666666666667,1.483333333333333,1.369833333333333,1
3.033333333333333,2.650166666666666,0.7833333333333333,1.339666666666667,4
4.583333333333333,3.949,3.183333333333334,1.542666666666666,1
2.816666666666666,1.725166666666667,0.7,0.8041666666666667,2
2.35,1.78,2.766666666666667,1.827166666666667,1
1.533333333333333,1.243833333333333,1.9,1.683666666666667,0
1.4,1.233166666666667,2.916666666666667,1.638,3
1,0.8168333333333333,2.533333333333333,2.268833333333333,1
2.983333333333333,1.543,1.4,1.322333333333333,3
0.25,0.4148333333333334,3.033333333333333,2.386,1
2.7,1.749666666666667,1.583333333333333,0.7795,2
1.983333333333333,1.028,3.65,2.602666666666667,0
2.233333333333333,1.7615,2.45,1.717333333333333,1
4.366666666666667,3.893166666666667,3.083333333333333,2.299,3
1.5,0.8083333333333333,2.066666666666666,1.779666666666667,0
3.633333333333333,1.601,2.15,2.163833333333333,2
2.416666666666667,1.896666666666667,2.533333333333333,1.9205,2
1.983333333333333,1.906,1.466666666666667,0.6759999999999999,1
0.7,0.8803333333333333,1.5,1.384833333333333,2
1.083333333333333,1.557666666666667,1.733333333333333,1.6125,2
2.883333333333333,3.157833333333333,2.533333333333333,1.857166666666667,0
1.816666666666666,1.641666666666667,2.75,1.953333333333333,1
2.733333333333333,1.749166666666667,0.7833333333333333,1.118666666666667,0
1.033333333333333,1.732166666666667,0.75,1.037333333333333,0
1.733333333333333,1.465333333333333,2.233333333333333,2.108333333333333,1
1.533333333333333,0.9530000000000001,0.6,0.8518333333333332,1
1.183333333333333,1.206,0.9166666666666666,0.8186666666666667,1
0.4,0.6658333333333333,1.733333333333333,1.765,2
1.6,1.550666666666667,1.116666666666667,1.016833333333333,3
2.3,1.607333333333333,2.883333333333333,2.4685,4
3.9,3.290166666666666,2.75,2.150833333333333,2
1.35,1.080833333333333,2.3,1.950666666666667,3
2.283333333333333,2.212166666666667,2.016666666666667,1.26,2
1.316666666666667,1.257333333333333,2.1,1.849166666666667,0
0.45,0.5076666666666666,2.866666666666667,1.966333333333333,0
2.216666666666667,1.161,1.083333333333333,1.8455,3
3.266666666666667,2.478333333333333,0.7333333333333334,0.9746666666666668,1
1.283333333333333,1.338,0.65,0.9693333333333333,3
1.083333333333333,1.119666666666667,1.866666666666667,1.007666666666667,2
1.2,1.703333333333333,0.7,1.4315,1
0.6666666666666666,0.7571666666666667,1.733333333333333,1.871166666666667,0
2.3,1.639,0,0.4784999999999999,0
1.166666666666667,0.5901666666666666,1.683333333333333,1.459333333333333,3
1.033333333333333,1.907166666666667,0.95,1.069166666666667,3
1.533333333333333,1.210166666666667,2.616666666666667,1.982166666666667,3
1.45,1.6615,1.766666666666667,1.554666666666667,1
1.283333333333333,1.332666666666667,2.8,2.549833333333333,2
2.616666666666667,2.189166666666667,0.8333333333333333,0.5746666666666667,5
2.933333333333333,1.377666666666667,1.95,2.402,1
0.5,1.097333333333333,1.033333333333333,1.476666666666667,0
1.983333333333333,1.567166666666667,2.316666666666666,0.7673333333333334,3
1.7,1.011333333333333,1.6,1.122666666666667,1
2.516666666666667,2.680166666666667,2.783333333333333,1.704166666666667,3
1.75,1.7685,0.75,1.302333333333333,0
2.9,1.7065,2.233333333333333,1.646,0
1.25,1.182666666666667,2.516666666666667,2.470166666666667,2
2.333333333333333,1.362166666666667,1.5,0.9468333333333333,1
0.4,1.113833333333333,1.15,1.693833333333333,3
0.8333333333333333,0.9956666666666667,1.75,1.486166666666667,1
1.95,1.076666666666667,0.7,1.416666666666667,1
0.75,1.144333333333333,1.483333333333333,1.537166666666667,1
1.616666666666667,1.430666666666667,3.116666666666667,1.729166666666667,0
2.933333333333334,2.451333333333333,1.916666666666667,1.620833333333333,4
0.9,1.237166666666667,1.25,0.8155,1
3.816666666666666,1.815166666666667,3.65,2.659666666666666,2
2.083333333333333,2.6175,0.5,0.6548333333333334,4
1.45,1.6225,2.95,2.360333333333333,2
1.766666666666667,1.0915,2.05,1.0035,1
2.933333333333334,2.169333333333333,2.183333333333334,2.890833333333333,5
1.35,1.3275,1,1.109166666666667,0
1.183333333333333,0.8936666666666667,2.816666666666666,2.84,1
2.45,2.3055,1.2,1.120166666666667,0
1.95,1.767666666666666,0.25,0.931,0
1.283333333333333,1.076666666666667,1.433333333333333,1.025666666666667,2
1.85,1.924166666666667,3.433333333333334,2.347,3
2.5,2.437666666666667,0.95,0.8330000000000001,1
0.25,0.785,2.866666666666667,1.812333333333333,3
0.5833333333333333,0.9226666666666667,0.7833333333333333,1.379666666666667,0
2.783333333333333,2.658833333333333,0.7833333333333333,1.175666666666667,5
1.333333333333333,1.125166666666667,0.9333333333333333,0.8963333333333334,1
2.666666666666667,1.241166666666667,0.8333333333333333,1.250166666666667,0
2.866666666666667,1.477666666666667,2.083333333333333,1.506833333333333,2
2.433333333333334,1.982166666666667,0.2,0.9733333333333333,1
1.183333333333333,1.130166666666667,1.933333333333333,1.189666666666667,2
0.65,1.048666666666667,3.516666666666667,2.120166666666667,1
4.283333333333333,2.826833333333334,1.116666666666667,1.153666666666667,2
1.483333333333333,1.431666666666667,3.5,1.943666666666667,0
0.5333333333333333,1.349666666666667,0.9333333333333333,0.9148333333333334,1
1.483333333333333,1.326833333333333,2.866666666666667,3.060833333333333,3
3.116666666666667,2.992833333333333,3.2,1.941166666666667,2
0.25,0.8211666666666667,1.116666666666667,1.016333333333333,2
1.683333333333333,1.22,2.65,1.905,0
1.5,1.3175,0.75,1.478666666666667,3
0.5,1.096166666666667,0.6,0.8116666666666666,2
0.8666666666666667,0.9543333333333334,2.983333333333333,3.102666666666667,0
2.1,1.679166666666667,1.433333333333333,1.472166666666667,1
1.75,1.757666666666667,0.5833333333333333,0.4724999999999999,0
2.583333333333333,1.227666666666667,3.216666666666667,2.302,1
0.85,1.365666666666667,3.483333333333333,2.268666666666666,2
1.2,1.069166666666667,1,0.7498333333333334,0
1.2,1.518166666666667,0.75,0.7651666666666667,3
1.2,1.027166666666667,1.15,1.399166666666667,0
0.5,1.217333333333333,0.45,0.6856666666666666,1
2.283333333333333,1.193166666666667,2.033333333333333,1.229,3
1.4,1.086666666666667,1.85,2.693166666666666,2
3.183333333333334,2.964,1,1.128333333333333,3
0.75,1.123166666666667,1.683333333333333,1.901666666666667,3
1.033333333333333,1.377833333333333,1.533333333333333,1.227333333333333,0
3.283333333333333,2.579833333333333,1.166666666666667,1.256833333333333,3
1.316666666666667,0.7893333333333334,2.066666666666666,1.115666666666667,2
2.266666666666667,1.735,2.733333333333333,1.656833333333334,0
3.133333333333333,1.4235,0.8666666666666667,0.9940000000000001,0
1,0.9948333333333333,0.9166666666666666,0.897,2
0.8333333333333333,0.9021666666666668,2.683333333333333,2.03,3
0.5833333333333333,0.7523333333333334,2.083333333333333,1.7315,1
2.45,1.158166666666667,2,1.150666666666667,1
0.9,1.4615,3.2,1.398166666666667,0
2.5,2.431166666666667,0.3333333333333333,1.0695,0
1.166666666666667,1.269,2.033333333333333,1.232,2
2.283333333333333,1.1495,0.8333333333333333,0.4548333333333333,1
0.6666666666666666,1.647166666666667,1.733333333333333,1.0135,1
0.5,1.022833333333333,3.266666666666667,3.1235,0
1.25,0.8961666666666667,1.95,1.773166666666667,0
1.7,1.362666666666667,0.5333333333333333,1.073666666666667,3
3.6,1.786833333333333,1.616666666666667,1.656166666666667,4
0.5333333333333333,0.6543333333333334,0.5333333333333333,0.8801666666666667,4
1.916666666666667,0.8451666666666666,1.4,1.426833333333333,1
3.2,2.448166666666666,1.45,1.3085,2
1.083333333333333,0.8198333333333334,4.066666666666666,2.016666666666667,0
1.55,1.783166666666667,1.05,1.3705,2
2.2,1.149833333333333,0.9,1.150666666666667,0
0.65,0.974,2.15,1.170166666666667,2
1.866666666666667,1.460666666666667,3.55,2.214833333333333,3
5.05,2.767166666666667,2.566666666666666,1.117833333333333,2
0.95,1.2575,1.283333333333333,1.204333333333333,2
1.2,1.250166666666667,0.5333333333333333,0.4741666666666667,2
1.1,0.9369999999999998,1.933333333333333,1.058166666666667,0
1.5,2.048333333333333,1.3,1.535,2
0.75,1.207666666666667,0.6,1.114,1
0.5,0.8765000000000001,2.116666666666667,1.711166666666667,4
2.933333333333334,2.125833333333333,1.283333333333333,0.8536666666666666,3
1.183333333333333,0.5856666666666668,3.45,2.065666666666667,3
3.5,2.608166666666667,0.7,1.169833333333333,1
1.066666666666667,1.776166666666667,2.233333333333333,2.178333333333333,3
1.866666666666667,1.344666666666667,1.2,1.508166666666667,1
1.233333333333333,1.616666666666667,1.25,0.7108333333333333,2
1.6,1.22,0.6666666666666666,1.018166666666667,2
1.666666666666667,1.019666666666667,1.566666666666667,1.853166666666667,1
0.9166666666666666,1.274,2.533333333333333,1.7935,1
0.65,0.6455,1.75,2.454,1
3.766666666666667,2.831666666666667,2.633333333333333,2.188333333333333,6
2.933333333333334,2.7995,1.616666666666667,1.715,3
2.4,1.560166666666666,1.166666666666667,1.022333333333333,2
2.033333333333333,1.0575,2.4,1.801666666666667,2
0.45,1.447666666666667,1.833333333333333,1.971833333333333,1
1.916666666666667,2.270666666666667,2.016666666666667,1.208333333333333,1
1.583333333333333,1.229833333333334,1.45,1.221333333333333,2
1.583333333333333,0.5606666666666666,2.55,1.998833333333333,1
2.8,1.838,2.666666666666667,1.693166666666666,1
3.116666666666667,1.917666666666667,1.9,0.9178333333333334,2
5.366666666666667,3.347,1.933333333333333,1.619333333333333,5
1.483333333333333,1.754833333333333,2.483333333333333,1.112666666666667,0
2.433333333333334,1.566,0.9166666666666666,0.9568333333333334,3
1.75,1.978833333333333,4.35,2.551166666666667,5
1.4,1.481833333333333,2.45,1.6485,1
1.416666666666667,1.505333333333333,0.3333333333333333,0.6863333333333334,1
0.8333333333333333,1.829333333333333,3.133333333333333,1.431166666666666,1
1.416666666666667,1.102333333333333,2.65,2.39,4
0.9833333333333334,1.120166666666667,3.55,2.606666666666666,1
1.733333333333333,1.703166666666667,0.7333333333333334,1.466666666666666,1
0.7333333333333334,1.246666666666667,1.416666666666667,0.9851666666666667,1
1.716666666666667,0.7136666666666667,1.033333333333333,1.356833333333333,0
2.416666666666667,1.378,0.9833333333333334,1.407666666666667,0
1.083333333333333,1.791333333333333,0.7833333333333333,1.083,2
1.516666666666667,1.160333333333333,1.083333333333333,2.141333333333333,0
3.95,3.098,2.15,1.549166666666667,2
1.333333333333333,1.466833333333333,3.066666666666666,2.089,1
3.916666666666667,2.003166666666667,0.85,1.7145,1
1.933333333333333,1.425,2.666666666666667,1.356833333333333,1
1.933333333333333,1.928166666666667,1.983333333333333,1.4085,1
1.983333333333333,1.660166666666667,2.166666666666667,1.827333333333333,1
1.733333333333333,0.9694999999999999,3.766666666666667,1.946166666666667,2
1.633333333333333,1.296333333333333,2.433333333333334,1.521666666666667,0
1.95,1.650166666666667,1.033333333333333,1.479166666666667,3
1.783333333333333,1.823833333333333,2.866666666666667,1.925666666666666,0
0.95,1.505666666666667,1.683333333333333,2.134833333333333,3
4.066666666666666,2.815166666666667,1.9,1.327666666666667,4
2.233333333333333,0.9703333333333333,1.516666666666667,1.144666666666667,2
1.633333333333333,1.270166666666666,2.233333333333333,1.459333333333333,2
1.033333333333333,1.505833333333333,1.2,1.811166666666667,1
1.15,0.9701666666666666,0.5333333333333333,1.0345,1
0.5333333333333333,1.0895,0.7,0.758,0
1.283333333333333,1.1845,2.283333333333333,2.293833333333333,0
3.266666666666667,2.514666666666667,0.9833333333333334,0.9904999999999999,3
1.533333333333333,1.675333333333333,1.083333333333333,1.264833333333333,3
0.9,0.9255,1.866666666666667,1.369333333333333,1
0.9,0.9276666666666666,2.433333333333334,1.668833333333333,3
2.033333333333333,2.107333333333333,1.983333333333333,1.525166666666667,2
1.616666666666667,1.458166666666667,1.833333333333333,1.814666666666667,0
2.85,2.1195,1.733333333333333,1.594666666666667,1
4.583333333333333,3.942166666666667,1.45,1.6665,3
1.033333333333333,1.933166666666667,2.916666666666667,1.863166666666667,0
1.25,1.544833333333333,1.7,1.248166666666667,0
0.7,1.6765,3.45,3.422833333333333,0
0.95,1.091166666666667,0.7833333333333333,1.595833333333333,2
2.283333333333333,1.789166666666667,2.9,1.775333333333333,3
2.416666666666667,1.6615,1.75,1.508,3
1.366666666666667,1.373333333333333,0.8333333333333333,1.0375,3
1.716666666666667,0.7378333333333332,1.7,1.218333333333333,1
3.9,2.452833333333333,0.25,0.6879999999999999,1
0.45,1.073333333333333,1.45,1.211166666666667,4
0.7,0.9550000000000001,1.233333333333333,1.058,2
0.5833333333333333,0.7755,2.2,2.595166666666667,1
2.25,1.819166666666667,1.616666666666667,1.125833333333333,0
1.033333333333333,0.9075,2.533333333333333,2.09,2
1.683333333333333,1.355333333333333,1.566666666666667,1.237833333333333,4
0.3333333333333333,0.9199999999999999,0.95,1.317833333333333,3
1.866666666666667,1.8845,2.25,1.683833333333334,5
1,1.2595,0.5,1.279,2
1.1,1.1335,1.366666666666667,1.781166666666667,2
1.933333333333333,2.249666666666667,1.4,1.632833333333333,3
2.8,2.604666666666667,1.283333333333333,1.668166666666667,3
1.416666666666667,1.508166666666667,1.116666666666667,1.424,0
3.65,2.384,2.6,1.202166666666667,0
1.15,1.437,1.033333333333333,0.9335,2
0.95,0.8631666666666666,2.25,1.347,0
0.2,1.104833333333333,1.45,1.4485,2
1.333333333333333,1.7715,3.3,2.6225,2
0.9166666666666666,0.868,0.8333333333333333,1.345833333333333,2
2.15,1.7995,2.366666666666667,1.730166666666667,2
1.116666666666667,0.8446666666666667,2.75,1.832333333333333,2
1.233333333333333,0.8918333333333333,0.3333333333333333,0.7655000000000001,0
2.2,1.721833333333333,1.933333333333333,1.5645,1
2.6,1.9215,1.983333333333333,1.416833333333333,0
2.283333333333333,1.478833333333333,1.683333333333333,1.536333333333333,1
3.433333333333334,2.2005,1.866666666666667,1.3645,2
2.016666666666667,1.246333333333334,1.7,1.0755,0
1.916666666666667,1.528666666666667,0.9,1.1645,1
0.25,0.8778333333333332,0.6666666666666666,1.468666666666667,0
1.95,2.226333333333333,1.416666666666667,1.1575,0
3.1,2.597666666666667,2.25,2.541333333333333,7
1.35,1.914833333333333,1.45,1.864666666666666,2
1.15,1.239,3.016666666666667,1.958,3
1.166666666666667,0.8766666666666667,2.816666666666666,1.790666666666667,2
1.166666666666667,0.9005,1.366666666666667,0.6478333333333334,0
2,2.861166666666667,1.6,1.562333333333333,2
2.816666666666667,1.9695,1.2,1.338333333333333,2
2.016666666666667,1.333833333333333,2.516666666666667,1.937166666666667,3
2.933333333333334,1.888833333333333,3.016666666666667,2.655833333333333,2
4.616666666666667,4.129166666666666,2.366666666666667,1.529333333333333,2
1.383333333333333,1.002833333333333,0.7,1,0
0.95,1.518,2.066666666666666,1.601166666666667,0
1.566666666666667,0.6626666666666667,4.133333333333333,3.476333333333333,2
1.533333333333333,1.2765,0.7833333333333333,0.9838333333333332,1
0.4,0.3748333333333334,1.316666666666667,0.7743333333333333,2
1.25,1.390166666666667,1.35,1.093833333333333,0
2.066666666666666,1.300333333333333,0.9,1.084,4
2.166666666666667,2.548,1.766666666666667,1.774666666666667,1
1.733333333333333,1.347333333333333,4.75,2.983166666666667,1
3.35,2.5795,0.65,1.1595,1
5.183333333333334,3.303,1.15,1.4065,4
0.5,0.663,2.316666666666666,1.560666666666667,0
2.65,2.1965,0.5333333333333333,0.6615,1
1.166666666666667,1.756166666666667,4.433333333333334,3.157,4
2.066666666666666,1.517666666666667,2.083333333333333,1.418833333333333,1
3.166666666666667,1.462666666666667,2.416666666666667,2.3755,3
1.25,1.597166666666667,2.666666666666667,2.382666666666667,4
1.25,1.326166666666667,2.316666666666666,1.861166666666667,0
1.816666666666667,1.088333333333333,3.566666666666666,3.7025,2
2.033333333333333,1.514666666666667,3.2,2.6745,3
0.2,0.5506666666666666,1.15,1.371666666666667,1
4.566666666666666,4.634166666666666,2.083333333333333,1.353333333333333,4
2.15,2.260333333333334,3.366666666666667,2.468833333333333,0
0.6666666666666666,0.5950000000000001,1.65,2.040833333333333,0
0.7833333333333333,1.051166666666667,0.25,0.6986666666666667,1
1.7,1.9825,1.066666666666667,0.8420000000000001,1
2.116666666666667,1.7655,0.6666666666666666,1.1065,2
0.7,1.256833333333333,1.15,1.229166666666667,1
0.75,0.8421666666666666,1.783333333333333,1.331666666666667,1
1.283333333333333,1.449166666666667,3.233333333333333,1.775666666666667,2
2.433333333333333,1.548166666666667,0.75,1.317,1
1.233333333333333,1.236666666666667,4.183333333333334,2.510666666666667,3
1.733333333333333,1.638666666666667,3.733333333333333,2.553333333333334,5
2.483333333333333,1.951833333333333,1.583333333333333,1.648166666666667,1
2.083333333333333,1.452333333333333,1.033333333333333,0.6425000000000001,3
0.8333333333333333,1.154333333333333,1.983333333333333,1.500166666666667,2
5.483333333333333,3.096666666666667,0.8333333333333333,1.544833333333333,4
3.4,1.889166666666667,1.033333333333333,1.137333333333333,0
