Coef
4.90
4.41
1.65
1.34
6.13
7.84
2.16
3.50
3.44
1.33
5.71
8.83
2.58
3.52
2.73
1.99
3.79
3.68
1.57
4.38
5.95
2.13
3.19
3.94
7.82
5.00
1.41
4.26
4.07
1.80
2.00
3.46
4.05
1.96
3.67
3.92
1.46
4.45
7.67
1.51
4.71
6.15
2.12
3.63
3.44
2.30
3.35
3.29
4.41
3.88
1.79
2.77
3.82
2.42
1.28
5.80
11.44
1.56
4.47
5.81
4.09
3.87
1.87
2.88
3.15
2.67
1.84
3.82
4.32
1.97
3.78
3.74
1.92
3.32
4.69
1.75
4.16
4.41
2.71
3.22
2.80
4.17
3.41
1.98
1.84
4.10
3.98
1.39
4.99
8.30
1.83
3.89
4.31
6.35
4.75
1.49
1.67
4.01
5.22
2.93
2.89
2.85
3.91
3.64
1.97
1.48
4.48
7.20
1.19
7.69
15.01
2.44
3.16
3.20
1.36
4.59
11.74
1.52
4.14
7.26
3.70
3.62
2.04
2.81
3.41
2.57
1.24
6.91
11.30
2.43
3.63
2.82
2.11
3.55
3.55
2.99
2.90
2.80
1.85
3.40
4.86
7.42
4.63
1.45
2.41
3.25
3.17
2.20
3.66
3.25
3.39
3.42
2.23
1.82
3.46
5.03
1.55
4.30
6.19
3.06
3.26
2.47
2.31
3.49
3.12
1.17
8.20
15.39
2.07
3.77
3.44
3.94
3.28
2.09
1.98
3.67
3.83
2.42
3.10
3.30
5.00
3.95
1.71
1.48
4.47
7.05
2.65
3.46
2.69
2.48
3.28
3.04
1.63
3.98
5.83
3.19
2.98
2.56
1.59
4.37
5.59
1.51
4.16
7.54
3.01
3.48
2.39
1.79
3.63
4.90
2.26
3.48
3.23
2.44
3.34
3.04
1.78
4.11
4.31
4.10
3.63
1.93
2.58
2.96
3.20
2.54
3.00
3.22
1.74
3.73
5.14
3.97
3.70
1.95
1.39
5.34
7.45
2.51
3.20
3.06
2.24
3.43
3.37
2.09
3.07
4.28
1.38
5.11
8.41
2.86
3.62
2.42
1.84
3.82
4.37
2.57
3.39
2.82
1.50
4.47
6.80
4.40
3.72
1.84
2.29
3.14
3.53
1.36
4.83
10.33
1.18
7.75
15.15
2.62
3.14
2.96
2.60
3.44
2.75
3.16
3.60
2.25
2.57
3.55
2.74
6.10
3.51
1.70
2.44
3.40
3.00
1.18
7.71
15.42
1.93
3.10
5.09
2.94
3.00
2.75
6.24
4.62
1.51
1.89
3.40
4.65
1.66
4.06
5.29
2.58
3.68
2.69
1.63
3.91
5.93
2.31
3.07
3.53
3.58
2.94
2.33
1.17
8.40
15.12
2.36
3.22
3.19
1.85
3.70
4.43
5.71
4.38
1.57
2.76
3.56
2.53
1.63
4.03
5.64
3.66
3.35
2.14
2.55
3.31
2.93
1.60
3.77
6.73
1.11
11.05
24.14
1.52
3.77
8.50
3.33
3.24
2.34
1.67
3.67
6.08
2.02
3.25
4.24
1.99
3.19
4.46
4.12
3.14
2.10
2.34
3.13
3.44
1.80
3.69
4.75
2.66
3.73
2.56
4.13
3.68
1.91
1.57
4.12
6.34
1.68
3.75
5.66
2.39
3.33
3.16
2.37
3.22
3.29
6.54
5.21
1.44
2.37
3.20
3.30
1.55
3.85
7.49
3.16
2.97
2.60
2.15
3.18
3.88
2.51
3.04
3.23
3.89
4.13
1.85
1.92
3.29
4.69
1.74
3.59
5.41
3.73
3.22
2.17
1.75
3.51
5.47
2.44
3.46
2.98
1.80
3.60
4.89
1.18
7.93
15.79
1.15
8.80
19.76
2.27
2.96
3.84
6.44
4.02
1.59
1.74
4.00
4.68
2.05
3.09
4.40
2.12
3.39
3.74
5.21
3.87
1.71
1.81
3.65
4.77
1.84
3.52
4.74
2.09
3.25
4.03
1.89
3.51
4.49
1.73
3.82
5.07
2.62
3.19
2.92
2.03
3.27
4.21
3.18
3.35
2.35
2.69
3.09
2.93
1.20
7.35
14.44
1.63
4.12
5.47
3.95
3.29
2.09
2.10
3.60
3.54
3.55
3.60
2.09
1.42
4.98
7.39
2.54
2.94
3.30
2.49
3.38
2.95
2.23
3.26
3.54
2.28
3.31
3.37
5.48
4.11
1.64
2.08
3.28
3.96
1.59
4.05
6.21
10.05
5.86
1.30
2.55
3.10
3.10
2.05
3.39
3.88
2.73
2.93
3.01
1.70
3.29
6.87
1.39
5.19
7.99
1.86
3.59
4.55
1.22
6.44
15.10
1.93
3.57
4.14
2.84
3.32
2.58
2.03
3.43
3.94
1.65
3.90
5.71
3.32
3.31
2.30
6.03
3.53
1.69
1.67
4.22
4.96
1.82
3.33
5.33
2.20
3.23
3.68
3.06
3.70
2.27
1.18
7.90
16.17
2.68
3.18
2.85
1.31
5.48
10.96
2.03
3.33
4.07
1.98
3.35
4.28
1.53
3.94
7.55
2.09
3.07
4.28
2.49
3.25
3.04
2.51
3.05
3.23
7.00
4.90
1.44
1.36
5.14
9.26
2.92
3.30
2.55
2.19
3.43
3.44
3.23
3.48
2.26
3.34
3.20
2.35
2.15
3.27
3.73
2.00
3.18
4.49
2.21
3.63
3.24
4.80
4.14
1.70
2.13
3.78
3.28
2.95
3.15
2.62
1.44
4.26
9.00
1.68
3.74
5.60
1.14
9.65
18.39
1.44
4.27
9.11
1.82
3.72
4.51
1.71
3.60
5.54
2.63
3.02
3.08
3.08
3.14
2.53
12.28
7.52
1.21
3.37
3.32
2.27
2.52
3.32
2.92
1.43
4.75
7.73
2.67
3.14
2.91
1.16
8.47
16.23
6.25
3.42
1.71
2.29
3.10
3.54
1.91
3.41
4.51
2.02
3.54
3.85
1.47
4.67
6.91
1.73
3.52
5.67
9.73
5.91
1.30
1.70
4.00
4.97
7.54
5.02
1.41
1.69
4.09
4.92
2.09
3.59
3.56
1.37
4.47
11.41
2.70
2.90
3.04
2.93
3.51
2.45
3.72
3.45
2.09
1.23
6.75
12.46
5.37
3.37
1.81
1.85
3.66
4.45
1.60
4.16
5.79
2.41
3.09
3.35
2.44
3.03
3.38
1.67
3.97
5.29
2.93
3.36
2.51
1.86
3.72
4.32
2.17
3.46
3.47
1.65
3.76
6.01
1.39
5.02
8.42
2.21
3.19
3.69
3.13
3.35
2.39
2.28
3.37
3.31
1.43
4.67
8.21
6.92
4.85
1.45
2.20
3.11
3.84
5.04
4.56
1.61
3.21
3.67
2.21
1.90
3.66
4.25
1.20
7.41
14.17
2.12
3.17
4.00
2.20
3.21
3.71
1.57
3.64
7.93
3.04
3.07
2.62
2.52
3.11
3.16
2.86
3.36
2.56
1.88
3.47
4.69
1.78
3.81
4.76
3.78
3.22
2.16
2.59
3.54
2.72
1.71
3.96
5.02
2.14
3.40
3.60
11.20
6.57
1.25
1.48
4.24
8.00
1.20
7.30
14.30
6.34
3.27
1.74
1.22
6.62
13.66
3.32
3.36
2.27
2.00
3.79
3.69
2.61
3.03
3.07
1.47
4.03
8.80
2.21
3.43
3.40
2.28
3.36
3.30
2.84
3.21
2.68
1.99
3.48
4.04
3.48
3.18
2.29
3.24
3.51
2.25
1.80
3.70
4.80
1.59
3.97
6.35
3.98
3.46
2.02
2.83
3.28
2.63
2.96
3.27
2.53
1.28
6.61
9.22
4.05
3.17
2.11
1.61
3.72
6.74
1.14
8.78
19.47
1.76
3.85
4.76
5.39
4.19
1.63
2.35
3.22
3.33
1.46
4.84
6.66
1.63
3.61
6.81
1.92
3.50
4.35
2.14
3.26
3.82
9.45
5.25
1.34
1.72
3.84
5.10
2.24
3.22
3.57
2.03
3.37
4.04
2.27
3.25
3.45
1.76
3.58
5.27
2.14
3.58
3.43
1.50
4.27
7.29
2.65
3.25
2.85
2.19
3.33
3.54
3.29
3.59
2.20
1.21
7.00
14.97
2.47
3.35
3.00
3.13
3.35
2.39
2.51
3.32
2.99
2.94
2.99
2.75
2.02
3.65
3.72
4.24
4.20
1.78
1.66
4.19
4.99
2.21
3.37
3.46
12.68
6.05
1.26
1.20
6.91
17.32
1.63
4.00
5.67
1.86
3.37
4.92
1.10
11.51
23.61
2.15
3.38
3.67
2.20
3.35
3.51
3.61
3.87
2.00
1.26
6.47
11.21
5.97
3.22
1.79
1.76
3.61
5.24
2.14
3.06
4.15
1.98
3.55
4.00
3.51
3.37
2.19
2.33
3.55
3.11
1.64
3.82
5.93
2.19
3.10
3.84
1.66
4.00
5.44
3.03
3.20
2.55
6.27
4.44
1.53
1.70
4.09
4.93
7.99
5.20
1.39
1.40
4.16
11.86
2.36
3.41
3.14
2.89
3.47
2.48
1.06
14.68
37.17
3.22
3.18
2.43
3.51
3.52
2.13
1.16
8.39
19.03
5.16
3.61
1.77
3.05
3.25
2.49
1.53
4.38
6.51
2.00
3.14
4.62
1.59
3.93
6.53
2.27
3.54
3.18
9.38
5.35
1.34
1.98
3.59
3.90
2.97
3.29
2.52
17.85
7.80
1.17
1.17
7.37
20.75
2.99
3.31
2.48
3.51
3.21
2.27
2.19
3.08
3.91
1.66
3.76
5.73
3.57
3.27
2.23
1.18
7.46
16.38
4.52
4.00
1.77
1.76
3.64
5.11
1.09
11.41
30.40
2.23
3.28
3.53
2.08
3.37
3.83
1.58
4.28
5.90
1.74
3.57
5.42
