All_Cofs_Col
1.55
4.03
6.42
2.15
3.78
3.20
2.04
3.25
4.04
1.45
5.02
6.36
1.86
3.91
4.00
1.95
3.71
3.82
3.41
3.38
2.20
3.80
4.27
1.83
6.71
5.45
1.40
2.37
3.72
2.85
2.18
3.27
3.59
2.30
3.49
3.09
1.62
4.00
5.54
1.23
6.70
11.71
1.58
3.95
6.24
1.87
3.68
4.24
1.19
7.83
12.47
1.62
4.08
5.45
2.19
3.60
3.26
3.19
3.38
2.30
2.94
3.77
2.29
1.53
4.08
6.90
1.80
3.87
4.38
2.19
3.13
3.75
2.83
2.98
2.83
2.02
3.54
3.75
2.57
3.15
2.97
3.73
3.83
1.93
5.76
4.48
1.54
1.77
3.80
4.65
1.56
4.44
5.57
2.14
3.64
3.30
1.76
3.57
5.10
1.99
3.45
3.94
2.31
3.36
3.18
2.52
3.14
3.04
1.90
3.31
4.61
1.97
3.43
4.09
1.18
8.12
12.71
3.66
3.40
2.12
3.47
3.50
2.13
4.74
3.93
1.72
1.51
4.27
6.91
1.49
4.39
6.83
2.32
3.17
3.35
3.10
3.09
2.50
2.36
3.15
3.32
1.43
4.55
8.01
2.25
3.07
3.66
5.07
4.08
1.65
1.28
6.23
9.39
2.69
3.19
2.79
2.03
3.10
4.32
3.68
3.28
2.14
1.61
3.61
6.72
2.06
3.50
3.67
2.88
3.10
2.67
4.05
3.40
1.98
1.33
5.42
9.01
2.87
3.30
2.54
3.84
3.55
1.99
5.07
3.88
1.69
1.57
4.04
6.34
1.92
3.38
4.45
1.92
3.35
4.46
3.42
3.02
2.37
1.82
3.50
4.74
1.94
3.35
4.33
1.39
4.85
8.22
4.14
3.78
1.85
2.43
3.11
3.22
2.73
3.30
2.66
1.25
6.51
11.05
3.13
2.96
2.59
2.70
3.06
2.89
2.53
3.04
3.13
3.45
3.15
2.29
2.78
3.19
2.72
3.80
3.27
2.10
1.82
3.61
4.59
1.20
7.30
14.37
3.50
3.30
2.20
1.87
3.31
4.80
2.99
3.03
2.63
1.73
3.80
4.98
7.32
4.98
1.41
2.72
3.09
2.84
2.60
3.02
3.06
2.28
3.19
3.45
1.41
4.61
8.61
1.50
4.10
7.44
4.33
3.90
1.80
1.28
6.34
9.72
2.59
3.18
2.91
2.24
3.08
3.69
1.46
4.63
6.89
2.26
3.12
3.79
3.20
3.16
2.42
2.11
3.15
3.99
2.37
3.35
3.16
2.01
3.55
4.07
2.32
3.17
3.45
13.68
7.55
1.19
1.48
4.39
7.07
1.47
4.21
7.87
1.97
3.22
4.39
2.68
3.18
2.83
2.14
3.26
3.73
2.65
3.22
2.84
2.92
3.15
2.61
1.76
3.56
5.20
3.99
3.57
1.94
2.51
2.96
3.26
1.82
3.63
4.54
1.26
6.13
11.64
3.11
2.90
2.65
1.60
4.04
5.88
2.42
2.98
3.39
3.34
3.25
2.29
1.97
3.06
4.80
13.58
7.04
1.21
2.94
3.48
2.41
2.83
3.30
2.59
2.15
2.98
4.07
2.21
3.01
3.88
1.78
3.49
5.06
2.65
2.93
3.10
2.60
3.06
3.02
1.20
7.24
13.41
2.92
3.11
2.65
3.29
3.39
2.26
1.30
5.48
10.65
2.07
3.17
4.06
5.93
4.48
1.53
2.52
2.94
3.28
2.13
3.11
3.97
3.19
2.98
2.54
1.92
3.22
4.75
2.14
3.05
4.13
1.83
3.52
4.70
1.46
4.28
8.21
1.25
6.29
11.61
1.95
3.61
3.96
3.43
3.10
2.33
1.80
3.52
4.91
6.06
4.60
1.51
3.18
3.15
2.44
2.11
3.43
3.64
2.38
3.19
3.24
1.81
3.61
4.68
2.66
3.01
3.00
2.27
2.95
3.89
1.94
3.22
4.63
1.32
5.42
9.73
4.52
3.56
1.85
2.21
3.15
3.68
3.43
3.76
2.06
2.56
2.99
3.16
2.82
3.02
2.82
1.99
3.37
4.10
1.71
3.77
5.14
1.60
3.82
6.39
1.84
3.40
4.84
2.74
3.16
2.79
1.21
7.07
13.27
2.42
3.05
3.31
6.52
4.55
1.49
1.56
3.71
7.65
3.61
3.33
2.16
2.68
2.96
3.00
2.45
3.09
3.22
2.27
3.14
3.55
2.32
3.24
3.31
2.26
3.12
3.54
3.57
3.53
2.09
1.73
3.58
5.39
2.48
3.00
3.27
4.99
3.67
1.76
2.09
3.29
3.87
1.88
3.38
4.64
2.04
3.48
3.75
2.21
3.04
3.82
1.07
12.70
30.84
1.67
3.63
5.88
2.48
3.45
2.88
2.85
3.16
2.66
2.20
3.21
3.60
2.28
3.25
3.38
5.14
3.98
1.67
2.58
3.06
3.05
1.78
3.92
4.41
3.32
3.20
2.34
2.30
3.15
3.46
2.75
3.12
2.76
2.71
3.22
2.76
2.71
3.06
2.90
14.11
6.97
1.20
1.44
4.46
7.86
3.61
3.17
2.23
3.08
2.97
2.63
2.40
3.05
3.35
1.76
3.29
5.79
3.86
3.49
2.01
1.65
3.95
5.36
2.12
3.26
3.76
3.78
3.31
2.09
1.14
8.96
18.66
1.72
3.41
5.85
1.75
3.65
5.03
1.56
4.19
6.03
2.24
3.16
3.52
2.59
3.07
3.03
1.35
5.25
8.64
2.20
3.19
3.63
2.54
3.26
2.91
2.18
3.07
3.86
2.00
3.15
4.37
1.82
3.42
4.93
2.01
3.14
4.39
1.58
3.99
6.26
6.52
4.58
1.49
2.71
3.14
2.81
2.85
3.11
2.70
2.44
3.11
3.20
1.47
4.51
6.85
2.91
3.31
2.52
1.79
3.50
5.01
2.19
3.21
3.62
2.87
3.22
2.60
2.02
3.17
4.28
10.24
5.67
1.29
1.51
4.02
7.35
1.71
3.75
5.19
1.98
3.47
4.00
1.89
3.27
4.81
3.09
3.18
2.49
2.69
3.22
2.79
1.79
3.53
4.98
3.06
3.37
2.38
2.00
3.41
4.04
4.73
3.47
1.84
2.38
3.09
3.35
2.41
3.00
3.40
3.00
3.20
2.51
3.03
3.20
2.52
2.16
3.17
3.78
1.99
3.15
4.44
2.20
3.26
3.54
1.12
9.44
21.58
1.60
4.08
5.73
14.58
8.37
1.17
1.32
5.51
9.73
2.27
3.19
3.45
1.68
3.77
5.43
2.81
3.06
2.79
2.39
3.31
3.09
1.85
3.49
4.62
2.28
3.11
3.52
4.88
3.84
1.74
1.73
3.64
5.27
3.13
3.29
2.39
1.82
3.47
4.82
1.74
3.44
5.66
3.64
3.26
2.17
2.49
3.38
2.91
1.76
3.43
5.50
2.47
3.35
2.98
1.95
3.53
4.04
1.42
4.72
7.82
1.18
8.13
14.41
5.20
4.28
1.62
2.32
3.27
3.29
1.78
3.41
5.32
2.96
3.12
2.60
2.54
3.18
2.99
1.62
3.72
6.32
1.65
4.11
5.13
3.19
3.12
2.45
3.81
3.50
2.02
2.72
3.29
2.70
3.01
3.52
2.35
2.35
3.25
3.27
2.04
3.17
4.22
2.25
3.22
3.48
3.52
3.58
2.09
1.99
3.39
4.08
2.29
3.06
3.58
2.51
3.48
2.84
1.10
11.32
24.07
1.31
5.91
9.22
1.27
6.35
9.74
1.36
5.17
8.65
2.10
3.49
3.57
2.41
3.18
3.21
2.95
3.02
2.69
2.63
3.21
2.86
2.29
3.29
3.33
2.25
3.22
3.49
2.08
3.49
3.64
2.31
3.34
3.24
2.97
3.42
2.42
2.00
3.24
4.24
1.82
3.64
4.56
2.05
3.24
4.05
2.27
3.14
3.53
1.30
5.77
10.06
2.25
3.15
3.57
1.86
3.72
4.24
8.88
5.77
1.31
1.92
3.77
3.95
1.14
9.08
19.24
3.37
3.15
2.33
2.65
3.15
2.88
3.08
2.95
2.63
5.35
4.30
1.61
1.43
4.64
7.79
2.05
3.41
3.82
2.31
3.29
3.29
1.69
3.78
5.40
2.17
3.31
3.58
1.88
3.88
4.01
2.66
3.23
2.82
8.85
5.73
1.32
2.29
3.33
3.29
2.44
3.04
3.31
2.04
3.47
3.84
1.60
3.77
6.64
1.90
3.27
4.81
1.96
3.43
4.23
2.10
3.46
3.65
1.27
6.16
10.79
1.79
3.61
4.88
2.09
3.27
3.90
3.29
3.22
2.35
2.38
3.34
3.12
2.03
3.26
4.15
2.47
3.37
2.97
6.48
4.24
1.53
1.24
6.51
11.86
2.64
3.20
2.84
2.97
3.65
2.35
2.13
3.22
3.86
1.64
3.60
6.50
2.19
3.42
3.46
3.00
2.98
2.68
2.07
3.33
3.91
2.77
3.27
2.68
1.89
3.46
4.50
12.79
6.94
1.22
1.42
4.89
7.63
1.48
4.47
6.94
2.83
3.35
2.57
1.94
3.58
4.06
2.89
3.09
2.68
2.33
3.13
3.42
2.12
3.07
4.11
2.00
3.35
4.11
2.53
3.39
2.86
1.10
10.89
24.98
1.38
4.94
8.60
4.82
4.02
1.70
2.50
3.11
3.12
2.72
3.16
2.79
3.24
3.06
2.46
2.86
3.12
2.69
2.61
3.38
2.75
1.66
4.01
5.22
1.90
3.40
4.53
11.19
6.43
1.25
5.05
4.05
1.68
1.09
11.37
28.32
1.96
3.35
4.36
1.24
6.33
13.15
2.31
3.18
3.41
2.76
3.21
2.72
1.74
3.57
5.30
1.88
3.40
4.71
1.80
3.57
4.91
2.53
3.27
2.92
1.46
4.48
7.51