1.416666666666667,1.289,3.283333333333333,2.219,1
2.25,2.456833333333333,1.316666666666667,1.443666666666667,2
2.083333333333333,1.475833333333334,1.033333333333333,1.166833333333333,0
1.233333333333333,0.4936666666666667,1.7,1.891666666666667,1
0.45,0.866,2.166666666666667,1.665166666666667,0
0.2,0.8201666666666667,1.45,1.394,2
1.366666666666667,1.080166666666666,2.15,1.893666666666667,3
1.866666666666667,1.901333333333333,1.116666666666667,1.485833333333333,1
0.5333333333333333,1.168333333333333,2.816666666666666,1.989333333333333,1
1.5,1.657666666666667,1.766666666666667,1.441,4
1.533333333333333,1.568666666666667,0.9333333333333333,1.426833333333333,0
1.45,1.593333333333333,1.633333333333333,2.054666666666667,1
1.033333333333333,1.359,1.833333333333333,1.2015,2
1.966666666666667,1.336833333333333,2.566666666666666,1.580166666666666,2
2.9,1.2935,1.416666666666667,1.400333333333333,1
1.866666666666667,1.202166666666667,0.3333333333333333,0.7133333333333334,2
1.133333333333333,1.121333333333333,1.916666666666667,1.187166666666667,0
3.483333333333333,1.761,1.983333333333333,1.021333333333333,3
2,1.256333333333334,3.933333333333334,1.702,0
4.433333333333334,2.7085,1.05,0.9018333333333334,4
2.166666666666667,2.5255,1.683333333333333,1.0615,2
1.7,1.297833333333333,1.233333333333333,1.0535,0
1.45,0.9178333333333333,2.4,1.459,0
2.233333333333333,1.213333333333333,2.25,2.124666666666667,1
3.333333333333333,2.602166666666667,2.066666666666666,1.381833333333333,1
0.5,0.8298333333333334,1.483333333333333,2.576666666666667,0
2.65,1.237666666666667,2.65,2.225833333333333,3
1.483333333333333,2.135,1.95,1.830833333333333,1
1.783333333333333,1.750666666666667,1.883333333333333,1.5075,3
1.416666666666667,2.245333333333333,2.733333333333333,1.541166666666667,3
1.366666666666667,0.8216666666666667,2.283333333333333,2.5155,1
2.6,2.884,1.716666666666667,1.902166666666667,3
1.316666666666667,0.8258333333333333,3.1,1.773333333333333,1
0.9333333333333333,0.7641666666666667,1.45,1.187166666666667,2
0.75,1.415,0.8666666666666667,0.9695,1
0.85,1.255666666666667,1.333333333333333,1.523166666666667,0
1.683333333333333,0.8021666666666667,1.666666666666667,1.844333333333333,3
2.3,1.256666666666667,1.566666666666667,1.783666666666667,2
0.45,1.656166666666667,2.316666666666666,1.061833333333333,1
4.383333333333333,3.737166666666667,1.4,1.712333333333333,5
1.883333333333333,2.5885,1.2,2.055333333333333,2
5.1,4.513166666666667,1.183333333333333,1.339833333333333,5
1.033333333333333,1.017833333333333,1.1,1.055333333333333,0
0,1.0475,0.95,1.2735,1
0.7833333333333333,1.150166666666667,1.583333333333333,1.861166666666667,4
0.25,1.247833333333333,1.333333333333333,1.3965,1
3.1,1.3165,2.116666666666667,1.4335,2
2.2,2.264833333333333,0.2,1.477833333333333,2
2.316666666666666,2.5265,1.933333333333333,0.7848333333333333,1
1,0.9211666666666667,2.3,1.891833333333333,0
0,1.372333333333333,1.9,1.958333333333333,1
1.366666666666667,1.6975,1.916666666666667,2.8185,1
0.7333333333333334,0.5934999999999999,1.65,1.695333333333334,1
0.5833333333333333,0.9103333333333333,1.766666666666667,1.9185,1
2.75,2.372833333333333,1.066666666666667,1.1785,1
0.8333333333333333,1.405,2.683333333333334,1.7515,2
0.9833333333333334,0.9566666666666668,0.7333333333333334,1.060333333333333,0
1.616666666666667,2.3285,1.3,1.850833333333333,0
1.2,1.223833333333333,1.783333333333333,1.610666666666667,0
1.766666666666667,1.101,0.2,0.9818333333333333,0
4.516666666666667,3.318333333333333,0.5833333333333333,1.048166666666667,2
1.866666666666667,2.277833333333334,1.166666666666667,1.514666666666667,1
0.2,0.77,1.783333333333333,0.8585,1
1.333333333333333,1.049166666666667,1.766666666666667,2.083333333333333,0
0.75,1.0575,2.866666666666667,2.055833333333333,1
1.333333333333333,0.9563333333333333,2.566666666666666,1.176333333333333,1
2.266666666666667,1.418333333333333,3.283333333333333,2.395833333333333,1
2.533333333333333,2.120333333333333,0.75,1.234,5
1.483333333333333,1.9405,2.033333333333333,1.833333333333333,4
3.016666666666667,2.246666666666667,1.6,1.68,3
1.933333333333333,1.311333333333333,1.483333333333333,1.730333333333333,0
0.5333333333333333,0.7403333333333333,1.833333333333333,2.119666666666667,2
2.483333333333333,2.001166666666666,0.2,1.393666666666667,1
2.333333333333333,1.957,0.45,1.268,0
2.783333333333333,2.150166666666666,0.25,1.2445,2
0.7,1.304666666666667,2.416666666666667,1.879,0
1.1,1.66,1.733333333333333,1.918333333333333,0
0.65,1.24,3.366666666666667,1.996666666666667,2
1.65,2.189,0.9333333333333333,0.9116666666666666,1
1.116666666666667,1.369666666666667,0.5,1.0935,0
3.233333333333333,1.628166666666667,1.45,1.639,1
4.166666666666666,3.6275,2.383333333333333,1.672,1
0.3333333333333333,0.8111666666666667,3.233333333333333,2.634,0
0.7,1.000666666666667,0.9833333333333334,0.9151666666666667,0
1.033333333333333,0.9885,3.916666666666667,2.038666666666667,2
3.466666666666667,1.868666666666667,2.033333333333333,1.4635,1
0.9833333333333334,0.9390000000000001,1.15,1.630666666666667,0
2.15,1.321,1.533333333333333,0.9681666666666665,2
1.083333333333333,1.392833333333333,0.8666666666666667,1.2165,2
0.75,0.9573333333333333,1.5,1.0495,1
1.866666666666667,1.849833333333333,1.033333333333333,1.384666666666666,3
0.45,0.9411666666666668,1.116666666666667,1.5595,2
1.366666666666667,1.342,0,0.9976666666666666,0
0.9,1.327833333333333,1.333333333333333,1.691,1
1.7,1.658166666666667,2.15,2.061,3
1.783333333333333,1.5145,1.2,1.705333333333333,1
0.25,1.2735,2.066666666666666,1.912833333333333,2
2.166666666666667,2.314333333333334,1.166666666666667,1.422833333333333,0
1.833333333333333,2.128666666666667,0.95,1.506166666666667,1
0.25,1.291833333333333,0.25,0.9918333333333333,2
0.5833333333333333,1.015,2.2,2.165333333333333,0
1.116666666666667,1.132166666666667,1.633333333333333,1.429833333333333,0
2.266666666666667,1.8175,2.066666666666666,2.069666666666667,0
2.533333333333333,1.922166666666667,3.116666666666667,2.885,0
1.2,1.0405,0.9333333333333333,0.9141666666666666,3
0.7,1.023333333333333,0.25,1.146833333333333,1
1,1.621,2.666666666666667,1.534166666666667,2
1.583333333333333,1.268333333333333,0.9333333333333333,0.9,3
0.8666666666666667,1.011166666666667,1.783333333333333,1.980333333333333,0
2.2,2.240333333333333,1.2,0.9851666666666667,1
1.15,1.369666666666667,2.75,2.314833333333334,1
2.033333333333333,1.711833333333333,1.566666666666667,1.381333333333333,2
1.833333333333333,1.8655,1.583333333333333,2.412833333333333,2
1.166666666666667,1.680333333333333,1.15,1.426666666666667,1
0.9,1.453166666666667,1.783333333333333,1.28,2
0.7,1.811166666666667,1.75,1.676166666666667,1
1.716666666666667,2.016166666666667,1.466666666666667,1.8045,3
2.25,2.435333333333333,1.4,1.684666666666667,2
1.583333333333333,0.7555000000000001,1.116666666666667,2.018333333333333,2
0.7833333333333333,1.227333333333333,1.75,1.2175,1
2.483333333333333,1.668333333333333,1.7,2.090666666666667,1
1.116666666666667,0.9924999999999999,2.066666666666666,1.245666666666667,0
1.166666666666667,1.544,1.166666666666667,1.075333333333333,1
2.216666666666667,2.905333333333333,2.45,2.106,1
1.333333333333333,1.271166666666667,1.866666666666667,2.1055,2
2.316666666666666,2.451333333333333,1.833333333333333,0.991,4
1.916666666666667,2.377833333333333,1.833333333333333,2.0645,3
2.216666666666667,1.5885,0.5,1.178333333333333,2
2.166666666666667,1.853666666666667,2.516666666666667,2.03,1
1.166666666666667,1.027166666666667,0.95,2.106833333333333,0
1.2,1.149333333333333,1.483333333333333,1.358833333333333,2
2.366666666666667,0.9118333333333333,1.916666666666667,1.701833333333333,1
1.9,1.838833333333334,1.783333333333333,1.040833333333333,1
0.8333333333333333,1.493666666666667,0.8333333333333333,0.8395,0
1.583333333333333,1.334666666666667,1.083333333333333,1.8285,0
0.3333333333333333,2.234,1.666666666666667,1.371333333333333,1
1.75,1.432666666666667,0.8,1.571833333333333,0
1.983333333333333,1.768833333333333,1.366666666666667,1.572166666666667,1
0.9,1.012333333333333,1.783333333333333,1.617666666666667,1
1.766666666666667,1.708333333333333,2.4,1.751833333333333,1
0.5333333333333333,1.282166666666667,1.733333333333333,1.727166666666667,1
0.9,0.9773333333333334,0.9166666666666666,1.970833333333333,1
1.766666666666667,1.809833333333333,1.15,1.274666666666667,1
1.616666666666667,1.904166666666667,1.233333333333333,1.149666666666667,2
1.116666666666667,1.0925,0,1.3395,2
2.15,1.791833333333333,1.583333333333333,1.633666666666667,2
2.783333333333333,2.469666666666667,1.95,1.647666666666667,2
2.483333333333333,2.918,1.233333333333333,1.346,9
1.866666666666667,1.5205,1.2,1.8875,1
0.8333333333333333,0.9283333333333333,1.4,1.5165,1
1.4,1.4565,2.316666666666666,1.945,0
2.233333333333333,2.168833333333333,1.616666666666667,1.399833333333333,0
2.066666666666666,1.178166666666667,2.183333333333334,2.086833333333333,0
1.85,1.358,2.2,2.430833333333333,1
2.283333333333333,2.005,1.583333333333333,1.045,1
0.75,1.834166666666667,1.033333333333333,1.210833333333333,1
0.7333333333333334,1.113666666666667,0.8666666666666667,1.450333333333333,3
1.283333333333333,1.640333333333333,1.733333333333333,1.261166666666667,1
1.066666666666667,0.745,1.533333333333333,1.1255,0
0.3333333333333333,0.9596666666666667,3.483333333333333,1.826666666666667,2
3.866666666666667,1.9805,0.7833333333333333,1.695,1
1.083333333333333,1.673666666666667,1.633333333333333,1.898166666666667,2
1.816666666666667,1.547333333333333,2,1.699333333333333,0
0.5333333333333333,1.104833333333333,2.2,2.274666666666667,2
0.7,0.7683333333333333,1.616666666666667,2.267333333333333,0
5.95,4.814666666666668,0.6666666666666666,1.0415,4
0.4,1.437833333333333,1.333333333333333,1.795333333333333,1
2.616666666666667,2.8265,0.5833333333333333,1.3465,4
0.7833333333333333,1.409166666666667,0.9,1.681333333333333,2
0.95,1.167666666666667,1.916666666666667,2.0885,1
0.7833333333333333,1.708666666666667,1.183333333333333,2.03,1
1.483333333333333,1.363,1.7,1.790833333333333,2
1.2,1.304166666666667,0.65,0.8986666666666666,1
1.866666666666667,2.010666666666667,0.5,0.674,2
1.283333333333333,1.225833333333333,0.95,1.472166666666667,1
0.8666666666666667,1.011833333333333,1.166666666666667,0.8799999999999999,1
4.683333333333334,3.718333333333333,1.033333333333333,1.9295,1
0.25,0.7118333333333333,2.483333333333333,2.073833333333333,1
3.066666666666667,1.6415,0.75,1.336666666666666,1
1.366666666666667,1.158,2.616666666666667,1.548333333333333,2
0.5,1.623833333333333,1.616666666666667,1.547333333333333,2
1.15,1.356166666666667,0.95,1.168166666666667,1
0.5,0.627,0.7833333333333333,0.7958333333333334,0
1.033333333333333,1.774833333333333,1.416666666666667,1.971166666666667,3
1.116666666666667,1.340833333333333,1.15,1.977833333333333,1
0.9833333333333334,2.4795,1.45,1.098333333333333,2
0.2,0.6383333333333333,2.783333333333333,1.745,0
2.933333333333334,1.612833333333333,1.533333333333333,1.746166666666667,2
1.316666666666667,3.124666666666667,3.783333333333334,2.639,2
1.783333333333333,1.727,0.9833333333333334,1.634333333333333,2
1.533333333333333,1.482666666666667,1.533333333333333,2.453833333333333,3
1.866666666666667,1.743166666666667,1.783333333333333,1.344166666666667,1
0.2,0.9503333333333333,1.166666666666667,1.631666666666667,2
0,0.51,1.866666666666667,1.449,0
3.233333333333333,2.454333333333333,1.333333333333333,1.187333333333333,0
1.616666666666667,1.333,1,1.734666666666667,2
1.45,2.420833333333333,0.9166666666666666,1.822666666666667,0
1,0.8451666666666666,3.716666666666666,2.568666666666667,0
1.883333333333333,2.413666666666666,0.9166666666666666,1.236833333333333,5
0.7333333333333334,1.205666666666667,1.783333333333333,1.935,0
0.7833333333333333,0.9829999999999999,0.2,0.7686666666666666,1
3.283333333333333,3.254,1.316666666666667,1.5615,3
0.3333333333333333,1.105666666666667,2.5,2.688,1
0.3333333333333333,1.5305,0.3333333333333333,0.9953333333333334,1
1.2,1.272666666666667,0.5833333333333333,0.7513333333333334,2
1.033333333333333,1.335833333333333,0.7833333333333333,2.296,1
1.083333333333333,1.635333333333334,0.9833333333333334,1.205833333333333,1
1.45,1.809166666666667,0.7333333333333334,1.099166666666667,1
1.666666666666667,1.724833333333333,1.083333333333333,2.027333333333333,2
0.5,1.429666666666667,0.3333333333333333,0.9845000000000002,1
3.316666666666666,1.688333333333333,0.8666666666666667,1.0135,2
1.7,1.383166666666667,0.7,1.368,2
0.75,1.3455,1.133333333333333,0.9683333333333333,0
1.8,1.741,1.866666666666667,1.403166666666667,1
0.25,0.745,1.4,1.341666666666667,1
1.066666666666667,2.550333333333334,1.816666666666667,1.928333333333333,5
1.866666666666667,1.4035,1.183333333333333,1.346,2
0.5,0.9094999999999999,4.066666666666666,2.8425,1
0.5333333333333333,0.6505000000000001,1.616666666666667,1.297166666666667,2
2.316666666666666,1.644166666666667,1.533333333333333,2.4145,1
1.533333333333333,2.020166666666666,2.2,2.866833333333333,2
0.2,0.7031666666666667,1.866666666666667,1.753666666666667,1
1.283333333333333,1.272,0.4,1.234,1
0.7333333333333334,0.9355,0.3333333333333333,0.5505,0
1.916666666666667,1.921666666666667,1.533333333333333,1.295666666666667,2
1.45,1.744333333333333,1.533333333333333,2.9035,3
2.233333333333333,2.019833333333334,1.083333333333333,1.811166666666667,1
0.5,0.7583333333333333,0.75,0.944,0
0.3333333333333333,0.861,2.316666666666667,2.203,1
1.083333333333333,1.538333333333334,1.166666666666667,1.592,0
1.8,1.2075,1.583333333333333,2.536,2
2.266666666666667,1.4815,1.566666666666667,1.091333333333333,0
1.083333333333333,0.9626666666666667,1.366666666666667,1.977,0
0.25,0.9380000000000001,2.783333333333333,2.724666666666667,1
3.066666666666667,3.619,3.333333333333333,2.202,3
2.566666666666666,2.467333333333333,0.25,0.8528333333333333,1
0.8333333333333333,1.501,1.333333333333333,0.7008333333333333,1
4.416666666666666,4.478666666666666,0.25,0.8066666666666668,3
1.75,1.395,2.316666666666666,0.8451666666666666,0
1.533333333333333,1.055333333333333,1.366666666666667,1.128166666666667,2
0.25,0.5868333333333333,1.033333333333333,1.184833333333333,0
1.366666666666667,1.8765,1.533333333333333,1.601333333333333,0
1.733333333333333,1.801833333333333,4.2,3.101,0
0.25,1.007,0.7,1.261333333333333,2
1.283333333333333,1.4585,0.75,0.5178333333333334,0
2.7,1.543833333333333,2.416666666666667,2.205,2
2.566666666666666,1.564666666666667,0.3333333333333333,1.0485,2
1.866666666666667,0.6471666666666667,1.233333333333333,1.237166666666667,4
0.7833333333333333,1.409166666666667,2,1.681833333333333,2
3,3.429333333333334,2.033333333333333,2.047333333333333,1
0.9,1.4915,1.15,1.7485,2
1.416666666666667,1.938666666666667,2.816666666666666,2.8605,2
1.9,2.080833333333334,1.283333333333333,1.603666666666667,3
0.3333333333333333,0.9378333333333333,1.15,1.544166666666667,1
0.7833333333333333,1.423333333333333,1.833333333333333,1.7395,1
0.9833333333333334,1.6495,1.333333333333333,1.746833333333333,1
1.033333333333333,1.0135,1.7,1.630833333333333,1
2.9,2.521333333333333,1.366666666666667,2.402666666666667,2
2.033333333333333,1.835333333333333,2.283333333333333,2.041,3
1.5,0.9696666666666667,1.2,1.687,0
0.6666666666666666,1.260166666666667,2.4,1.339666666666667,2
1.116666666666667,1.269833333333333,1.4,1.133333333333333,2
0.5333333333333333,0.3418333333333333,2.566666666666666,1.741833333333333,0
0.95,2.188666666666667,2.033333333333333,1.521833333333333,0
3.233333333333333,1.388833333333333,1.366666666666667,2.174,3
1.566666666666667,1.446,0.5833333333333333,1.056166666666667,2
1.7,1.623,0.45,0.9006666666666667,0
2.916666666666667,2.387833333333333,0.45,1.347,3
1.7,2.105666666666667,1.25,0.8088333333333333,5
1.5,1.313,3.366666666666667,1.527166666666667,3
1,1.292333333333333,1.95,1.599833333333333,3
1.683333333333333,2.852333333333333,1.5,1.3145,2
2.033333333333333,1.6695,2.266666666666667,1.8055,1
0.7833333333333333,1.031333333333333,2.166666666666667,1.829,0
2.2,1.585333333333333,1.7,1.908,2
3.566666666666666,1.774166666666667,1.433333333333333,1.214833333333333,1
2.566666666666666,1.915166666666667,0.6666666666666666,1.745666666666667,3
1.033333333333333,1.577833333333333,1.533333333333333,1.930666666666667,0
0.5333333333333333,1.065666666666667,0.9166666666666666,1.127666666666667,0
2.033333333333333,1.645666666666667,0.5833333333333333,0.9715,3
1,1.308833333333333,1.916666666666667,1.144666666666667,2
1.5,0.737,3,2.791666666666667,0
0.45,1.8745,3.15,2.7015,3
2.516666666666667,1.959333333333333,1.416666666666667,1.268,5
0.7,0.5128333333333334,1.45,1.6045,1
1.983333333333333,1.5555,2.05,2.134,1
2.9,2.52,0.8666666666666667,1.644833333333333,2
2.566666666666666,2.1915,2.116666666666667,1.324833333333333,1
2.566666666666666,2.429833333333333,3.15,1.749833333333333,3
1.85,1.419333333333333,1.95,1.7145,2
1.483333333333333,0.8090000000000001,1.983333333333333,1.591,1
2.7,2.0685,0.3333333333333333,0.7713333333333334,1
0.7,0.7324999999999999,3.533333333333333,2.102333333333333,0
1.733333333333333,1.329333333333333,1.766666666666667,1.659333333333334,0
1.283333333333333,1.2745,0.65,1.606,0
0.45,1.5865,2.6,1.255,2
3,2.404666666666667,1.4,1.331666666666667,1
3.15,1.853166666666667,1.366666666666667,1.7605,3
1.533333333333333,1.602,0.4,1.372,2
2.616666666666667,3.233833333333333,0.45,1.2,2
3.266666666666667,1.881,1.616666666666667,0.747,0
1.283333333333333,0.9525,2.35,1.8355,1
1,0.4211666666666666,2.066666666666666,2.299,0
0.5833333333333333,0.644,2.333333333333333,1.909,3
0.75,0.8956666666666666,1.85,2.103166666666667,2
1.5,2.061833333333333,1.233333333333333,0.8961666666666666,1
2.2,1.731666666666667,2.916666666666667,1.708166666666667,1
2.166666666666667,1.991166666666667,2.35,1.771833333333333,1
3.666666666666667,2.436333333333333,2.6,1.914333333333333,1
1.983333333333333,2.226166666666667,2.316666666666666,1.588166666666667,0
0.7,0.8986666666666667,3.15,1.663833333333333,0
0.7,1.972166666666667,1.45,1.285333333333333,2
2.416666666666667,1.952666666666667,1.65,1.399666666666667,5
3.316666666666666,2.554666666666667,1,1.567666666666667,4
1.366666666666667,1.551833333333333,0.9333333333333333,0.7111666666666667,2
2.183333333333334,1.925166666666667,1.15,1.502166666666667,1
2.433333333333334,2.373333333333334,2.15,2.189,4
1.9,1.468,1.033333333333333,2.298833333333334,3
1.033333333333333,1.6775,2.266666666666667,2.541833333333333,0
0.6666666666666666,1.245333333333333,2.533333333333333,1.7905,2
0.25,0.8516666666666668,1.933333333333333,2.054833333333333,2
0.7833333333333333,1.704666666666667,0.8333333333333333,1.870333333333333,1
1.2,0.7398333333333333,1.683333333333333,1.879666666666667,0
0.6666666666666666,0.9195,3.4,2.285166666666667,2
2.95,2.299333333333333,1.15,0.9906666666666666,1
1.983333333333333,1.908666666666667,1.916666666666667,1.435,0
1.183333333333333,1.8165,1.483333333333333,1.528,2
2.083333333333333,2.314,0.9,1.179833333333333,2
1.366666666666667,1.571833333333333,1.183333333333333,1.636166666666667,3
2.233333333333333,1.708833333333333,0.5,1.493166666666667,3
