AG AXG AOGA AOXGA G
1.45,1.677,3.083333333333333,1.648666666666667,1
2.366666666666667,1.011333333333333,1.266666666666667,1.730833333333333,2
2.116666666666667,1.383666666666667,2,1.407333333333333,2
1.433333333333333,1.622166666666667,1.1,0.9901666666666668,2
0.5,1.190333333333333,0.9166666666666666,1.251333333333333,3
1.1,0.9143333333333333,2.766666666666667,1.925333333333333,2
0.65,0.6346666666666667,2.033333333333333,1.48,0
3,1.4765,2.7,1.864333333333333,2
1,1.089666666666667,0.7,0.8188333333333333,1
4.033333333333333,3.2085,1.2,1.291166666666667,2
2.2,1.348,2.666666666666667,2.401166666666667,2
2.983333333333333,2.478666666666667,0.9833333333333334,1.333,4
1.733333333333333,2.032,2.75,2.687666666666667,3
1,1.064166666666666,1.316666666666667,0.7063333333333333,1
1.416666666666667,1.576833333333333,0.65,0.7106666666666668,1
1.716666666666667,1.9665,0.9,0.8788333333333334,8
1.5,1.685,2.416666666666667,1.940833333333333,1
1.483333333333333,1.341,2.233333333333333,1.518666666666667,2
0.8333333333333333,0.8803333333333333,1.783333333333333,1.335,2
1.333333333333333,1.455,2.05,1.963166666666667,2
2.083333333333333,1.713333333333333,2.083333333333333,2.240333333333333,2
3.016666666666667,2.536166666666666,1.2,1.874,2
4.7,2.973333333333333,1.9,2.102,1
1,1.408,1.916666666666667,1.039166666666667,0
2.533333333333333,1.4585,2.066666666666666,1.491166666666667,2
2.616666666666667,1.7385,2.4,2.113166666666666,0
1.166666666666667,1.795666666666667,2.266666666666667,2.2845,2
1.083333333333333,1.7155,1.316666666666667,1.401666666666667,1
1.166666666666667,1.4495,1.516666666666667,1.4335,1
2.766666666666667,1.477,0.7,0.9644999999999999,1
1.65,1.865333333333333,3.516666666666667,2.662,2
1.833333333333333,1.6255,1.116666666666667,1.436,1
1.116666666666667,1.453666666666667,1.233333333333333,1.789,2
0.5,1.086666666666667,2.166666666666667,1.679,0
1.866666666666667,1.786166666666666,3.8,2.363666666666667,3
2.266666666666667,1.813,1.9,1.979666666666666,2
2.95,1.847666666666667,1.166666666666667,1.549166666666667,0
1.566666666666667,0.7848333333333334,0.45,1.058666666666667,0
3.133333333333333,3.1155,1.616666666666667,1.490666666666667,1
0,0.9368333333333333,2.533333333333333,2.1595,1
1.733333333333333,1.852,3.916666666666667,2.123666666666666,1
1.15,1.048666666666667,1.083333333333333,1.226833333333333,1
0.9833333333333334,1.487,1,1.838166666666667,1
1.233333333333333,1.534833333333333,3.066666666666666,1.320666666666667,1
2.816666666666666,2.179666666666666,2.816666666666666,2.422833333333333,0
2.833333333333333,2.5675,1.816666666666667,1.372833333333333,2
1.666666666666667,1.320833333333333,0.9166666666666666,1.959666666666666,2
2.1,1.023666666666667,0.7333333333333334,1.2815,1
1.783333333333333,2.71,2.183333333333334,1.5745,1
1.866666666666667,1.209666666666667,0.7333333333333334,1.2825,0
1.316666666666667,1.575833333333333,0.9,0.9041666666666668,2
2.066666666666666,2.217833333333333,2.35,2.606333333333333,1
2.033333333333333,1.491333333333333,2.266666666666667,2.198166666666667,1
2.383333333333333,2.921666666666667,0.9,1.817833333333333,2
0,1.0625,2.933333333333334,2.026166666666667,0
1.85,1.707333333333333,1.116666666666667,2.116333333333333,2
2.316666666666666,2.183166666666667,1.9,1.4435,2
2.4,3.130833333333333,0.9833333333333334,1.428166666666667,1
1.033333333333333,1.133166666666667,1.733333333333333,2.085333333333333,3
0.4,0.5166666666666667,2.633333333333333,1.85,1
0.3333333333333333,0.9415,0,0.7581666666666667,1
0.65,0.7336666666666667,1.666666666666667,1.071333333333333,0
1.4,1.711833333333334,0.2,0.9296666666666666,1
1.566666666666667,1.037833333333333,1.983333333333333,1.2695,1
0.8333333333333333,0.8526666666666667,2.033333333333333,1.475166666666667,1
1.533333333333333,1.5105,1.583333333333333,2.057666666666667,3
1.316666666666667,1.1115,1.316666666666667,1.133666666666667,3
1.533333333333333,1.488666666666667,1.4,1.722333333333333,1
1.083333333333333,0.8855,0.7833333333333333,0.7171666666666667,0
1.616666666666667,1.517666666666666,1.566666666666667,1.8085,0
2.033333333333333,2.549666666666667,1.033333333333333,1.2145,2
1.416666666666667,1.992666666666667,0.5,0.9278333333333334,1
1,1.697,1.7,1.7365,1
2.416666666666667,1.697666666666667,1.816666666666667,1.707666666666667,2
1.333333333333333,1.318,2.233333333333333,2.416333333333333,2
1.7,1.499,1.233333333333333,2.319666666666667,0
0.2,0.4945000000000001,1.066666666666667,1.489,1
1.566666666666667,2.777166666666667,1.533333333333333,1.264833333333333,3
1.416666666666667,1.635,2.616666666666667,2.26,1
0.85,1.085166666666667,0.8333333333333333,1.331,1
1.683333333333333,2.507666666666666,1.833333333333333,1.628666666666667,1
1.15,1.091333333333333,0.2,0.6168333333333333,2
1.4,1.860333333333333,1.083333333333333,1.454333333333333,2
1.15,1.673333333333333,0.9,0.8156666666666668,3
1.366666666666667,1.317666666666667,1.283333333333333,1.011166666666667,0
0.75,0.5676666666666667,2.233333333333333,2.203833333333333,0
2.283333333333333,1.5635,2.2,1.209833333333333,0
3.9,2.135,1.616666666666667,0.9086666666666666,1
1.583333333333333,1.562666666666667,1.033333333333333,1.819333333333333,3
1.083333333333333,0.8528333333333333,2.9,2.067833333333333,2
0.65,0.9686666666666666,0.75,1.301666666666667,1
0.9833333333333334,1.690166666666667,2.283333333333333,1.9485,1
1.9,2.717333333333333,1.483333333333333,1.831166666666667,2
0.85,1.523166666666667,2.316666666666666,2.330166666666667,1
0.3333333333333333,1.098,0.95,1.521166666666667,1
0.3333333333333333,0.7071666666666667,1.233333333333333,1.3985,1
1.333333333333333,1.581333333333333,0.5333333333333333,0.7236666666666667,0
1.783333333333333,2.465,1.083333333333333,1.661666666666667,4
2.816666666666666,1.735166666666667,0.9333333333333333,1.062333333333333,3
1.616666666666667,1.570333333333333,1.45,1.578833333333333,1
0.9833333333333334,1.220166666666667,1.366666666666667,1.964333333333333,3
2.433333333333334,2.001,0.95,1.1095,3
2.2,1.671666666666667,2.516666666666667,2.146,2
1.4,0.9835,1.116666666666667,1.869666666666667,2
1.766666666666667,1.825166666666667,0.7,0.8536666666666667,3
0.3333333333333333,1.7675,1.483333333333333,1.536,3
1.116666666666667,1.0605,0.5833333333333333,1.9135,1
0.25,0.5376666666666666,2.2,1.571166666666667,0
1.416666666666667,1.266666666666667,1.5,1.067,0
0.95,1.822,1.5,1.509833333333333,2
1.75,1.781833333333333,0.6666666666666666,0.9951666666666666,0
2.516666666666667,2.015666666666667,0.7833333333333333,1.308666666666667,2
1.033333333333333,0.9143333333333334,2.2,1.2905,0
1.483333333333333,1.843,1.083333333333333,1.4275,1
1.033333333333333,1.686166666666667,1.366666666666667,1.652666666666667,1
1.533333333333333,1.677,0.2,0.6795,1
1.2,0.9035,2.233333333333333,1.778666666666667,0
0.3333333333333333,0.9991666666666666,1.033333333333333,1.107333333333333,1
2.4,1.717,2.283333333333333,2.562666666666667,3
0.45,0.9504999999999999,1.433333333333333,1.5265,1
3.033333333333333,2.150666666666667,2.4,1.523,2
2.166666666666667,1.6445,1.033333333333333,1.541833333333333,0
2.7,2.180166666666667,0.4,0.7746666666666666,1
2.15,2.157166666666666,2.75,1.537,0
1.5,0.9346666666666665,2.316666666666666,1.841833333333333,0
2.95,2.2525,1.566666666666667,1.8805,2
0.7333333333333334,1.366833333333333,1.75,1.0795,0
1.516666666666667,1.354833333333333,2.016666666666667,1.785,1
1.35,1.561666666666667,2.5,2.212166666666667,2
1.15,1.348,1.95,2.129166666666666,3
1.166666666666667,1.5745,1.1,1.593166666666667,4
1.533333333333333,1.374166666666667,0.5833333333333333,1.307333333333333,1
2.95,1.9735,1.2,1.010666666666667,3
2.033333333333333,1.611333333333333,1.833333333333333,1.836166666666667,3
1.283333333333333,1.538166666666667,2.4,2.466833333333333,1
2.25,1.592833333333334,1.533333333333333,1.479666666666667,2
1.2,1.244833333333333,2.75,2.1115,1
0.25,0.9973333333333334,1.95,1.170833333333333,0
1,1.442166666666667,2.783333333333333,2.068166666666666,2
2.833333333333333,2.700666666666667,1.366666666666667,1.901833333333333,2
1.566666666666667,1.486833333333333,0.5,0.6088333333333333,5
1.45,1.549333333333333,1.733333333333333,1.180833333333333,0
1.283333333333333,1.623333333333333,1.666666666666667,2.7045,1
1.15,1.933333333333334,0.7833333333333333,1.17,1
2.366666666666667,1.4345,1.4,1.755,2
2.733333333333333,2.870833333333333,3.116666666666667,2.087666666666667,2
0.6666666666666666,1.209166666666667,1.916666666666667,1.622,1
1.583333333333333,1.1045,0.45,0.9373333333333334,1
0.25,0.647,1.95,2.767833333333333,2
1.566666666666667,2.23,0.9,1.460833333333333,3
1.45,1.897333333333333,0.5833333333333333,0.8133333333333332,0
0,1.214833333333333,0.9166666666666666,0.8603333333333334,0
2.5,2.010333333333334,1.1,1.285833333333333,2
1.616666666666667,1.887333333333333,1.833333333333333,1.987,0
1.033333333333333,2.249833333333334,1.033333333333333,1.4785,0
1.283333333333333,1.711666666666667,1.916666666666667,1.026166666666667,0
2.566666666666667,1.561166666666667,2.1,2.6245,2
1.95,1.245166666666667,0.45,1.084333333333333,1
1.083333333333333,1.1145,0.95,1.027,3
2.6,2.7325,1.116666666666667,1.524833333333333,0
1,1.2645,1.433333333333333,1.3125,0
0.5,1.177333333333333,2.816666666666666,1.204,0
2.633333333333333,2.7435,0.9833333333333334,1.678666666666667,2
1.25,1.861166666666667,1,1.504833333333333,3
1.15,1.095833333333333,1.916666666666667,2.001,3
1,1.098333333333333,2.983333333333333,1.422166666666667,2
0.5833333333333333,0.912,1.916666666666667,2.762833333333333,0
2.166666666666667,1.429333333333333,1.433333333333333,1.435333333333333,0
4.116666666666667,2.8215,2.233333333333333,1.498666666666667,1
2.4,2.386166666666667,1.333333333333333,1.875,5
2.033333333333333,1.310166666666667,3.883333333333333,3.289333333333333,0
3.416666666666667,1.574,0.4,1.123666666666667,2
0,1.068833333333333,1.5,0.9864999999999999,1
0.95,0.9275,1.516666666666667,2.251,1
1.15,1.127166666666667,1.416666666666667,1.548,0
1.35,1.745166666666667,2.75,1.538666666666666,1
0.95,1.927,0.8333333333333333,0.8841666666666667,0
0.75,1.606166666666667,0.4,0.7538333333333334,0
1.766666666666667,1.9145,1.7,1.494666666666667,2
2.433333333333334,0.8891666666666668,1.45,1.440166666666667,1
1.45,1.497166666666667,0.95,1.072,1
3.266666666666667,2.028166666666666,1.75,1.387,2
1.416666666666667,1.053333333333333,2.4,1.568,0
0.5,1.08,3.366666666666667,2.205666666666667,2
1.366666666666667,2.097,1.15,1.557,3
2.983333333333333,1.812666666666667,0.2,1.275333333333333,1
1.75,0.63,1.533333333333333,1.364166666666667,1
2,1.813,2.616666666666667,2.380833333333333,3
1.2,1.362833333333333,1.366666666666667,1.78,0
1.65,1.612833333333333,1.4,0.7635,1
1.2,1.751,1.95,1.559333333333333,2
0.3333333333333333,0.7941666666666666,2.583333333333333,1.689333333333333,1
2.416666666666667,1.640833333333333,3.266666666666667,2.241,1
1.433333333333333,1.210166666666667,1.166666666666667,1.116166666666667,1
1.033333333333333,1.666666666666667,1.416666666666667,1.219666666666667,0
0.5833333333333333,0.947,1.083333333333333,1.496,2
1.333333333333333,1.203166666666667,1.483333333333333,1.732,2
2.583333333333333,1.7395,1.233333333333333,0.8718333333333335,5
2.816666666666666,1.802666666666667,0.8333333333333333,1.897333333333333,2
0.25,1.069666666666667,2.283333333333333,1.800666666666667,2
0.7333333333333334,1.6535,1,1.196666666666667,0
1.25,1.441833333333333,1.533333333333333,1.653666666666667,1
1.166666666666667,1.0845,1.2,0.7028333333333333,1
2.183333333333334,1.021,1.35,0.5845,1
1.183333333333333,0.5311666666666667,3.166666666666667,1.642,1
1.333333333333333,1.416666666666667,1.416666666666667,1.326,0
2.35,1.9255,0.9166666666666666,1.213333333333333,2
2.4,1.986,0.7833333333333333,0.7595,2
2.916666666666667,2.3095,1.333333333333333,1.802,2
0.5333333333333333,0.7086666666666667,0.4,0.8533333333333333,2
1.366666666666667,1.006833333333333,1.7,2.246166666666666,1
0.2,1.192,1.416666666666667,1.604333333333333,1
1.366666666666667,1.588166666666667,0.95,0.8511666666666666,0
3.366666666666667,2.341333333333333,2.516666666666667,2.2155,2
0.95,0.7896666666666667,1.116666666666667,1.118166666666667,0
1.616666666666667,1.054833333333333,1.916666666666667,1.794666666666667,2
2.766666666666667,2.248,1.033333333333333,1.1405,3
1.366666666666667,0.9998333333333334,0.9833333333333334,1.394333333333333,1
2.416666666666667,1.516333333333333,1.983333333333333,2.133333333333333,2
1.333333333333333,0.7468333333333335,2.616666666666667,1.947666666666667,1
1.45,1.229333333333333,2.166666666666667,2.667833333333333,3
2.566666666666666,2.422333333333333,2,2.354333333333333,3
0.9166666666666666,1.132666666666667,1.083333333333333,1.0465,0
1.233333333333333,0.9838333333333333,1.05,0.8088333333333333,1
0.5,1.242,1.733333333333333,1.243,0
0.45,0.9575,0.8666666666666667,0.5591666666666667,1
1.483333333333333,2.152333333333333,0.8333333333333333,0.7593333333333334,1
0.5,0.9878333333333332,1.95,2.070166666666666,3
2.016666666666667,2.549833333333333,2.266666666666667,2.091166666666666,3
1.833333333333333,1.173,0.7333333333333334,1.096166666666667,0
1.916666666666667,2.511833333333333,0.6666666666666666,1.025,3
2.866666666666667,1.6285,1.7,2.079,0
1.816666666666666,1.946833333333333,1.566666666666667,2.364833333333333,4
0.8333333333333333,1.977333333333333,1.116666666666667,1.723833333333333,2
1.316666666666667,0.8956666666666667,1.483333333333333,1.616833333333333,1
0.25,1.068166666666667,0.5333333333333333,0.8911666666666667,1
0.65,1.491166666666667,2.833333333333333,1.995333333333333,1
2.066666666666666,1.615833333333333,0.4,0.7771666666666667,1
0.7333333333333334,1.291333333333333,0.75,1.671166666666667,2
1.283333333333333,0.753,1.566666666666667,1.499166666666667,1
2.9,2.262166666666666,1.2,1.067666666666667,4
2,1.352333333333333,0.5333333333333333,1.903833333333333,1
1.9,1.995,1.85,2.101666666666667,2
2.65,1.988833333333333,0.95,1.520166666666666,3
1.2,1.556166666666666,1.95,1.0475,3
0.7833333333333333,1.1555,2.9,2.242333333333333,1
2.283333333333333,2.346333333333333,1.333333333333333,1.568,2
0.3333333333333333,0.865,3.15,2.220333333333333,0
0.25,0.7881666666666667,2.25,1.704833333333333,1
2.6,2.075833333333334,0.7333333333333334,0.679,2
1.9,1.167333333333333,2.316666666666666,2.419,3
2.233333333333333,1.635333333333333,0.7333333333333334,1.138833333333333,1
0.7,0.9584999999999999,1.283333333333333,1.761833333333334,1
1.116666666666667,1.8085,2.7,1.384333333333333,2
0.8333333333333333,1.715333333333333,1.916666666666667,2.685666666666667,1
1.733333333333333,1.709833333333333,2.75,1.944,0
0.95,1.747,2.233333333333333,2.759833333333333,2
0.25,1.229,1.033333333333333,1.125666666666667,0
3.283333333333333,1.519833333333333,1.416666666666667,1.3295,0
3.116666666666667,1.9955,1.25,1.029,4
1.483333333333333,1.476666666666667,2.116666666666667,1.568,2
1.933333333333333,1.422,1,1.463666666666667,1
3.766666666666667,2.595833333333333,3.583333333333333,2.515833333333333,0
2.916666666666667,2.779666666666667,1.033333333333333,1.256666666666667,2
1.083333333333333,0.9483333333333335,0.5333333333333333,1.6105,2
2.116666666666667,2.384666666666667,1.583333333333333,1.165333333333333,1
2.083333333333333,2.7295,1.766666666666667,2.216666666666667,2
0.25,0.8611666666666666,1.85,1.819333333333333,1
1.566666666666667,1.9865,1.433333333333333,1.678166666666667,2
2.2,1.447166666666666,1.833333333333333,2.189666666666667,0
0.7,0.992,1.583333333333333,1.947,2
1.916666666666667,1.361833333333333,1.833333333333333,1.062166666666666,0
1.783333333333333,1.812666666666667,3.05,1.991666666666667,1
0,1.3375,1.716666666666667,1.809333333333333,0
2.233333333333333,2.575833333333334,2.75,1.983,0
2.516666666666667,2.871166666666666,1.95,1.661666666666667,3
1.483333333333333,1.883,1.616666666666667,1.351166666666667,3
2.933333333333334,1.919166666666667,0.65,0.9640000000000001,0
1.65,1.930666666666667,1.4,0.986,1
2.316666666666666,2.577166666666666,0.2,1.032666666666667,1
1.933333333333333,1.687166666666667,3.2,1.945166666666667,3
0.7,1.2895,1.283333333333333,1.610166666666667,2
2.283333333333333,1.266166666666667,0.25,1.109333333333333,3
1.083333333333333,1.612166666666667,1.866666666666667,1.407333333333333,2
2.35,1.66,1.483333333333333,2.351333333333334,2
0.45,1.194666666666667,1.083333333333333,1.775166666666667,1
1.6,1.682666666666667,1.55,2.056166666666666,0
1.95,1.514833333333333,2.116666666666667,1.800333333333333,1
2,1.162666666666667,2.4,1.627666666666667,0
1.366666666666667,1.527333333333333,0.45,1.1495,1
2.45,1.818,1.833333333333333,1.919166666666667,0
1.333333333333333,1.221333333333333,1.283333333333333,2.858666666666667,0
3.016666666666667,1.669,0.7,1.7705,1
2.483333333333333,3.034,2.166666666666667,1.879666666666667,2
0.9166666666666666,1.068666666666667,0.6,2.378,1
1.033333333333333,1.559666666666667,1.616666666666667,1.775333333333333,3
0.8,1.498333333333334,2.15,1.1595,1
2.4,2.166166666666666,1.85,2.022333333333333,6
1.7,1.729166666666667,0.8333333333333333,0.6378333333333333,1
2.55,2.426166666666667,1.366666666666667,1.487166666666667,0
1.033333333333333,1.097833333333333,1.416666666666667,0.9631666666666665,6
0.3333333333333333,1.291,2.85,2.745833333333334,2
2.116666666666667,1.929,0.75,1.116333333333333,0
1.1,1.3725,1.5,1.900333333333333,2
0.3333333333333333,1.508,2,1.5195,1
0.5,1.567833333333333,1.116666666666667,1.660333333333333,0
1.166666666666667,1.840333333333333,2.233333333333333,2.405,1
1.916666666666667,1.439833333333333,0.5,1.498,2
1,2.188833333333333,0.8333333333333333,0.6761666666666666,1
1.233333333333333,0.9791666666666666,0.75,1.169,3
1.25,2.113166666666667,0.45,1.3775,0
1.983333333333333,1.588333333333333,0.45,2.310666666666667,0
1.183333333333333,1.414,0.2,1.538666666666667,3
1.833333333333333,1.633666666666667,2.4,2.156666666666666,1
0.9333333333333333,2.261666666666667,0.3333333333333333,1.762833333333333,4
2.1,1.981,1.65,2.008833333333333,0
0.45,1.205166666666666,1.683333333333333,1.177666666666667,0
1.616666666666667,2.014166666666667,3,3.574833333333333,5
4.85,3.613833333333333,2.066666666666666,1.742666666666667,2
1.233333333333333,1.900833333333333,1.333333333333333,2.104333333333333,2
1.2,2.103333333333333,2.283333333333333,1.4235,6
