Coef
2.31
3.08
3.39
4.96
3.84
1.68
1.25
5.59
12.52
1.77
3.55
4.85
1.28
5.38
11.00
1.25
5.51
13.52
3.44
3.50
2.10
1.16
7.64
16.03
1.24
5.86
12.24
2.62
3.20
2.75
3.92
3.36
1.99
5.58
3.54
1.68
7.55
4.22
1.45
3.41
3.17
2.22
1.42
4.54
7.56
1.68
3.58
5.46
2.18
3.24
3.48
1.86
3.36
4.66
2.23
3.10
3.52
8.03
4.51
1.42
1.55
3.65
7.42
8.75
4.33
1.40
1.85
3.20
4.93
2.34
2.88
3.59
3.42
3.21
2.22
1.78
3.43
4.97
2.60
2.88
3.11
3.70
3.22
2.11
4.15
3.21
2.00
3.10
3.18
2.40
2.16
2.95
3.98
1.57
3.87
5.95
1.74
3.34
5.58
2.76
2.97
2.80
2.59
3.08
2.90
1.33
4.86
9.91
1.29
5.20
11.81
2.63
3.17
2.80
1.80
3.30
5.08
8.79
4.19
1.40
2.88
3.18
2.55
2.22
3.02
3.63
3.63
3.03
2.21
1.58
3.82
6.27
1.07
11.64
22.78
2.34
2.79
3.71
3.87
3.32
2.02
3.29
2.82
2.51
1.31
5.14
10.47
2.57
2.80
3.23
2.41
3.13
3.16
2.74
2.96
2.85
1.77
3.39
5.15
2.99
2.77
2.79
2.53
2.76
3.37
6.88
3.72
1.56
2.62
2.92
3.03
1.04
14.07
35.43
3.23
3.15
2.36
3.25
2.87
2.52
2.04
3.30
3.84
1.39
4.34
9.19
2.99
2.84
2.74
2.23
2.85
3.96
2.46
2.81
3.42
2.64
3.08
2.87
2.60
2.72
3.32
1.75
3.46
5.11
3.08
2.72
2.76
3.30
3.18
2.29
1.38
4.76
8.15
9.91
4.79
1.34
2.37
2.92
3.44
1.10
9.10
27.22
1.38
4.37
9.56
1.44
4.15
8.38
1.75
3.35
5.41
3.00
2.90
2.64
3.17
2.97
2.48
2.93
2.88
2.75
2.18
3.08
3.69
2.67
3.11
2.72
2.38
3.31
3.05
2.56
2.79
3.19
1.74
3.58
4.97
2.78
2.70
3.00
4.98
3.31
1.82
2.94
2.74
2.79
8.95
4.15
1.43
1.52
3.91
6.99
2.03
3.04
4.26
8.72
4.35
1.41
2.70
2.84
2.99
1.40
4.11
9.91
1.85
3.12
5.15
1.72
3.30
5.87
2.12
2.98
4.05
2.84
3.13
2.62
3.69
2.90
2.28
2.82
2.77
2.97
2.36
2.75
3.75
1.65
3.61
5.86
5.48
3.55
1.70
4.52
3.39
1.86
1.43
4.17
8.61
2.32
3.02
3.38
1.57
3.58
7.17
1.53
3.82
7.26
2.05
3.05
4.21
6.36
3.84
1.57
1.67
3.56
5.69
1.41
4.15
9.74
3.40
2.81
2.49
4.39
3.20
1.95
2.54
3.11
2.94
2.83
2.78
2.90
1.45
4.43
7.16
4.05
2.85
2.20
2.70
2.92
2.90
2.34
2.75
3.74
1.73
3.39
5.46
1.44
4.53
7.32
1.55
3.94
6.52
5.27
3.24
1.79
2.50
2.74
3.46
1.74
3.42
5.39
1.58
3.60
6.86
3.63
3.01
2.24
2.51
3.08
3.04
2.96
2.85
2.77
1.37
4.82
8.97
3.07
3.02
2.53
2.02
2.98
4.49
2.45
2.96
3.24
2.35
3.00
3.39
1.50
4.00
7.24
3.18
3.05
2.43
2.22
2.93
3.81
3.10
2.78
2.68
1.57
3.92
6.06
1.82
3.34
4.86
1.50
4.10
6.75
3.21
2.98
2.46
1.71
3.36
5.84
2.79
2.92
2.87
6.54
3.63
1.59
2.21
3.30
3.37
2.42
2.94
3.30
4.10
3.05
2.08
1.38
4.25
10.47
2.09
3.08
3.94
2.32
2.95
3.51
1.54
4.08
6.26
1.53
4.07
6.43
3.78
3.17
2.12
2.84
2.78
2.91
2.21
2.98
3.74
2.00
3.05
4.45
2.11
2.94
4.14
9.00
4.21
1.42
2.09
3.15
3.86
1.99
3.37
3.90
1.48
3.93
8.01
4.16
3.25
1.97
1.86
3.17
4.93
1.85
3.15
5.11
3.27
3.02
2.40
2.27
3.00
3.55
1.72
3.29
5.93
1.86
3.31
4.70
1.68
3.75
5.21
11.34
5.10
1.29
1.95
3.13
4.49
2.10
2.96
4.14
2.20
3.16
3.53
3.98
3.08
2.09
4.39
3.35
1.91
2.36
3.27
3.10
1.66
3.65
5.81
2.05
3.11
4.12
1.75
3.19
5.95
2.93
2.87
2.74
1.32
4.98
11.30
2.27
3.01
3.60
3.45
2.78
2.48
1.55
3.84
6.81
7.79
4.06
1.47
6.07
3.51
1.66
2.36
2.92
3.52
3.98
3.06
2.11
1.67
3.35
6.35
2.02
3.06
4.35
1.79
3.25
5.50
1.99
3.52
3.80
2.12
3.08
3.92
2.40
2.96
3.38
2.40
3.07
3.23
1.54
4.03
6.60
1.68
3.53
5.76
2.36
2.79
3.67
2.66
2.91
3.00
1.23
5.47
17.37
5.99
3.35
1.70
3.58
3.08
2.22
1.76
3.43
5.13
2.65
2.89
3.03
2.46
2.98
3.20
3.19
2.88
2.54
1.74
3.17
6.08
1.61
3.52
6.62
1.35
4.69
10.04
4.42
3.06
2.00
2.79
2.81
2.93
2.76
3.29
2.59
1.65
3.57
6.06
4.23
3.01
2.06
3.90
3.04
2.14
3.45
3.02
2.35
2.69
2.91
2.96
3.70
2.93
2.26
1.74
3.21
6.00
1.20
6.76
13.34
4.81
3.32
1.84
2.55
2.89
3.17
1.57
3.67
7.18
1.75
3.46
5.34
1.87
3.19
4.89
2.37
2.88
3.55
2.71
3.06
2.82
1.32
4.92
11.89
3.39
3.14
2.29
2.75
2.81
2.99
4.17
3.07
2.06
4.36
3.00
2.05
2.80
2.94
2.83
2.91
2.98
2.70
7.23
3.58
1.58
2.26
2.97
3.65
1.43
4.23
8.12
1.57
3.74
6.67