Cofs
1.21
7.41
12.24
1.18
8.48
14.11
2.07
3.18
4.08
2.25
3.99
2.93
4.26
4.03
1.80
2.27
4.16
2.81
2.58
3.73
2.63
2.25
3.43
3.29
1.64
4.12
5.40
9.60
6.11
1.29
3.09
3.26
2.46
2.02
3.51
3.89
1.34
5.54
9.30
1.95
3.79
3.87
2.66
3.35
2.75
1.75
4.03
4.62
2.95
3.68
2.33
3.85
4.08
1.88
3.94
4.00
1.88
3.51
3.66
2.09
1.46
4.79
7.01
2.00
3.61
3.80
2.12
3.58
3.50
2.08
3.49
3.70
1.92
3.70
4.07
2.30
3.39
3.25
1.29
6.30
9.83
3.56
3.51
2.12
2.36
3.29
3.27
2.16
3.71
3.32
1.96
3.50
4.20
2.08
3.40
3.85
6.78
4.95
1.45
2.32
3.87
2.91
2.47
3.38
2.99
1.74
3.93
4.94
2.17
3.23
3.79
2.62
3.63
2.62
3.05
3.40
2.40
1.36
5.44
8.44
1.71
3.89
5.11
1.82
3.90
4.30
1.51
4.66
6.25
1.81
3.79
4.56
2.24
3.26
3.52
2.20
3.76
3.20
2.35
3.59
3.02
1.53
4.54
6.16
4.37
3.47
1.93
2.10
3.61
3.53
7.35
4.63
1.46
1.77
3.79
4.86
2.36
3.09
3.47
3.11
3.67
2.27
3.04
3.50
2.36
2.37
3.44
3.07
2.29
3.20
3.46
1.36
5.46
8.40
1.48
4.57
7.11
4.50
3.92
1.79
1.59
4.55
5.36
1.57
3.82
7.24
1.67
3.78
5.75
5.45
4.26
1.62
4.86
4.12
1.70
1.46
4.80
6.95
3.94
3.34
2.07
2.42
3.38
3.06
3.15
3.73
2.22
1.75
3.67
5.20
2.87
3.09
2.74
2.54
3.15
3.10
1.82
3.79
4.48
1.87
3.59
4.52
3.13
3.37
2.38
1.68
4.08
5.02
1.15
8.46
20.31
2.32
3.35
3.27
2.27
3.08
3.68
1.72
3.89
5.15
3.40
3.33
2.28
7.55
4.62
1.46
2.54
3.35
2.87
2.21
3.68
3.23
2.93
3.39
2.49
1.74
3.79
5.01
2.18
3.30
3.61
1.65
3.77
6.14
3.48
3.59
2.12
2.02
3.57
3.83
1.41
5.03
7.79
1.50
4.48
6.67
2.08
3.57
3.63
2.11
3.27
3.90
1.18
7.79
16.36
2.81
3.45
2.57
1.74
3.91
4.80
2.40
3.27
3.19
2.25
3.35
3.44
2.64
3.32
2.82
3.37
3.66
2.14
2.09
3.41
3.73
2.15
3.53
3.47
2.12
3.56
3.50
2.68
3.37
2.72
4.01
3.54
1.98
7.34
4.74
1.45
2.01
3.43
4.05
1.93
3.55
4.06
2.42
3.43
2.98
1.24
6.63
12.40
1.53
4.41
6.39
1.37
5.02
8.94
1.96
3.50
4.17
2.08
3.45
3.74
1.65
4.16
5.25
1.78
3.67
4.97
2.18
3.34
3.57
2.50
3.21
3.06
2.60
3.55
2.70
4.10
3.75
1.89
3.05
3.44
2.38
9.22
5.25
1.36
1.83
3.63
4.60
2.11
3.49
3.63
4.89
3.88
1.74
2.31
3.47
3.12
1.47
4.72
6.91
1.96
3.58
4.03
3.03
3.38
2.41
1.26
6.57
11.47
1.35
5.35
8.86
1.57
4.04
6.38
2.86
3.32
2.56
2.47
3.42
2.91
1.55
4.35
6.17
1.15
8.93
17.74
2.01
3.40
4.08
2.20
3.50
3.37
3.53
3.60
2.10
2.84
3.66
2.43
2.75
3.25
2.73
2.52
3.20
3.06
3.49
3.47
2.17
1.57
4.43
5.58
3.26
3.45
2.26
2.36
3.34
3.17
1.99
3.46
4.01
1.79
3.58
4.96
2.04
3.41
3.90
2.35
3.40
3.13
2.54
3.44
2.81
3.97
3.75
1.92
1.60
4.00
6.16
4.59
4.00
1.75
1.66
4.26
4.99
3.57
3.46
2.14
1.79
3.73
4.73
2.88
3.24
2.60
8.56
4.90
1.40
2.01
3.54
3.88
1.96
3.62
4.05
1.61
4.16
5.80
1.08
13.09
32.66
1.96
3.47
4.22
2.07
3.36
3.91
2.03
3.58
3.77
2.85
3.41
2.54
2.32
3.24
3.34
5.24
4.28
1.63
2.84
3.52
2.49
2.15
3.33
3.68
3.56
3.65
2.08
2.39
3.32
3.18
2.40
3.44
3.04
1.41
5.33
7.33
6.97
4.75
1.47
2.67
3.32
2.78
1.55
4.26
6.48
3.06
3.54
2.35
2.54
3.53
2.75
2.54
3.17
3.06
1.43
4.73
8.02
2.26
3.93
2.93
1.11
10.66
25.17
3.40
3.76
2.09
3.09
3.27
2.44
2.16
3.62
3.36
2.75
3.20
2.75
3.16
3.29
2.41
2.54
3.48
2.83
5.07
4.40
1.63
2.12
3.46
3.64
1.66
4.29
5.06
2.54
3.55
2.77
2.15
3.41
3.59
1.47
4.77
6.86
2.42
3.35
3.08
2.21
3.54
3.32
1.73
3.71
5.32
3.05
3.45
2.38
2.40
3.71
2.85
1.18
8.09
15.15
2.28
3.60
3.11
1.91
3.61
4.21
1.65
3.96
5.60
4.33
4.02
1.81
1.99
3.35
4.24
2.62
3.57
2.65
3.66
3.96
1.96
3.28
3.72
2.17
1.60
4.27
5.68
3.90
3.47
2.04
2.77
3.28
2.70
1.49
4.63
6.77
1.80
3.82
4.64
1.87
3.76
4.24
2.11
3.48
3.63
1.39
5.41
7.77
1.42
5.11
7.26
7.20
4.85
1.44
2.14
3.24
3.84
2.25
3.76
3.07
1.85
3.63
4.54
2.96
3.34
2.50
2.56
3.58
2.72
2.96
3.15
2.60
2.51
3.41
2.87
13.12
7.22
1.22
1.97
3.60
3.96
2.84
3.70
2.41
3.84
3.72
1.97
1.44
4.81
7.15
1.74
3.82
5.00
2.78
3.51
2.54
1.55
4.42
5.93
1.54
4.54
5.99
1.08
13.00
28.57
2.64
3.22
2.88
2.69
3.20
2.85
1.86
3.81
4.26
1.79
3.69
4.85
1.87
3.66
4.40
3.71
3.70
2.06
11.46
6.23
1.27
3.18
3.75
2.21
2.61
3.54
2.75
5.49
4.60
1.58
1.69
4.26
4.93
2.05
3.65
3.80
2.15
3.61
3.51
2.55
3.77
2.68
1.36
5.58
8.29
2.00
3.82
3.76
1.38
5.72
7.83
2.10
3.83
3.40
2.14
3.62
3.56
1.72
4.04
5.09
2.17
3.63
3.41
1.74
4.26
4.58
1.13
9.84
19.87
2.89
3.48
2.49
8.19
5.33
1.35
3.14
3.65
2.25
2.47
3.50
2.81
2.93
3.48
2.48
3.28
3.54
2.17
6.05
4.35
1.54
1.94
3.61
3.90
1.68
4.02
4.90
1.33
5.84
9.15
1.40
5.15
8.10
1.76
3.82
4.87
1.71
4.12
4.91
1.16
8.27
17.72
1.96
3.46
4.27
2.26
3.54
3.23
2.77
3.40
2.62
1.99
3.51
4.05
1.75
3.82
4.93
2.11
3.50
3.62
6.72
4.92
1.46
2.25
3.40
3.40
1.93
3.62
4.19
9.26
5.70
1.33
3.38
3.59
2.17
1.87
3.64
4.44
4.09
3.74
1.92
3.09
3.26
2.50
1.38
5.36
8.73
1.41
5.26
7.92
3.37
3.31
2.34
1.99
3.84
3.71
2.17
3.35
3.61
2.44
3.38
3.06
12.80
6.84
1.24
2.03
3.48
3.94
1.79
3.73
4.86
2.81
3.17
2.78
2.84
3.41
2.54
2.22
3.30
3.51
2.00
3.55
3.91
1.79
4.05
4.31
1.88
3.63
4.34
3.87
3.84
1.92
1.27
6.30
10.86