Coef
1.31
6.46
8.36
1.46
4.36
8.26
1.92
3.71
3.98
1.28
6.17
10.44
4.52
4.96
1.63
3.24
3.52
2.25
1.31
6.05
9.30
3.35
3.85
2.08
2.33
3.62
2.99
1.60
4.54
5.18
7.65
5.47
1.38
1.62
3.85
6.16
1.25
6.94
11.02
2.90
3.27
2.61
2.96
3.66
2.34
4.61
4.23
1.71
1.40
4.92
8.28
3.70
3.08
2.25
2.13
3.63
3.42
1.39
4.78
8.99
2.10
4.12
3.15
1.35
5.42
8.62
2.23
3.25
3.58
1.75
4.55
4.05
2.61
3.31
2.84
1.56
3.74
7.76
2.22
3.29
3.54
2.42
3.54
2.97
1.79
3.93
4.45
2.14
3.55
3.48
2.12
3.36
3.70
2.15
3.64
3.41
1.45
4.56
7.58
14.08
7.22
1.21
1.53
4.17
7.03
3.68
3.28
2.17
1.95
3.26
4.60
1.71
3.92
5.08
1.46
4.62
7.42
1.89
3.66
4.32
1.41
4.63
8.94
4.09
3.85
1.88
1.70
3.74
5.47
1.57
3.90
6.84
3.11
3.40
2.38
4.34
3.44
1.96
2.15
3.16
4.01
2.57
3.56
2.73
2.24
3.02
3.92
2.40
3.27
3.20
1.36
5.45
8.48
1.95
3.37
4.49
1.99
3.37
4.18
3.04
3.31
2.48
1.18
8.18
14.65
2.00
3.23
4.32
1.65
3.79
5.96
1.56
3.94
7.10
3.58
3.82
2.03
2.28
3.69
3.10
8.84
5.37
1.36
2.14
3.12
4.01
1.27
5.57
14.43
1.94
3.34
4.56
1.63
4.06
5.67
3.16
3.15
2.49
4.09
3.87
1.88
1.30
5.92
10.07
1.71
4.06
4.92
2.14
3.50
3.59
1.93
3.41
4.47
1.44
4.48
8.34
2.04
3.51
3.86
1.76
3.84
4.80
1.80
3.80
4.64
1.12
9.54
28.42
2.27
3.54
3.21
2.25
3.62
3.18
2.53
3.07
3.19
2.03
3.33
4.12
2.25
3.31
3.48
1.35
5.07
10.14
2.29
3.41
3.24
4.37
3.41
1.94
3.78
3.31
2.13
1.94
3.27
4.60
4.57
3.98
1.77
8.84
5.93
1.33
2.24
3.34
3.43
1.64
3.84
6.03
1.17
8.84
15.89
1.55
4.09
6.90
3.76
3.33
2.13
1.16
8.16
19.49
3.85
3.36
2.08
2.30
3.32
3.38
1.75
3.71
5.18
1.47
4.47
7.68
1.72
3.86
5.12
3.36
3.27
2.32
2.23
3.44
3.40
1.86
3.23
5.36
3.46
3.55
2.15
1.34
5.17
10.83
3.01
3.23
2.55
10.05
4.94
1.37
1.67
3.77
5.89
2.03
3.66
3.73
6.48
4.91
1.48
1.66
3.94
5.56
1.37
5.14
8.96
1.51
4.67
6.22
1.59
4.07
6.13
1.64
4.00
5.62
3.20
3.02
2.55
1.22
7.17
13.46
3.10
3.35
2.42
2.23
3.02
3.91
1.62
4.00
6.00
1.69
3.86
5.45
1.90
3.37
4.72
17.70
8.74
1.16
2.73
3.63
2.54
1.25
5.59
17.72
2.17
3.31
3.70
2.50
3.24
3.04
1.83
3.49
4.94
3.39
3.41
2.24
2.39
3.45
3.08
5.25
4.11
1.66
2.41
3.57
2.94
3.26
3.27
2.37
1.75
4.05
4.64
1.65
3.64
6.35
1.80
3.59
4.97
1.16
8.38
18.72
1.74
3.63
5.33
1.18
8.18
15.97
2.01
3.53
3.91
2.60
3.21
2.93
7.94
4.79
1.43
2.75
3.25
2.76
8.27
6.06
1.33
2.38
3.29
3.21
1.39
4.44
11.12
1.52
4.50
6.31
3.84
3.53
2.03
1.96
3.55
4.14
7.91
4.94
1.41
3.55
3.69
2.07
1.78
3.44
5.45
2.20
3.71
3.22
1.53
4.32
6.56
1.87
3.54
4.55
1.13
9.27
21.32
1.60
4.08
5.94
1.28
6.62
9.30
2.96
3.05
2.70
6.67
3.73
1.61
1.72
3.64
5.56
1.44
4.76
7.28
2.20
3.62
3.28
1.50
4.19
7.61
2.35
3.29
3.26
8.25
4.67
1.42
1.94
3.26
4.59
13.17
7.29
1.21
2.60
3.23
2.91
3.04
3.62
2.31
2.81
3.33
2.61
1.46
4.87
6.76
1.73
4.13
4.64
1.10
11.54
25.72
1.51
4.15
7.18
1.19
7.26
16.43
2.80
2.91
2.96
2.06
3.65
3.65
2.72
3.13
2.87
4.71
4.68
1.64
1.89
3.61
4.33
1.92
3.52
4.35
1.78
3.50
5.26
9.47
6.33
1.29
1.86
3.81
4.23
1.12
10.32
21.51
2.26
3.04
3.74
4.19
4.05
1.83
1.64
3.86
6.02
1.35
4.91
11.31
3.01
3.30
2.51
2.77
3.12
2.80
2.00
3.44
4.12
6.89
5.18
1.44
2.89
3.15
2.67
3.48
3.37
2.21
3.48
3.46
2.17
3.38
3.67
2.14
4.19
3.23
2.04
1.21
7.64
12.84
1.64
4.21
5.23
1.88
3.34
4.80
3.04
3.07
2.63
6.25
4.86
1.49
1.80
3.50
5.09
1.54
4.24
6.51
1.05
16.68
39.67
3.30
3.14
2.43
1.61
4.40
5.38
2.67
3.53
2.63
1.51
4.44
6.70
1.36
4.69
11.63
2.85
3.36
2.58
2.10
3.63
3.52
2.18
3.82
3.17
5.20
3.45
1.81
2.72
3.34
2.71
2.02
3.29
4.26
2.04
3.35
4.07
2.12
3.76
3.35
1.73
3.96
4.85
2.72
3.04
2.94
2.20
3.35
3.52
1.12
10.67
21.40
2.45
3.35
3.02
2.53
3.46
2.82
2.20
3.30
3.55
1.25
5.93
14.96
2.67
3.40
2.70
2.30
3.41
3.24
1.29
5.85
11.07
1.88
3.52
4.50
5.68
4.46
1.59
3.98
3.42
2.04
5.67
4.15
1.63
1.51
4.51
6.75
1.78
4.03
4.48
2.37
3.26
3.27
1.34
6.04
8.15
2.06
3.42
3.88
2.30
3.39
3.27
1.59
4.07
6.14
2.27
3.71
3.03
2.30
3.22
3.43
3.21
3.55
2.26
2.86
3.20
2.66
6.70
5.06
1.46
1.41
5.23
7.28
1.45
4.57
8.03
1.13
9.92
20.30
1.83
3.65
4.58
2.22
3.25
3.62
4.69
4.57
1.67
2.15
3.58
3.44
1.41
5.23
7.42
2.84
3.24
2.66
7.13
3.85
1.57
2.00
3.77
3.71
1.10
12.28
25.38
2.95
2.96
2.80
1.94
3.40
4.45
2.20
3.50
3.37
2.18
3.35
3.57
1.71
4.02
4.97
2.64
3.38
2.76
2.38
3.34
3.17
3.17
3.37
2.37
1.63
4.25
5.28
8.87
4.96
1.39
1.78
3.47
5.47
2.93
3.53
2.43
1.08
13.35
27.93
1.51
4.43
6.74
1.63
3.98
5.82
2.16
3.43
3.58
2.65
3.26
2.84
1.23
7.29
12.05
2.82
3.02
2.84
5.21
3.62
1.77
1.53
4.25
6.95
2.03
3.56
3.77
2.01
3.65
3.77
2.03
3.76
3.62
3.23
3.51
2.27
1.99
3.30
4.33
12.87
7.13
1.22
2.43
3.34
3.04
1.66
3.86
5.76
7.38
4.80
1.45
1.64
3.83
6.09
5.38
3.96
1.68
2.06
3.57
3.68
1.70
4.01
5.12
1.09
12.17
26.24
2.68
3.00
3.02
3.75
3.34
2.12
1.58
4.33
5.89
1.07
14.80
33.91
2.17
3.76
3.23
1.62
4.02
5.90
2.61
3.12
3.01
2.64
3.48
2.70
2.74
3.58
2.56
2.45
3.13
3.26
2.68
3.34
2.76
1.91
3.60
4.26
3.06
3.39
2.44
3.49
3.42
2.18
9.48
5.89
1.32
2.51
3.34
2.96
1.74
3.70
5.30
1.12
10.69
21.25
1.79
3.97
4.64
1.73
3.98
4.98
1.09
12.98
28.04
1.83
3.76
4.27
5.86
3.70
1.71
1.81
3.85
4.71
1.40
4.79
7.96
2.26
3.65
3.20
1.70
4.08
5.14
1.80
3.97
4.55
2.44
3.66
2.82
2.17
3.71
3.42
2.32
3.48
3.33
2.51
3.18
3.12
1.92
3.55
4.07
12.45
6.77
1.24
3.12
3.53
2.38
16.86
8.36
1.17
1.60
4.23
5.97
2.89
3.66
2.45
1.77
4.00
4.76
1.65
3.86
5.50
1.09
13.11
27.18
1.38
5.14
8.58
1.79
3.72
4.91
3.71
3.66
2.17
2.02
3.49
4.07
1.13
9.78
20.71
1.46
4.59
7.11
2.52
3.35
2.87
4.98
4.65
1.63
2.64
3.39
2.76
3.02
3.42
2.43
3.01
3.23
2.55
1.22
6.49
16.46
1.83
3.75
4.55
11.89
6.59
1.25
3.28
3.33
2.32
2.08
3.27
4.01
2.01
3.57
3.94
1.94
3.57
4.20
1.65
3.90
5.78
1.62
3.93
6.18
3.08
3.45
2.39
1.14
9.50
20.68
1.57
4.29
6.31
3.18
3.22
2.46
1.10
11.95
26.56
2.11
3.21
4.04
1.16
9.96
15.44
3.51
3.39
2.27
2.52
3.25
3.06
2.03
3.33
4.24
5.49
3.79
1.70
2.00
3.42
4.18
2.19
3.36
3.57
10.31
5.61
1.32
2.31
3.40
3.29
2.03
3.54
3.88
2.19
3.30
3.65
3.34
3.22
2.36
11.81
6.62
1.25
1.20
7.72
14.42
1.52
4.33
6.75
1.62
4.09
5.84
6.63
3.86
1.60
2.09
3.48
3.73
1.76
4.03
4.56
2.01
3.23
4.41