1.166666666666667,1.0455,2.1,1.297333333333333,3.58,1.35,1
3.183333333333334,1.957333333333333,1.333333333333333,2.2975,1.62,5.5,0
1.783333333333333,2.102333333333333,0.7,1.459666666666667,16.25,8.17,0
1.65,4.128,2.15,2.878833333333334,1.97,22.38,2
1.2,1.93,3.783333333333333,3.030666666666667,2.21,5.71,3
5.316666666666666,3.4005,0.8333333333333333,1.184333333333333,1.19,23.41,3
1.733333333333333,1.536166666666667,1.783333333333333,2.878166666666667,2.95,2.48,1
1.75,2.094833333333333,1.616666666666667,1.179,1.35,4.92,0
1.283333333333333,1.361166666666667,3.95,2.355,2.17,3.58,4
0.45,0.949,1.75,1.392,3.24,1.58,2
3.233333333333333,2.692,3,2.1565,5.5,7.7,3
2.483333333333333,1.878333333333333,1.283333333333333,2.271166666666667,3.11,1.62,0
0,1.405333333333333,0.8333333333333333,1.057166666666667,3.58,1.19,3
2.983333333333333,1.724666666666667,3.3,2.677333333333333,2.48,1.35,1
1.7,1.743333333333333,1,1.506333333333333,8.17,2.21,0
0.5,0.6438333333333333,2.45,2.4185,1.62,1.97,2
1.916666666666667,2.052166666666666,0.65,1.016333333333333,1.58,16.25,0
3.033333333333333,2.372333333333334,3.65,2.478666666666666,5.5,3.11,4
0.85,1.158333333333333,0.5833333333333333,1.165,23.41,3.24,0
0.5833333333333333,1.088,2.2,1.7765,4.92,2.17,0
2.233333333333333,2.159833333333333,1.25,1.261333333333333,7.7,5.71,2
2.5,2.1725,1.283333333333333,1.000333333333333,22.38,2.95,0
0.95,1.277166666666667,1.533333333333333,2.637,2.95,1.62,0
1.45,1.992833333333333,3.2,2.856666666666666,5.71,8.17,0
2.266666666666667,3.845166666666667,1.65,1.847166666666667,1.35,22.38,2
2.866666666666667,1.635166666666667,1.516666666666667,2.334666666666667,1.97,5.5,2
4.4,3.6055,0.25,0.8513333333333333,16.25,23.41,1
1.783333333333333,2.241,4.333333333333333,2.452166666666667,2.17,2.48,0
2.1,2.634666666666666,2.7,2.0995,1.19,4.92,2
0.6666666666666666,0.9055,3.45,3.055833333333333,2.21,1.58,2
3.95,3.172166666666667,2.2,2.050166666666667,3.11,7.7,6
3.283333333333333,2.011166666666667,2.416666666666667,3.5195,3.24,3.58,5
2.033333333333333,1.671333333333333,1.666666666666667,2.752333333333334,1.62,1.35,1
0.9166666666666666,1.332333333333333,4.333333333333333,2.414666666666667,3.11,1.97,0
0.8666666666666667,2.103833333333333,2.666666666666667,2.4715,7.7,8.17,0
0.75,1.467333333333333,0.7,0.8111666666666667,23.41,2.21,0
1,1.465666666666667,1.5,1.848,4.92,3.24,0
2.116666666666667,2.2565,0,1.216333333333333,1.58,5.71,0
0.2,0.9245000000000001,0.95,0.9403333333333332,22.38,2.17,0
1.4,1.193333333333333,2.2,1.8055,3.58,16.25,1
1,2.283833333333333,2.683333333333334,1.784666666666667,5.5,2.95,1
1.5,1.8055,1.333333333333333,1.599833333333333,2.48,1.19,2
5.35,2.5485,2.066666666666666,1.484833333333333,1.97,7.7,2
3.416666666666667,2.668,0.3333333333333333,1.169,16.25,4.92,1
2.683333333333334,3.103,1.85,2.1295,5.71,23.41,2
1.566666666666667,1.469666666666666,2.733333333333333,1.653833333333333,8.17,1.58,1
2.566666666666666,1.713333333333333,1.666666666666667,1.873,1.35,5.5,1
3.066666666666666,2.8115,2.516666666666667,2.273,1.19,22.38,1
0.5,0.9568333333333334,3.05,1.842666666666667,2.17,1.62,2
3.216666666666667,1.879333333333333,2.766666666666667,2.752666666666666,2.21,3.58,1
3.8,2.103,1.2,2.012833333333333,2.95,3.11,0
1.2,2.008666666666667,4.816666666666666,3.451333333333333,3.24,2.48,3
1.783333333333333,1.771333333333333,2.8,1.459166666666667,3.11,1.35,2
1.333333333333333,1.350666666666667,1.65,1.692833333333333,7.7,1.58,0
1.083333333333333,1.325833333333333,1.366666666666667,1.268833333333333,2.48,16.25,1
0.8333333333333333,1.241833333333334,2.166666666666667,1.221,1.97,2.95,0
1.4,2.108333333333333,0.25,0.8685,23.41,8.17,1
2.516666666666667,2.382333333333333,1.733333333333333,2.106833333333333,1.62,1.19,2
0.65,1.485333333333333,2.433333333333334,2.142333333333333,3.58,5.71,1
1,1.0805,2.133333333333333,1.725333333333333,5.5,2.17,1
1,1.601,0.75,1.576333333333333,4.92,2.21,0
1,1.159333333333333,1.25,1.521,22.38,3.24,0
2.483333333333333,2.099333333333333,1.483333333333333,1.580166666666667,1.19,5.5,1
0.8333333333333333,0.983,1.983333333333333,1.407333333333333,1.35,1.97,1
2.366666666666667,2.6765,2.166666666666667,2.142166666666667,1.58,23.41,3
2.833333333333333,1.529666666666667,2.533333333333333,1.974833333333333,8.17,3.58,1
2.983333333333333,2.620666666666667,0.5333333333333333,0.9856666666666667,16.25,22.38,0
1.25,1.419833333333333,2.233333333333333,1.887166666666667,2.21,2.48,2
4.366666666666667,2.334166666666667,0.75,1.153666666666667,2.95,7.7,2
1.416666666666667,0.9703333333333333,4.5,2.916333333333333,3.24,1.62,2
2.733333333333333,1.747666666666667,2.416666666666667,2,5.71,4.92,1
2.1,1.191666666666667,2.916666666666667,1.987333333333333,2.17,3.11,0
0.45,1.5175,2.033333333333333,1.9,3.58,1.58,0
3.333333333333333,1.830333333333333,2.9,2.685166666666667,1.97,2.17,2
2,1.702666666666667,0.5,1.055333333333333,22.38,2.21,2
2.066666666666666,1.996,3.416666666666667,1.893166666666667,3.11,1.19,2
0.7833333333333333,1.143333333333333,1.366666666666667,1.529,1.62,16.25,5
0.8333333333333333,1.296,2.483333333333333,1.496833333333333,2.48,5.71,2
0.25,0.8148333333333333,1.533333333333333,1.267833333333333,5.5,3.24,2
1.833333333333333,1.465166666666667,0.75,1.245666666666667,4.92,8.17,3
3.066666666666666,3.0055,0.25,1.3485,7.7,23.41,1
3.366666666666667,2.963166666666667,1.533333333333333,1.338,2.95,1.35,0
1.316666666666667,1.256166666666667,2.866666666666667,2.4515,2.21,1.62,0
1.783333333333333,1.972333333333333,0.75,1.3585,23.41,3.58,2
2.283333333333333,2.2975,0.2,1.286,16.25,5.5,1
2.266666666666667,1.895,2.033333333333333,2.511833333333334,8.17,2.48,0
2.45,2.9285,2.483333333333333,2.253,5.71,22.38,0
2.033333333333333,1.9385,2.65,2.456833333333333,1.58,4.92,1
2.316666666666666,1.869833333333333,1.533333333333333,1.278333333333333,1.35,7.7,0
0.7,1.334333333333333,1.65,1.2145,2.17,2.95,1
1.5,1.121,3.016666666666667,2.364166666666667,3.24,3.11,0
1.283333333333333,0.7843333333333333,1.783333333333333,1.5335,1.19,1.97,3
1.166666666666667,2.184333333333333,2.666666666666667,1.726833333333333,1.97,3.24,0
3.616666666666667,1.924333333333333,0.9833333333333334,1.053833333333333,1.35,2.17,0
2.7,1.811666666666667,0.6666666666666666,1.0635,22.38,8.17,0
1.5,1.512333333333333,2.616666666666667,1.828,2.48,1.58,0
2.183333333333334,2.053166666666667,0.8333333333333333,1.3065,7.7,3.58,1
1.416666666666667,1.163,2.116666666666667,2.551833333333333,5.5,2.21,2
2.866666666666667,2.7755,2.816666666666666,2.541,3.11,16.25,1
1.116666666666667,1.707,2.066666666666667,1.949,1.62,5.71,2
2.483333333333333,3.2375,2.75,1.594666666666667,4.92,23.41,2
2.316666666666666,1.2965,2.2,1.6515,2.95,1.19,1
0.9,1.191166666666667,3.2,2.9775,8.17,1.62,0
1.033333333333333,2.244166666666667,1.2,1.953666666666667,5.71,5.5,0
1.65,1.473166666666667,0.5833333333333333,0.463,2.17,7.7,1
2.45,2.657,0.3333333333333333,1.316166666666667,16.25,1.97,0
1.133333333333333,1.462333333333333,1.7,1.3175,1.19,1.35,0
1.033333333333333,1.456166666666667,2.066666666666666,2.475166666666667,3.58,4.92,1
0.5833333333333333,0.8125,1.9,2.691166666666667,3.24,2.95,2
1.4,1.428,0.9166666666666666,1.448166666666667,23.41,2.48,0
0.5,0.6971666666666667,1.15,2.019666666666667,2.21,3.11,2
1,0.9615,1.666666666666667,2.671,1.62,1.58,0
1.65,1.858333333333333,0.7,0.8973333333333333,1.35,3.24,0
1.1,2.093166666666667,1.566666666666667,2.235,5.5,8.17,1
1.733333333333333,1.078,0.95,0.7875000000000001,2.17,1.19,1
1.066666666666667,1.478,1.4,0.9363333333333334,1.97,2.21,0
1.066666666666667,1.753,0.9833333333333334,1.706333333333333,3.11,5.71,2
2.333333333333333,2.124333333333333,2.083333333333333,1.828,2.95,16.25,0
3.366666666666667,5.591666666666667,0.5,0.9216666666666666,22.38,23.41,3
1.15,1.223166666666667,1.783333333333333,1.189166666666667,7.7,4.92,1
1.033333333333333,1.472166666666667,2.9,3.9755,2.48,3.58,3
1.2,1.801166666666667,0.7,1.089,16.25,1.35,0
1.483333333333333,0.7523333333333333,1.616666666666667,1.2895,7.7,1.19,1
3.266666666666667,2.0775,2.166666666666667,3.1775,3.24,2.17,2
0.6666666666666666,1.431666666666667,2.75,2.320333333333333,8.17,3.11,5
1.7,1.880666666666667,0.7833333333333333,1.232166666666667,1.58,5.5,0
0.25,1.158833333333333,0.4,1.223333333333333,23.41,1.62,0
1.6,2.5295,0.25,1.445166666666667,5.71,1.97,0
0.75,1.350333333333333,1.1,2.499333333333333,4.92,2.48,1
2.266666666666667,2.903999999999999,1.733333333333333,2.2275,3.58,22.38,2
1.366666666666667,1.3165,1.166666666666667,2.239666666666666,2.21,2.95,1
0.4,1.2895,1.25,1.6345,1.35,2.21,0
1,1.5085,2.333333333333333,1.756666666666667,1.19,3.24,0
1.083333333333333,1.3485,2,2.609666666666667,22.38,4.92,1
1.45,1.414666666666667,1.083333333333333,0.8973333333333333,2.17,16.25,1
1.65,2.037333333333333,2.5,2.8315,2.48,7.7,2
2.2,1.976,1.9,2.159333333333334,1.62,3.58,1
1.833333333333333,1.431,1.25,1.691,1.97,8.17,0
2.066666666666666,2.897666666666666,0.7,1.484166666666667,2.95,5.71,1
3.9,4.650166666666667,1.233333333333333,1.182,5.5,23.41,4
1.1,0.8593333333333333,2.366666666666667,2.077166666666667,3.11,1.58,2
1.666666666666667,2.391,0.8666666666666667,1.223166666666667,1.35,5.71,2
1.25,1.393,0.9,1.470666666666667,2.95,8.17,3
3.783333333333333,2.650666666666667,0.25,1.133166666666667,16.25,1.19,1
0,1.595666666666667,0.3333333333333333,2.477666666666667,4.92,1.62,1
1.866666666666667,1.575,4.566666666666666,3.656833333333334,3.24,7.7,1
1.333333333333333,1.305666666666667,0.8666666666666667,1.533,1.97,1.58,2
1.083333333333333,2.005166666666667,1.916666666666667,2.106833333333333,22.38,2.48,1
1.916666666666667,1.384333333333333,2.583333333333333,1.202666666666667,5.5,3.58,2
4.55,3.553166666666666,2.5,2.284,3.11,23.41,5
0,0.8456666666666668,1.283333333333333,1.448333333333333,2.17,2.21,1
1.8,1.945166666666667,1.333333333333333,2.3765,5.71,2.17,1
0.5,1.551333333333333,5.016666666666667,2.440333333333333,2.48,1.62,2
4,3.123333333333333,1.783333333333333,2.881166666666667,7.7,22.38,4
2.95,2.1655,1.283333333333333,1.677666666666667,2.21,1.19,0
1.766666666666667,1.8445,0.75,2.244333333333333,4.92,5.5,2
0.7833333333333333,0.9860000000000001,2,1.8905,1.58,2.95,2
1.25,2.297166666666667,0.7,1.127666666666667,16.25,3.24,0
1.733333333333333,3.172666666666667,2.183333333333334,1.530333333333334,8.17,1.35,1
1.533333333333333,1.561833333333333,0.6666666666666666,0.8450000000000001,23.41,1.97,1
2.25,1.489,1.2,2.506333333333333,3.58,3.11,2
1.783333333333333,2.029833333333333,3.866666666666667,2.1435,5.5,2.48,0
2.1,1.859666666666667,1.283333333333333,1.913666666666667,2.17,8.17,1
3.116666666666667,2.674666666666667,4.266666666666667,2.907166666666667,3.11,4.92,1
2.816666666666666,2.3365,2.066666666666666,2.228333333333333,1.97,3.58,1
4.733333333333333,3.3945,2.516666666666667,2.148166666666667,1.62,22.38,2
2.866666666666667,1.501833333333333,1.566666666666667,1.735333333333333,1.35,1.58,0
4.266666666666667,2.618166666666666,2.75,1.431666666666667,2.95,23.41,1
1.816666666666667,2.133333333333333,0.7333333333333334,1.169666666666667,1.19,5.71,0
1.733333333333333,1.8255,0.3333333333333333,0.911,16.25,7.7,0
0.3333333333333333,1.131666666666667,3.733333333333333,3.7105,3.24,2.21,0
1,1.1555,2.033333333333333,2.753833333333334,5.71,3.24,0
2.033333333333333,1.502833333333333,1.916666666666667,1.33,4.92,1.97,2
1.95,2.1485,0.95,1.019,2.21,16.25,1
3.083333333333333,1.567333333333333,1.766666666666667,1.851166666666666,1.58,2.17,1
3.816666666666666,2.4335,1.783333333333333,1.762,22.38,5.5,2
2.45,2.739,3.033333333333333,1.5145,8.17,1.19,0
1.033333333333333,2.0215,1.233333333333333,1.041833333333333,23.41,1.35,0
1.366666666666667,1.312166666666667,1.916666666666667,1.924833333333333,3.58,2.95,2
1.916666666666667,1.682333333333333,2.533333333333333,2.383833333333333,7.7,1.62,1
2.266666666666667,1.177833333333334,5.316666666666666,2.730333333333333,2.48,3.11,1
1.15,0.5673333333333334,0.7,1.710666666666667,1.19,1.58,0
1.683333333333333,2.469166666666666,0.95,1.8725,3.24,8.17,2
1.833333333333333,1.756166666666667,0.7833333333333333,1.333166666666667,2.17,23.41,2
0.7,1.388833333333333,1.733333333333333,2.234833333333333,1.97,2.48,0
1.95,2.774166666666667,1.033333333333333,0.8188333333333333,2.21,7.7,2
1.866666666666667,1.036,3.9,3.594833333333333,5.5,1.62,0
0.65,1.147166666666667,0.2,0.5801666666666667,16.25,5.71,0
2.233333333333333,2.662166666666666,2.683333333333334,1.906666666666667,2.95,4.92,1
5.566666666666666,4.4085,2.083333333333333,2.298666666666667,3.11,22.38,5
2.483333333333333,2.577333333333334,0.65,1.248833333333333,1.35,3.58,0
5.466666666666667,3.562,2.233333333333333,1.7175,1.58,22.38,3
1.816666666666667,1.2325,2.483333333333333,1.527,2.48,2.95,0
1.783333333333333,1.273,3.066666666666666,1.425,3.58,2.17,0
1.866666666666667,1.064333333333333,2.4,1.927333333333333,22.38,1.97,0
0.75,0.8241666666666667,2.75,2.0105,1.58,3.24,0
2,2.109666666666667,0.45,0.8035,23.41,1.19,1
1.7,1.3235,2.066666666666666,1.215833333333333,4.92,1.35,0
0.5,1.065666666666667,1.7,1.444666666666667,5.71,2.21,1
3.816666666666666,2.331666666666667,1.883333333333333,1.330333333333333,7.7,5.5,1
2.183333333333334,1.482,1.95,1.652666666666667,8.17,16.25,5
2.733333333333333,1.9175,3.4,2.950333333333333,1.62,3.11,2
5.25,3.927,1.033333333333333,1.991166666666667,2.95,22.38,0
1.7,1.609166666666667,3.25,2.36,1.19,3.58,0
0,1.309833333333333,0.5,0.8091666666666667,1.35,2.48,0
2.416666666666667,2.308166666666667,1.566666666666667,1.705166666666666,5.71,7.7,1
2.116666666666667,2.392666666666667,2.116666666666667,0.8961666666666668,2.21,8.17,1
1.283333333333333,1.679166666666667,1.866666666666667,1.966833333333333,2.17,4.92,0
0.3333333333333333,1.328666666666667,1,0.7598333333333334,16.25,1.58,0
3,1.854,1.866666666666667,1.630833333333333,3.11,5.5,0
3.866666666666667,2.762833333333333,0.6666666666666666,2.037166666666667,3.24,23.41,1
0.65,0.9398333333333333,2.45,2.575833333333333,1.97,1.62,0
1.583333333333333,1.531833333333333,1.15,1.498,4.92,1.19,2
1.166666666666667,1.339166666666667,1.916666666666667,1.752666666666667,8.17,5.71,0
0.7,1.508166666666667,1.95,1.419833333333333,2.48,2.17,1
0.5833333333333333,0.9828333333333333,3.35,2.150833333333333,1.58,2.21,0
2.25,1.9535,1.35,1.393166666666667,22.38,1.35,1
1.15,0.8863333333333334,2.516666666666667,3.134166666666666,1.62,2.95,1
4.366666666666667,2.698666666666667,0.8333333333333333,1.166833333333333,23.41,16.25,0
1.15,1.652166666666667,1.666666666666667,1.987,5.5,1.97,1
1.616666666666667,1.643166666666667,1.283333333333333,1.477166666666667,7.7,3.11,0
0.75,1.103333333333333,1.65,1.652166666666667,3.58,3.24,1
0.5,1.213,1.5,1.295,1.19,2.48,0
3.1,2.6475,1.4,1.677,2.17,22.38,2
2.233333333333333,1.312166666666667,1.45,1.3335,8.17,7.7,2
0.5,1.452166666666667,1.75,1.3935,1.35,1.62,1
2.733333333333333,2.040333333333333,2.233333333333333,1.213,2.21,23.41,2
1.85,1.683833333333333,0.7,2.062,2.95,5.5,1
1.5,1.276,1,0.958,16.25,3.58,0
0.45,0.9345,1.733333333333333,2.061333333333333,3.24,4.92,2
1.2,1.388,1.983333333333333,1.828166666666667,5.71,1.58,0
1.1,1.303166666666667,2,1.977166666666667,1.97,3.11,3
1.083333333333333,1.497,0.9833333333333334,2.134333333333333,1.62,2.17,1
0.5833333333333333,1.144333333333333,2.083333333333333,1.2815,2.48,3.24,1
1.083333333333333,1.207333333333333,0.45,1.268833333333333,7.7,1.97,1
1.083333333333333,1.8845,1.733333333333333,1.809833333333333,5.5,1.35,2
1.583333333333333,1.869833333333333,1.166666666666667,1.032666666666667,3.11,2.95,0
1.316666666666667,1.807,2,1.504333333333333,1.58,8.17,1
1.65,1.4015,0.45,0.8353333333333334,23.41,5.71,0
3.5,2.148333333333333,0.9166666666666666,1.177,4.92,16.25,1
0.2,0.7963333333333333,2.083333333333333,1.717833333333333,3.58,2.21,0
2.116666666666667,1.0845,1.083333333333333,1.2965,22.38,1.19,3
1.583333333333333,1.689666666666667,3,2.209833333333333,1.19,1.62,1
4.416666666666666,3.082,1.866666666666667,2.101333333333334,3.24,22.38,3
0.5,1.442333333333333,1.7,2.575,5.71,3.58,1
2.116666666666667,2.697166666666667,1.666666666666667,1.434166666666667,8.17,23.41,2
1.283333333333333,1.4335,2.083333333333333,1.428666666666667,2.95,1.97,0
2.866666666666667,2.044166666666666,1.966666666666667,1.315,1.58,7.7,1
1.333333333333333,1.089166666666667,1.916666666666667,1.8695,2.17,5.5,0
1.666666666666667,1.807833333333333,1.366666666666667,1.936666666666667,2.21,4.92,0
0.75,1.246833333333333,1.25,1.340833333333333,16.25,2.48,0
2.5,1.115833333333333,1.583333333333333,1.047666666666667,1.35,3.11,1
0.5,1.169,1.533333333333333,1.193333333333333,2.48,2.21,2
0.8666666666666667,1.757166666666667,2.15,2.032666666666667,1.97,1.35,0
1.733333333333333,2.762,1.45,1.641,3.58,8.17,0
0.7833333333333333,1.374166666666667,0.65,1.401,3.11,2.17,0
1.066666666666667,1.5355,1,2.312,23.41,1.58,1
0.5333333333333333,0.9618333333333333,1.033333333333333,1.711166666666667,1.62,3.24,1
1.583333333333333,1.533666666666667,1.45,1.537166666666667,22.38,16.25,1
2.4,1.346666666666667,1.366666666666667,1.233166666666667,5.5,1.19,0
0.7,1.2145,0.3333333333333333,1.175666666666667,7.7,2.95,0
1,1.647,1.233333333333333,1.474166666666667,4.92,5.71,3
2.683333333333334,1.932333333333333,4.333333333333333,3.422499999999999,1.19,3.11,1
1.4,1.274833333333333,3.566666666666666,2.317666666666667,8.17,4.92,2
1.983333333333333,1.920166666666667,1.166666666666667,1.888,23.41,7.7,1
2.95,2.296666666666666,2.65,3.049833333333333,3.24,5.5,1
2.333333333333333,1.844333333333333,2.483333333333333,1.741166666666667,1.58,3.58,0
1.75,2.000833333333333,1.333333333333333,1.448333333333333,5.71,2.48,3
1.45,1.3935,1.9,2.159166666666667,2.17,1.97,1
2.033333333333333,2.1425,1,2.051833333333334,16.25,1.62,0
0.4,1.331333333333333,1.783333333333333,1.273333333333333,1.35,2.95,0
3.4,3.705833333333333,1.9,2.142333333333333,2.21,22.38,2
1.7,2.5175,2.116666666666667,1.022,2.48,8.17,0
2.9,2.8355,0.75,2.016,3.58,23.41,2
1.233333333333333,1.644666666666667,2.45,2.782,4.92,1.58,1
0.2,1.313666666666667,1.433333333333333,1.300333333333333,2.95,2.17,1
0.9,1.263333333333333,1.2,1.813333333333333,7.7,1.35,2
2.25,2.27,1.433333333333333,1.590833333333333,22.38,5.71,1
2.283333333333333,1.580333333333333,0.4,0.8466666666666667,5.5,16.25,0
0.85,0.9966666666666666,0.6,1.621333333333333,1.97,1.19,2
1.416666666666667,1.291,2.283333333333333,1.692,1.62,2.21,0
0.5333333333333333,1.1645,0,0.8926666666666666,3.11,3.24,0
1.75,2.190333333333333,1.95,1.644333333333333,1.58,2.48,0
1.333333333333333,1.091333333333333,0.8333333333333333,0.9845,2.17,1.35,1
1.283333333333333,1.680166666666667,1.533333333333333,2.525333333333333,3.58,7.7,1
0,0.8238333333333333,2.283333333333333,2.178166666666667,1.19,2.95,2
3.083333333333333,2.4895,1.916666666666667,2.080666666666667,2.21,5.5,0
1.333333333333333,0.9755,1.933333333333333,2.9835,3.24,1.97,4
1.533333333333333,1.872166666666667,1.75,1.431166666666667,16.25,3.11,0
1.2,1.713166666666667,1.95,1.386333333333333,5.71,1.62,3
1.066666666666667,2.684666666666667,1.45,1.665333333333333,1.62,8.17,1
0.2,0.6711666666666667,0.7833333333333333,1.644666666666667,2.95,3.24,1
1.933333333333333,2.1365,1,0.9538333333333333,5.5,5.71,1
1.966666666666667,2.194833333333333,2.116666666666667,1.959666666666667,4.92,3.58,1
0.7833333333333333,0.9974999999999999,1.083333333333333,1.365333333333333,22.38,1.58,1
0.3333333333333333,0.7116666666666667,1.666666666666667,1.2975,7.7,2.17,0
0.6666666666666666,1.804666666666667,0.7333333333333334,0.9079999999999999,1.35,1.19,1
0.95,1.313333333333333,0.6666666666666666,1.262666666666667,1.97,16.25,1
2.816666666666666,2.758,0.9,1.281166666666667,2.48,23.41,4
1.65,1.115333333333334,0,0.8416666666666667,3.11,2.21,1
2.45,2.135166666666667,2.3,2.294833333333333,8.17,5.5,0
0.25,1.102833333333333,1.616666666666667,2.078166666666667,1.19,2.17,4
1.45,1.797333333333333,3.35,1.9975,5.71,3.11,0
1.6,2.291666666666667,3.033333333333333,3.889166666666667,3.58,2.48,1
0.7833333333333333,1.819666666666667,1.933333333333333,2.0315,4.92,7.7,0
1.783333333333333,1.0465,1.65,2.154166666666667,2.21,1.97,3
1.166666666666667,1.713166666666667,0.75,0.8268333333333334,16.25,2.95,2
1.533333333333333,1.741666666666667,2.283333333333333,2.686,3.24,1.35,1
2.033333333333333,2.406666666666666,2.116666666666667,3.053333333333333,23.41,22.38,2
2.25,1.8735,1.5,1.714666666666667,1.58,1.62,3
2.733333333333333,2.687666666666667,2.366666666666667,2.963,23.41,4.92,1
2.316666666666666,2.2525,1.066666666666667,1.631,8.17,22.38,2
0.45,1.273,3.033333333333333,2.1695,1.19,7.7,1
0.3333333333333333,1.659833333333333,0.75,1.284,2.17,3.24,0
0.3333333333333333,1.450333333333333,0.5333333333333333,1.943,1.35,16.25,1
1.783333333333333,1.537666666666667,0.7333333333333334,2.133833333333333,1.97,5.71,1
2.083333333333333,2.366333333333333,1.333333333333333,1.050666666666667,3.11,8.17,2
0.5333333333333333,1.555333333333333,1.333333333333333,1.541166666666667,5.5,1.58,2
1.483333333333333,1.883333333333333,2.616666666666667,2.337666666666667,22.38,3.58,0
2.233333333333333,2.3635,1.833333333333333,2.254666666666667,2.48,4.92,4
0.8333333333333333,1.394166666666667,0.5333333333333333,1.323833333333333,2.95,2.21,1
4.566666666666666,3.338166666666667,0.5833333333333333,1.541666666666667,1.62,23.41,4
0.5833333333333333,1.730833333333333,1.883333333333333,1.8205,3.24,1.19,2
0.7833333333333333,1.714,3.5,3.295833333333333,2.21,1.35,1
3.3,1.203833333333333,2.066666666666666,1.886,8.17,1.97,0
1.5,1.2715,3,2.4985,1.58,3.11,2
4.566666666666666,2.5165,2.866666666666667,2.562833333333333,4.92,22.38,2
4.6,2.9825,4.533333333333333,2.811166666666667,3.58,1.62,2
1.833333333333333,1.504166666666667,0.6666666666666666,1.1465,16.25,2.17,2
3.316666666666666,3.1025,2.85,0.9700000000000001,5.71,2.95,1
1.833333333333333,2.182666666666667,0.5333333333333333,1.2225,7.7,2.48,1
